year;month;day;hour;NO2;NOx;O3;PM10;PM25;SO2;NO
2016;1;1;0;10.08;25.08544;-999;23.9800751508616;21.2789261126761;-999;-999
2016;1;1;1;7.85447209106552;9.39770940148926;60.4112357363414;31.4656838036899;30.9412851239237;7.06893359714229;1.00649420821046
2016;1;1;2;7.22191560788566;8.5842681751709;55.7439681090178;33.2342925945691;32.8417455558777;5.55246374359852;0.888521784207473
2016;1;1;3;8.13620171776475;9.51059389782715;54.2626741821454;38.8530193844499;38.2469364467489;6.22288333428645;0.896373979360782
2016;1;1;4;9.7887050766802;11.4524977188873;51.2147554738981;42.5678767050425;41.9274387019475;6.07990319497262;1.0851199920671
2016;1;1;5;11.4488594184584;13.1889760036469;46.8666549630373;48.2858131458283;47.4508213565191;5.61125278194826;1.13489821220187
2016;1;1;6;12.0201610429603;13.759822715332;42.5579383385397;52.6518529795329;51.7565779003143;5.40355085359585;1.13460151958553
2016;1;1;7;10.0123898334147;11.4871431240234;42.2453948736911;49.0195224510193;48.2895854260762;5.03082508554749;0.961829159722353
2016;1;1;8;9.15655938715055;10.6764550948486;39.7559036295345;51.8168731842041;51.1354398583094;4.56929725235724;0.991270893043682
2016;1;1;9;9.15735497882923;11.1142265985107;38.6273300016268;54.2574292072296;53.4057419054667;4.45757471160283;1.2762651201584
2016;1;1;10;8.62692422614723;11.190094715332;40.2878027719284;54.0433186743418;53.2367395739237;4.38402469016627;1.67169121339615
2016;1;1;11;8.31764837906727;11.1579730949097;39.963641965657;57.817998167038;56.9213583333333;3.54774053083741;1.85245027230935
2016;1;1;12;7.13494812207703;9.56841280291748;44.6649437673543;52.5391805753072;51.7461100584666;3.68594061146379;1.58709751935567
2016;1;1;13;6.60207996312931;9.36711744525146;51.4876683691108;45.9401563256582;45.0738168410619;4.59312308101195;1.80334819048448
2016;1;1;14;5.73399371028494;7.57626175183105;57.4695883353896;40.4292883845011;39.8374509175618;4.57062396802275;1.20152105010879
2016;1;1;15;5.26953495963324;6.46883135766601;59.6319108182471;37.8499044459025;37.4501478160858;4.34699401852583;0.78217709641573
2016;1;1;16;5.40998998900866;6.51502529925537;59.0083406959053;38.3726892456055;37.8236069381714;4.25566809183793;0.720700330479941
2016;1;1;17;5.58059896526128;6.41315392700195;60.209676382349;40.0805416666667;39.5659670154571;4.38190925944338;0.542989559252413
2016;1;1;18;6.50711573375838;7.17795389782715;59.1089864528358;43.9967319948832;43.3670805430094;4.05790498160794;0.437518405122257
2016;1;1;19;7.0115343771408;8.04003646716309;57.5142075675719;44.7359741388957;44.1320645283381;3.98388373989144;0.670785620427714
2016;1;1;20;7.12131341506445;8.00210236499023;57.3514754500327;43.1600753665924;42.5852134819667;4.36812662246444;0.574447604894062
2016;1;1;21;7.21174252229281;8.45272258392334;57.1434329849031;48.3228676556905;47.0687516983668;4.22261567473407;0.809363042287279
2016;1;1;22;8.84651187579153;10.1380358248291;56.2943714184483;57.3210344970703;56.2321807362239;4.52916787751854;0.842327596469584
2016;1;1;23;7.8899671160177;9.37109436499023;56.5781060331869;54.1717510826111;53.6389006331762;4.42584017836405;0.96598623403177
2016;1;2;0;7.23185702601561;8.1700525109253;55.0087635265035;52.7668723230998;51.9505672998428;4.2154779243214;0.611887954854803
2016;1;2;1;7.64562510414774;8.6996;53.8602299121085;54.097475;53.5072107104619;4.48697203135552;0.687398899125402
2016;1;2;2;7.16219198369002;8.09265475909424;55.8322627909982;51.88662225914;51.2924551030477;4.57816036502347;0.606844707598882
2016;1;2;3;7.30457848590681;8.34381500732422;54.5340968148386;51.5075280434926;50.8156695481618;4.65070267809255;0.677786580652465
2016;1;2;4;7.03998884813408;8.27008832116699;53.8346128804633;45.5781640537262;45.3478333977381;4.6122102157385;0.802266758824291
2016;1;2;5;6.74394099899886;7.78275770806884;50.2928161635526;49.1783029327393;48.8899565249761;3.9532235843495;0.677512780444701
2016;1;2;6;9.78327005623136;11.2280288612671;42.1833161605544;60.6926431798299;59.9787612336477;3.64022296530885;0.942266856631563
2016;1;2;7;9.43512358327072;10.7385568466797;46.5824829084765;57.3968198380788;56.5629252388;4.773445402575;0.8500948114388
2016;1;2;8;9.16785006688137;10.6847149196777;41.3332054342497;59.0476657587687;58.3138956589381;3.75506715802117;0.989294179621895
2016;1;2;9;10.0897632870429;12.3672749342651;40.0693210070993;60.4631075361888;59.518014987119;4.25492759845238;1.48538547284841
2016;1;2;10;13.2403343274292;16.517079532959;38.1731977370629;70.882753252538;69.2186717508952;4.32302272228247;2.13708225486177
2016;1;2;11;10.4766311116025;14.0348448320923;40.0294267138753;73.4083151831309;71.5335457877477;4.17568794254953;2.32065507816461
2016;1;2;12;7.94668239037572;10.0254572700806;51.5682242352877;60.8282857715607;59.7420566349665;4.56141737240755;1.35577001830123
2016;1;2;13;8.83637581035368;10.9866579707642;50.4562005975754;62.7175534568787;61.6812765051524;3.8645417545261;1.40240682742253
2016;1;2;14;9.13321141647922;10.8762208320923;50.0320828911003;61.5018026129405;60.546210012881;3.55058301774826;1.1367849065217
2016;1;2;15;9.53935587917834;11.0876115182495;49.3151606280757;65.3990465259552;63.2620627655665;3.38588185607519;1.00976714535656
2016;1;2;16;9.60729494231045;11.0845523503418;50.4473469242193;59.198901163737;55.648017557462;2.98170535296714;0.963462336723375
2016;1;2;17;12.0037689852758;13.828654715332;46.003327131694;62.4777903921763;59.6353542310715;2.10300719314155;1.19018436473857
2016;1;2;18;12.1522340396251;13.7365728175049;38.0688095330413;57.0452225617727;56.3127144371668;1.81252661368652;1.03330044770713
2016;1;2;19;14.0856975696483;15.5424183942871;27.8867207562108;62.693410055542;62.2754010463715;1.83926225238082;0.95006844577645
2016;1;2;20;18.6260471749004;20.8311635328369;18.9672706520543;70.6409771184286;69.8176928606669;2.44317684379533;1.43816950750359
2016;1;2;21;18.1879301746091;20.6598483503418;20.7515604382015;63.7502127792358;62.2767518083572;2.95025230642589;1.61217676000974
2016;1;2;22;8.85053582598;10.0942892263184;35.8137334864454;49.8784787127177;47.6242133263906;4.25318093653547;0.811171804509379
2016;1;2;23;8.0393885141987;9.288496;46.6940269947943;52.0021447101593;48.1214270551046;7.09940585846279;0.814663721126682
2016;1;3;0;6.13828967068051;7.15929278833008;55.7448129813126;41.6681771184286;39.642279496638;9.02505638033937;0.665894815747395
2016;1;3;1;5.90365936642274;6.79738944525147;56.670987878949;36.6686927024841;36.1948718153;8.96664062269871;0.582887765846976
2016;1;3;2;5.53016976382734;6.15128640875244;58.7385710416666;45.0260377152761;38.879828101476;9.74859052682033;0.405090196768619
2016;1;3;3;5.11299651910793;5.86096839410401;61.256182421391;49.0181810869853;40.226105355231;12.3947973702013;0.48782475320089
2016;1;3;4;4.87036649190487;5.63642306567383;62.0303803928066;42.413791157341;37.0387010651906;11.2787828600119;0.499619533206011
2016;1;3;5;8.13758213142923;9.03366461315918;58.262181530687;39.1196793130573;35.7012300754012;12.879904556599;0.584421995145004
2016;1;3;6;7.71629742274712;8.77516230651855;58.7859188524204;36.636597336268;34.9588606279664;13.7917566465999;0.690588132878123
2016;1;3;7;4.29690187133332;4.89395518249512;60.6875198412752;33.6493978548379;34.2335351239237;9.42949879581224;0.389396171034916
2016;1;3;8;4.62283470301206;5.53944646710205;61.3211441282136;35.4336602302551;36.0684158135096;8.56753264126595;0.59781112438296
2016;1;3;9;4.66386069879981;5.50028864233398;58.7944557463244;38.3681619820913;39.0135443925857;7.1952712883439;0.545515505014183
2016;1;3;10;4.46869832069885;10.0058785254517;59.3664712199725;39.7737116794586;40.3831204389572;7.20570806740866;3.79581229213017
2016;1;3;11;4.4083095498428;6.00750392706299;59.3266803022249;40.6744170972188;41.2561574613571;6.77654484412632;1.04298921987112
2016;1;3;12;4.88167336638686;6.13293118249512;59.7734542942316;40.605506150945;41.1697148127238;6.13756113309749;0.816066159355125
2016;1;3;13;5.18813719933798;6.76526789776612;61.2376433279041;39.8010414279938;40.3150804974238;6.30799315779155;1.02859936241626
2016;1;3;14;4.30270038698257;5.55321280291748;62.5562623717877;38.8595931969961;39.3208212653478;5.42048005272515;0.815580011857128
2016;1;3;15;4.45226638735062;5.58380486126709;64.7843559201109;39.2878139429728;39.6740206321716;5.81850032911054;0.737985605111842
2016;1;3;16;4.90125310200027;5.80253754748535;65.8864430472588;40.0424814535777;40.4621343797048;5.29812367687425;0.587814698493668
2016;1;3;17;5.72370546698758;6.34768697814942;65.6208004778224;41.9347673358917;42.1474287078857;5.36807736790889;0.406958652938706
2016;1;3;18;5.06337725771869;5.74104770800781;64.3058198385081;43.0130315003713;43.1096098384857;4.60893732394353;0.441974399325597
2016;1;3;19;5.71821512881355;6.54622919702149;63.5656556119691;45.4106648976644;45.6208366736094;4.91628201520791;0.540028003690009
2016;1;3;20;6.19953149022022;7.31745348901368;62.2677092425468;45.9381444714864;46.1182198513667;5.7451462865867;0.729104985614772
2016;1;3;21;6.97159811045667;7.93082305108643;61.5096003590376;47.6684644203186;47.8924895471573;6.12366574938619;0.625603295483949
2016;1;3;22;7.37935749777388;8.52706113867188;57.9909186705917;52.3170226257324;52.5372633263906;4.85405660372311;0.748528472907848
2016;1;3;23;6.65619852191579;7.89350083209229;57.7703249468871;48.4732642604192;48.7114996001879;6.47795151311971;0.80696442509942
2016;1;4;0;6.54713380121103;7.76562624816894;55.9610204843042;50.0689481202443;50.3255467241287;6.19625086787496;0.794696695270144
2016;1;4;1;6.65855402687651;7.98221759124756;54.0328713828063;47.5281270544688;47.7472928418477;6.06038700595103;0.863288946009784
2016;1;4;2;7.59938393138898;8.6206726860962;54.721059846204;42.635949586614;42.9071790943146;7.28289965235067;0.666081107280284
2016;1;4;3;7.26909191393477;8.19146687591553;53.6071145245884;40.9639773742676;41.2316768083572;6.75753106385329;0.601569862756275
2016;1;4;4;9.14311655803396;10.2466374306641;52.5184063666731;42.2622201875051;42.5639405103048;7.83916710357673;0.719712619335638
2016;1;4;5;8.18221159333242;9.21201600364686;50.5870761836248;47.162278904597;47.4584188049952;5.30568818167195;0.671634989363021
2016;1;4;6;8.1856051940288;8.89271200729371;50.2687572080455;51.1317872379303;51.3181177130381;2.84839826661393;0.461172696726646
2016;1;4;7;7.35401318891445;8.42304833575439;56.1379562976311;43.3051072507223;43.2681443281809;6.14997720021887;0.697221144408687
2016;1;4;8;7.52378903741786;8.61883708032227;55.3127423713363;43.2851546845754;43.2684820025762;6.73807315570146;0.714186668149475
2016;1;4;9;8.34772799844554;9.83272769342041;54.771891553344;44.7405015303294;44.841502331543;7.41425803548637;0.968511830352336
2016;1;4;10;9.24688149433369;11.2130387445068;53.5494905611191;42.4375997613271;42.5269660334905;9.2463493048367;1.28232117728343
2016;1;4;11;9.56809383178605;12.7680301021729;53.2001186571848;39.6835071867625;39.9377381519953;10.4527612156441;2.08698772446252
2016;1;4;12;10.0360385779172;13.4208632993164;55.2639917057598;40.0842304177602;40.2213781391144;11.0739333197323;2.2075713533393
2016;1;4;13;11.2889358769593;15.3499948321533;56.8380598685588;40.1632012105306;40.4082768915812;11.3873565886161;2.64860905707475
2016;1;4;14;15.6417716774663;21.3833491386719;54.6161868001492;41.6742136403402;41.8119570213954;12.0766375641009;3.74463760152894
2016;1;4;15;18.7900210356858;24.0194618393555;54.8747677878113;42.6082841772715;42.6750327457428;12.7592739393051;3.41062378774898
2016;1;4;16;20.0637329882923;23.3455200291748;52.9286395630673;45.7562260358175;45.8572035978953;10.6156724550946;2.14037052300237
2016;1;4;17;22.4374906673737;25.137599357666;50.6872309301378;47.8515562616984;47.8327224672953;11.0136388015431;1.7610018497879
2016;1;4;18;18.6642460428352;19.9424658394775;52.7260324029666;52.0621695354462;51.6728365180333;10.9449875023809;0.833650672810152
2016;1;4;19;17.3979664721607;18.802608;51.5696863647171;54.3011901535034;53.8723972929001;10.8981441665715;0.916102502727831
2016;1;4;20;18.0359798014498;20.0440313284912;51.1481299850772;57.4843419225057;57.1614398691813;11.2027187213033;1.30964448442503
2016;1;4;21;17.6002571496752;19.1862316496582;49.2607373000912;57.0289590025584;57.0569319302241;9.51790605379144;1.03436726018768
2016;1;4;22;17.0254476602191;19.0638637080078;47.204924970953;60.8891488534292;60.8592272859573;8.94518940803842;1.32944812321787
2016;1;4;23;18.024992954249;20.3579050804443;46.2284624671308;62.3346030434926;62.1668415299098;9.3169163131718;1.5215174797937
2016;1;5;0;17.6469875894877;20.0281234744873;44.5472538706748;64.0025513556162;63.7714332233429;7.65240078044991;1.55296885386745
2016;1;5;1;19.0605605624138;21.248744321167;42.7761939197011;65.40474725914;64.941785949262;7.49824873508246;1.42712612299434
2016;1;5;2;18.9705048108486;21.0979257810059;41.5907488137193;69.2253674466451;68.073306286176;7.21282688115132;1.38749683566222
2016;1;5;3;19.4483025935047;21.6776440292969;40.7851636598051;75.832104731369;67.1300343420664;7.62904430304906;1.45396902219292
2016;1;5;4;19.8648795431341;22.3041683503418;38.3703880837044;78.537406308492;66.5465464476903;6.47555167591154;1.59089599507739
2016;1;5;5;21.6157192129088;23.9071890511475;35.8038313513129;90.5374779327393;65.7724457045237;6.10510658197697;1.4944889583073
2016;1;5;6;18.5937223033334;20.6102892554932;40.8047710532991;74.518269104894;52.9915934373856;4.98845451196068;1.31519821618371
2016;1;5;7;15.924079429098;17.7496313284912;42.7193765494895;47.4644137978872;41.4984332689285;4.23572768634152;1.1906188381503
2016;1;5;8;17.8325910034554;19.9106501898193;38.9731598632291;44.0854276769002;41.3397298454285;2.99304985342027;1.35530324549994
2016;1;5;9;18.175555734498;22.5403384818115;37.2053077626127;49.5173246973673;49.2173244768143;3.62904298570406;2.84669669764642
2016;1;5;10;16.7680298651059;24.4293945109863;39.3041463777102;58.2094998081207;56.2407911434809;3.8979480256901;4.996716377308
2016;1;5;11;16.4798792504744;26.2844934598389;44.932359503901;64.1034864407857;64.1550227060954;4.10589360659604;6.39453656855516
2016;1;5;12;15.5302715530256;25.1100665985107;48.4114704421886;70.3048057843526;69.9556295342763;2.54979363631897;6.24791026240582
2016;1;5;13;16.8208809593272;24.4238879708252;54.7338161921626;75.5093464619954;74.8227573622386;2.87654425660981;4.95865572350315
2016;1;5;14;21.348157691021;28.1377567591553;57.6395657646578;97.8103547485351;95.6434519451141;2.82502500836965;4.42815378554574
2016;1;5;15;24.3080356225307;28.0863622189941;57.4144196357495;98.3056415855408;96.1212507164002;2.78685315458324;2.46421195909514
2016;1;5;16;27.0165260545016;30.1883385109863;56.0985142630149;95.8080797017415;94.5850357372284;2.88353539627159;2.06864546717387
2016;1;5;17;31.5461670758341;33.2570218395996;54.3139890362154;99.2776060401916;98.2578364724477;3.25839555654005;1.11581375021738
2016;1;5;18;34.6108060686525;36.2837944526367;55.0537940611119;90.6645690409342;90.4705673266093;4.39792921240607;1.09111742407339
2016;1;5;19;33.4838218909232;35.2987322043457;54.2432122139158;86.4462433077494;86.4622954845428;4.42210581525492;1.18367843140057
2016;1;5;20;31.1793133541519;33.1456672700195;53.0255913741146;85.545538465627;85.891976633962;4.10399475396276;1.28244944199108
2016;1;5;21;29.9486513185078;31.8987373430176;51.6835093996031;86.6923783632914;87.0111729448954;3.60159142830134;1.27183957770065
2016;1;5;22;27.7452287885456;29.7104914453125;50.6686294967908;82.8903687383016;83.0148874811808;3.37781469025074;1.28173772645833
2016;1;5;23;25.6730394434656;27.7700409926758;48.7870966369038;84.407249092102;84.7891565329234;3.01914612825351;1.36765739114281
2016;1;6;0;26.5460368073834;28.8970501022949;44.9575844541422;100.05792633845;100.039196879705;2.98765235704478;1.53332300144072
2016;1;6;1;26.1345702920371;28.4045192407226;42.8718027479364;106.874749488322;106.407252036285;3.96266752119539;1.48045310617722
2016;1;6;2;24.7967114776429;27.0122772261963;42.7936032717206;104.028272672526;103.678061692429;4.42088288652204;1.44498456508687
2016;1;6;3;24.2128955042659;26.6335480001221;41.5512304436778;98.654053154246;98.229810334905;6.05975368217367;1.5787414551949
2016;1;6;4;24.446427127218;26.866047357666;40.4187131538102;102.765072578939;101.782569915771;7.66484807530244;1.57806821515095
2016;1;6;5;24.6344788081064;26.783448817627;38.8555727904423;98.9055539217631;95.8769484760284;5.76538754002589;1.40155104700426
2016;1;6;6;24.3902309119025;26.552785284668;38.2692873410834;90.6312032821655;89.7081158026377;4.86087587214138;1.41041072324191
2016;1;6;7;22.5053097229214;24.7573408758545;38.5535336097857;91.8881997909546;89.6405832421621;4.20744257700797;1.46876717976337
2016;1;6;8;20.0566233112005;22.1713991531982;40.491754254758;82.2466965431213;82.2671246323903;4.13767249004541;1.37924972540337
2016;1;6;9;21.5310952817559;25.0699912115479;36.2733551745703;91.6725809590658;91.7354672730764;3.34348269125317;2.30805607973353
2016;1;6;10;19.0423998010061;23.0362348321533;40.061549236627;86.3912491732279;86.4405157114665;3.84273941640508;2.60476583882878
2016;1;6;11;20.9298218312127;26.2006714451904;38.9740576604778;84.659923009491;84.7081168678284;5.26015953859023;3.43763047522502
2016;1;6;12;19.8987174026852;24.3740230948486;44.0793004708693;80.403704317983;80.3044372611999;4.56034446130814;2.91877939232627
2016;1;6;13;22.4254763808064;29.3944762626953;42.3708254652898;88.9639262916565;88.8845474672953;3.89878010138641;4.54515839577167
2016;1;6;14;22.6750029271477;29.2240787736816;43.9481952490299;76.6719477068583;75.8138079469045;6.57209363312957;4.27128534551662
2016;1;6;15;26.8300005451635;32.5619717373047;40.1869103061548;70.2877038406372;69.9677852972666;8.89681329499282;3.73837242500004
2016;1;6;16;31.5515994021849;35.3495149196777;35.1568659494137;70.3257632222493;70.6979889486949;6.89176373765151;2.4769877878209
2016;1;6;17;30.2298020266939;32.576656;37.3451951684366;65.6473611381531;65.8139789466858;6.83141012955598;1.53061030581209
2016;1;6;18;23.9922434570113;25.3884537810059;44.1458559092034;58.4522817094167;56.7440834621429;10.4625464992748;0.910603699801897
2016;1;6;19;16.6219537096749;17.9542918831787;48.6540347009571;39.0908052258809;39.6814490824381;14.5841759998449;0.86894649704984
2016;1;6;20;16.9163703442569;18.2384915328369;47.9082999076359;34.1087577748617;34.7587754909833;12.9678636207715;0.862283013681655
2016;1;6;21;21.6164524400932;23.3372601459961;41.1661301744252;37.4793609142939;38.1248055752118;10.1899299686959;1.12230502576405
2016;1;6;22;25.5363924975583;27.506032;37.7085878609832;39.4093724042257;40.0947529781024;8.52669416535618;1.28459229055688
2016;1;6;23;12.8489084139418;14.0562591241455;57.7975674495278;18.9639310550054;19.5398012207667;12.8994381774285;0.787430091853583
2016;1;7;0;16.9184365078959;18.5349279416504;52.5920972592029;26.7022507012049;27.3177840309143;8.87325016846169;1.05427030224468
2016;1;7;1;29.4461786474402;31.6032186276855;36.6340902632707;46.3703886699677;46.9669446393331;7.23835578380687;1.40681425489849
2016;1;7;2;31.9409232771932;33.8394934892578;33.0859529333295;52.1979795098623;52.7722791666667;6.88310926499667;1.23824113726181
2016;1;7;3;41.3010672921452;44.6969004963379;23.8252971213888;60.5752767690023;60.8658116468429;7.72298203255361;2.21475104896874
2016;1;7;4;45.0147002770381;56.1676766053694;21.0935224045021;67.4115497613271;67.6868467964808;7.18463891249149;7.27393382919935
2016;1;7;5;37.8929642558437;43.0036334013672;28.5842618514259;49.0948049723943;49.4207686628024;5.61502297607775;3.33316130986806
2016;1;7;6;33.8974861370723;37.2736750001526;30.6333105424251;40.2324478176117;40.6797605360667;4.81877626126679;2.20193907545037
2016;1;7;7;34.2984087492909;37.1975776641846;29.501040970139;38.4530013064702;38.8720620412191;3.9045881835351;1.89082826196255
2016;1;7;8;32.3930411000142;35.8426578103027;30.8304343206452;35.8149342583974;36.2136127120336;4.17345522507072;2.24982847161604
2016;1;7;9;26.9605777587746;36.4783594746094;36.7531895966529;33.7977365367254;34.1148455543836;4.57989801436017;6.20746537638389
2016;1;7;10;20.6648134249131;32.7852935473633;46.5849237144013;28.5960456500371;28.8688560072263;4.41831959746387;7.90493656521725
2016;1;7;11;18.3674760813964;30.4245091384277;54.2968474813256;28.4458162041346;28.6564634175618;4.32579011672445;7.86355660152622
2016;1;7;12;21.9371205150774;39.3530898686523;62.7804465396239;51.7322016582489;51.9777498954455;4.02162396308646;11.3586369162699
2016;1;7;13;20.7754867798037;34.5565701606445;66.4587866952139;58.0842532993317;58.2436611236572;1.89244230340135;8.98797645183499
2016;1;7;14;25.316082163415;35.5804843796387;79.536493445012;74.0699284740448;74.3799070213954;4.34493455938994;6.69440876758939
2016;1;7;15;26.714656883626;33.7535302189941;81.5029491479124;92.7014882828017;76.503363173404;3.6196595251328;4.59072962824481
2016;1;7;16;25.7310739233417;29.7692280876465;67.0043579837624;170.105540222168;116.102675329971;2.16806517450405;2.63367062912559
2016;1;7;17;26.9905623934426;29.0087112407227;61.5352430291448;68.6613369181315;55.9178132164001;2.29603760543706;1.31622992288609
2016;1;7;18;25.6308258680934;27.3426707736816;60.1102259140193;52.7153759764332;43.15454538785;2.33534199264654;1.11645951739986
2016;1;7;19;24.9583865547167;26.5365714453125;56.0142281164905;48.3545158567757;40.1882285149015;2.31671723521395;1.02928690301936
2016;1;7;20;23.5341802179277;25.2373294597168;52.5088060851366;37.6973307686499;31.1357294574673;2.20228150919916;1.1107882345769
2016;1;7;21;24.463020891126;26.2511480876465;48.831805130953;26.2490475937525;22.9568190759977;2.25450916131859;1.16621057220769
2016;1;7;22;27.9812542212878;30.022529927002;42.4047996228375;20.7688627152761;21.1513154003143;2.30406749871386;1.33131318254473
2016;1;7;23;30.4598728720807;32.6549714453125;38.0021282407414;22.0389377152761;22.6167886885643;2.38304079352092;1.43163594185148
2016;1;8;0;25.914201588705;27.8896557663574;40.4392055914751;25.2373469085375;25.8864150032202;2.3332175144536;1.28838460226599
2016;1;8;1;27.286808200149;29.5985246716309;36.7671385747387;24.3446896270116;24.9978450713476;2.38812813134357;1.50769374473739
2016;1;8;2;13.7763033360421;15.1808210949097;63.7735855132921;21.1910473230998;21.7680635141691;2.5740767871913;0.916021781018771
2016;1;8;3;10.3805976847721;11.6156293869019;71.4839967847276;18.1771792947155;18.5738426064152;2.54342028819387;0.805483542131711
2016;1;8;4;12.3489796232547;13.6940500437012;64.8668907699217;21.4091816123009;21.8018301325321;2.50251049638326;0.877250425887435
2016;1;8;5;12.8464233933976;14.0727788905029;63.5713925589435;20.5856030754725;20.9532737953345;2.41613489012012;0.799824950256435
2016;1;8;6;19.6500254715961;21.5127532263184;47.3198920421434;26.4121873167038;26.9007656202952;2.50314861257117;1.21486480655786
2016;1;8;7;14.537791015639;15.957246072998;57.6222863892766;21.4824520396551;21.7569204845428;2.72745800072567;0.925763837095548
2016;1;8;8;11.2405525411397;12.5853958248291;63.6254868502002;17.3945189225098;17.5083810644643;3.99040597063701;0.877102288054761
2016;1;8;9;13.307265999789;15.7446316204834;56.8589882388197;18.3380776192895;18.5208571036109;4.89591109610391;1.5896416992709
2016;1;8;10;15.362120357091;19.9458309781494;52.6156615522663;22.6539910000768;22.7062934947671;5.24019588705889;2.98948072408986
2016;1;8;11;12.4367623188882;15.9725421313476;57.4397783642975;24.7469219884872;24.8946879909833;3.73134684735981;2.30602375843979
2016;1;8;12;13.6754834141316;17.633381751831;57.8257976372112;30.7944909654617;31.1357809562047;3.21299775834176;2.58132804765231
2016;1;8;13;15.5131801409572;21.1309651386719;57.7541379521502;45.0380113237315;45.3360147961255;2.70398839175527;3.66390057120824
2016;1;8;14;16.7549349036843;21.9545017810059;62.45896855828;51.1434970475582;51.5210909558346;2.4316890074586;3.39114011298114
2016;1;8;15;19.4888689860658;22.6559762044678;62.6041234970616;52.4177342426159;52.5780272173705;2.48439089203489;2.06557672664609
2016;1;8;16;21.0464711806;23.1102675620117;60.0080290111316;66.7761933451843;58.1559352092743;2.45951878581283;1.34600109185171
2016;1;8;17;22.0128907572684;23.725166715332;58.1862622929235;69.2227364894322;60.6212547538134;2.42795663407563;1.11674064838148
2016;1;8;18;19.3944630992451;20.843094394165;59.7170121311486;48.9002740598608;47.2115655689946;2.28046587369172;0.944792481571755
2016;1;8;19;17.3119623316443;18.4893458978272;60.7648165082066;43.7850379594541;42.4905771782071;2.28189574741271;0.767885620831603
2016;1;8;20;16.8988318158067;18.167824;60.0858389845194;39.5908177121249;39.8307283790935;2.19726429838833;0.827632454858308
2016;1;8;21;13.9245185644439;15.0269432701416;62.2314679944425;41.6300505066638;35.9626114155391;2.01052045055932;0.718997702931514
2016;1;8;22;17.8586547521823;19.2385439124756;52.5121658303199;65.0857843385176;51.6638579202132;2.39988738112828;0.899959091467434
2016;1;8;23;17.8697634145833;19.0412255766602;51.1990806738141;55.2599079027812;45.4663542122523;2.37456230251719;0.764023700894273
2016;1;9;0;20.8554800822748;22.0129324671631;47.5142073888345;71.4903766410828;59.1735952189763;2.32025019389154;0.754886571106532
2016;1;9;1;19.9097425635955;21.5047994160156;46.995012432696;69.3164106116613;57.7645119446119;2.26103037189319;1.04029074004594
2016;1;9;2;20.3360765763342;21.8324396496582;42.7901502231477;68.2091397432788;56.3003428625567;2.28208076672812;0.975922987675255
2016;1;9;3;21.6530969771445;23.2366125255127;40.8007971663987;67.6273362957001;55.8889424742381;2.37939234098303;1.03276354017531
2016;1;9;4;16.4372771819236;17.5688326131592;49.363026713804;44.136062953949;40.0942466919263;2.44771834039284;0.737996664618567
2016;1;9;5;14.047750849639;14.9030457518311;50.4144963002787;37.8123472443263;36.2201967508952;2.3269510813265;0.557820472297854
2016;1;9;6;27.4969988252685;28.923359065918;32.2013410939856;71.6907377449036;58.1146725317001;3.31850893788773;0.930267374524007
2016;1;9;7;29.2308629069646;30.8001784526367;31.3847604146521;64.7828718777339;54.3957806262334;3.04120184164136;1.02350234594831
2016;1;9;8;34.2974216839319;37.1556666860352;26.7070974781848;58.1737871739705;48.3260535523097;3.02792908633302;1.86413782302445
2016;1;9;9;28.6214887909986;36.8806443796387;29.4345943845552;62.4804729923248;51.7763315626144;2.70332276955888;5.38659362920199
2016;1;9;10;23.0545148792101;35.4764716496582;36.6004103097847;59.6179;49.4300547086716;2.75427370444242;8.10155862591462
2016;1;9;11;21.4384716823335;33.8468359707031;39.1843653913336;60.9008855328878;50.4697299554189;2.71958197367293;8.09269365460089
2016;1;9;12;23.5339719004109;33.3591991826172;37.8712865316033;61.9380712872823;51.3333126099904;2.6219939850031;6.40798034566487
2016;1;9;13;23.4939540026473;30.147039357666;41.2204830217561;58.2267698380788;47.744760251681;2.59220555828491;4.33911999880143
2016;1;9;14;23.1594913408324;27.9300372553711;44.4595460217763;47.2570101491292;42.7699169322332;2.80553561414388;3.11133407710762
2016;1;9;15;23.1749812540266;28.7190045549316;43.3476343916905;53.1250083013535;47.4736137019475;2.95597328059398;3.61579343945013
2016;1;9;16;26.0912901582752;30.2100588029785;43.0324212146871;63.5884142284393;57.1506338376999;2.81421571376316;2.6862471234022
2016;1;9;17;29.2398121244566;30.9457966130371;44.7292057411744;48.1493323614756;48.687863519605;2.88079126934921;1.11263737304389
2016;1;9;18;32.3752810575748;33.6440108029785;43.4720145418976;58.2738845142364;56.9198387663523;2.88624988812072;0.827461293158173
2016;1;9;19;23.7176476647857;24.850952321167;51.1869516688829;37.4200068349838;37.9274397859573;3.13262850953447;0.739137503403491
2016;1;9;20;20.9764011898032;22.1606918540039;49.4941634322205;44.8494844159444;43.1437144371668;3.10329135093942;0.77239040703886
2016;1;9;21;20.8548560167718;22.0257810219727;49.7873603395233;48.2584833972931;42.1234543410619;2.75583748843592;0.763673368977769
2016;1;9;22;21.3564274141793;22.690239357666;44.7777235093725;53.550714373525;44.6275903359095;2.64484200008558;0.869907684899549
2016;1;9;23;25.953007218907;27.3983480292969;35.9762127724896;64.6059834612528;54.3295977972666;2.80378251120429;0.94264643857542
2016;1;10;0;27.5770794926419;29.2708844671631;30.570874449918;64.3799688022613;52.4160410523097;2.5781089664675;1.10469393474265
2016;1;10;1;28.7346466937948;30.4486764088135;25.7298317378672;70.1119886060079;54.6370431529999;2.48539495438896;1.1178844427972
2016;1;10;2;24.3237540304404;25.7980806131592;28.3302937799746;56.4577185464223;49.3184557362239;2.56982579019907;0.961550862264789
2016;1;10;3;20.6739148511742;22.0419948905029;30.1460838992619;43.3686528048197;43.3007291666667;2.36242473147347;0.892257222302788
2016;1;10;4;25.3854755045149;28.8061918833008;22.4237387898723;35.7336154709498;36.2558206267357;4.59150373598723;2.23097977214748
2016;1;10;5;18.8877471227624;20.0015084671631;30.3136064375709;26.8974146589915;27.446603882281;2.89142088424093;0.726391420746656
2016;1;10;6;18.003789249876;19.1498272991943;31.5727870232411;23.2840303538004;23.7944012207667;2.83217196526445;0.747442179654769
2016;1;10;7;21.8593760826869;22.9539424452209;26.4148938426435;27.1593101023356;27.6861783590953;3.06544380623827;0.713872517824261
2016;1;10;8;23.2916087680875;25.0104895620728;24.351890535089;28.1472020076752;28.6762169188499;2.84968216312188;1.12104830026132
2016;1;10;9;20.3587061541911;26.5974494891357;27.8707203623762;25.2244366474787;25.6284375455856;2.6628899863416;4.068887520228
2016;1;10;10;16.8640507678538;26.9055109781494;30.7563126959731;25.28697637043;25.7969333011309;2.59425787521839;6.54900673757248
2016;1;10;11;15.8559650365192;27.3068781896973;32.7848183591179;30.2577901215235;30.6600085855166;2.75012055182199;7.46824722908632
2016;1;10;12;14.6508823675168;26.9483396206055;36.3546908755647;35.2255857715607;35.5495907302856;2.824760171794;8.02036045742761
2016;1;10;13;15.2708305904317;26.6363014890137;46.4627326935238;34.9479295566559;35.4309012073835;3.03419716152794;7.41252207663791
2016;1;10;14;15.9688191830325;24.4682464233398;55.2581222068597;37.1785672251383;37.6277602972666;2.98297515707774;5.54329799616279
2016;1;10;15;17.9492729811935;23.1628856934814;60.1380154792341;42.7124052898407;43.1070773127238;2.8464946073025;3.4003007595309
2016;1;10;16;20.0511603795245;22.5678712993164;64.3047526302401;47.3034538874308;47.754552487119;2.86802523542271;1.64139043775129
2016;1;10;17;21.698036423518;23.0913004088135;65.0262213421048;53.7096622379303;54.1455694381714;3.03374092771756;0.908682107564581
2016;1;10;18;21.6721582474565;22.8511532263184;64.6134692645589;50.1677037127177;50.4859383263906;3.49408055327763;0.768936578786984
2016;1;10;19;24.7078262277538;26.1088952993164;66.01536091246;62.5825821228027;62.9770725961049;3.75936774996476;0.913772558702184
2016;1;10;20;27.899885662461;33.1340421898193;62.4530469098031;61.2670692156474;61.3996625644048;3.46396380665223;3.41369936695392
2016;1;10;21;23.171068811556;24.9066297226563;59.4811608456581;67.970382472229;68.1683595352809;3.36586973822021;1.13192701681066
2016;1;10;22;22.8797964104463;25.2033720584717;60.0633569400596;68.8558299700419;69.0037466032664;3.14231943746359;1.51542825998307
2016;1;10;23;19.6654122719882;21.7981767006836;60.718669375112;56.7519735336304;56.2458561306;3.07858710098077;1.3909818214347
2016;1;11;0;15.1569551486041;16.7183750948486;63.7861479731744;44.4950373806636;43.5164980172475;2.92734594831968;1.01835286243037
2016;1;11;1;13.2047671020257;14.7978093430176;62.7841270214386;44.1060504773458;43.4656793410619;2.78993877951331;1.03897681721594
2016;1;11;2;13.3022430901419;14.464968321167;60.8019015749681;43.6365840025584;43.0569338887215;2.70163765884898;0.758325503707266
2016;1;11;3;9.3409902696304;10.4754655620727;68.5345929405737;26.5424643403689;25.9444936467012;2.47625704500478;0.739900988324063
2016;1;11;4;7.18167218611665;8.17035842333985;73.6376945629805;19.3988583013535;18.5961916988691;2.39955445293178;0.644817854506965
2016;1;11;5;7.01308407429575;8.00393799993896;75.6013735932562;16.6439273582776;15.7018817798773;2.49430868776263;0.646231613638645
2016;1;11;6;6.77155714062334;7.6971001605835;78.0612691663337;16.323516380024;15.2813179813226;2.73151014071735;0.603636059566064
2016;1;11;7;6.95997011442237;7.99476029199219;78.590689051328;18.7067304337502;17.2051738758405;2.555228383294;0.674886690078225
2016;1;11;8;6.48246800528012;7.38383810217285;81.2060313909351;16.3107737574895;14.4437358526548;2.60355171884453;0.587870560055036
2016;1;11;9;5.8387755496444;6.51961408758545;82.3649103980449;12.3439479763349;11.1710704845428;2.44110279305012;0.444040615487708
2016;1;11;10;6.88358504191156;7.90206656933594;81.256751835649;13.9632726417224;13.1170435125589;2.54837329602063;0.664250243042996
2016;1;11;11;5.79432449564802;6.5964;83.5947347466732;9.81872034740448;9.02806899549166;2.44084335868936;0.523110959166798
2016;1;11;12;4.18362025873494;5.13991481756592;86.469505421996;4.74931866434813;3.71522165700595;2.48961625170682;0.623692110283592
2016;1;11;13;3.6891268504805;4.52532162771606;87.4245761798772;3.63718567961852;2.67014333011309;2.60582821050606;0.5453634347347
2016;1;11;14;4.00213411320386;4.70397889050293;87.4423928781452;3.58906534420649;2.8968865079701;2.50499090483828;0.457740814483233
2016;1;11;15;4.06431058304119;4.82787642340088;88.2451901312445;2.91185966578722;2.59450598840713;2.57029342976321;0.497995085213664
2016;1;11;16;4.2387089923855;5.10136893432617;88.9044014444201;2.75039666186968;2.52292067101399;2.45694507662506;0.562623926569047
2016;1;11;17;4.45102832060349;5.43115072991943;89.2741389952336;2.60016735388041;2.37519150032202;2.56468259458495;0.63923255461139
2016;1;11;18;4.12077870907298;4.88294213864136;91.5484443399846;2.2547740141511;2.27034599967798;2.68001591073339;0.497080437589835
2016;1;11;19;3.77435730903745;4.45159489779663;91.7911995159228;2.50007033341328;2.55786916988691;2.59792953545499;0.441692088484673
2016;1;11;20;3.86113184573574;4.54275909484863;92.5460541644375;2.2160430011193;2.38869816014568;2.80528618501207;0.444555010273944
2016;1;11;21;6.67616439933728;7.30644030657959;80.3331675555646;6.86393076836268;5.45504921054244;2.45741647188399;0.41106383699328
2016;1;11;22;5.33218750241115;6.05553343066407;91.4769463807787;1.19327633345326;1.56006416143378;2.34449545473445;0.471763793164954
2016;1;11;23;3.88302420429876;4.53633468615723;95.0590882359955;1.20015066922506;1.59940233486295;2.21772079446714;0.426086909454764
2016;1;12;0;3.55301893394528;4.17810238687134;94.2875895083389;2.80002601583004;2.69985798957447;2.07217725231947;0.407677335668825
2016;1;12;1;3.32629072047933;3.82782404376221;91.4073077658423;12.8424211385528;9.39409964013994;2.15044068661656;0.327098354672465
2016;1;12;2;3.2769023063584;4.06277055474853;88.7331105867994;8.41820063574612;6.51566014450739;2.18179983060563;0.512540641078712
2016;1;12;3;2.79588288554536;3.41513787594604;89.1712479313728;7.37984092248877;5.8619375281771;2.20154463064577;0.403876031919275
2016;1;12;4;2.58086381112749;3.2000761605835;94.3296300175932;1.15923999710182;1.53980416716983;2.0582194976273;0.403848221637883
2016;1;12;5;2.75847807508292;3.39158208029175;87.9730509737429;7.1831680670778;5.97522464919686;1.98637340639617;0.412908313020611
2016;1;12;6;3.49908248032648;3.90858686862183;86.2533346822547;5.41193729271889;4.77465084782441;2.16427771482481;0.267077391320241
2016;1;12;7;4.02565621971638;4.8220639708252;87.5939618963851;6.74471967418194;5.82226165217558;2.05400506040479;0.519414469473165
2016;1;12;8;3.04147048018811;3.55127233575439;90.8933566671669;7.46082397417625;6.15469453276595;2.14479264561266;0.332491063750607
2016;1;12;9;3.09231829971585;3.89971521896362;91.0766039009595;3.99699833892981;4.04140768003066;2.19000842033761;0.526581568149566
2016;1;12;10;3.28315993547468;4.2019641897583;85.6467892504477;26.5592308791161;19.4408646879395;2.27052761355063;0.599241059148364
2016;1;12;11;4.55978803708116;6.05859264233398;79.4528516374888;65.8609681398551;45.5234200338125;2.56732018881395;0.977515346626709
2016;1;12;12;4.53189937571571;6.1063161605835;80.0583754496347;11.5047763384501;11.252785868756;2.46553413678938;1.02682935707643
2016;1;12;13;4.40557846377817;5.87228735766602;82.2766217634387;8.79528302270571;8.6373886885643;2.50450602271892;0.956582631107819
2016;1;12;14;6.12206558676758;8.1354834307251;77.7429193334408;11.1349036647479;10.5328804974238;2.57029286547979;1.31314437835514
2016;1;12;15;11.5688220466049;14.9403680875244;71.6599783081229;13.8677027088801;12.9134304491202;2.84209662459348;2.19891104237798
2016;1;12;16;12.5566983287261;14.4949485838623;69.7309756478238;13.2253717178345;11.8445466248035;2.7698034605147;1.26412032853286
2016;1;12;17;17.3560341593229;18.7221510073242;61.2275047506429;14.8956670172691;13.8492736209393;3.00631843345546;0.890976835490411
2016;1;12;18;10.4944204257572;11.5299718102417;65.9451738570319;10.5311360422134;10.3118776293119;2.49827871988377;0.675383146680038
2016;1;12;19;10.7539709705817;11.6416326860962;64.8402412554727;12.4053140217463;11.9652625;2.44072013314149;0.578929999605943
2016;1;12;20;9.71474813321393;10.6587117080078;66.7952287380433;11.9288053538005;11.5360881653786;2.44170821035319;0.615649883769858
2016;1;12;21;9.7646332946546;10.8095302919311;62.5852721660065;15.1146396749814;14.6211797220548;3.0831810419164;0.681478324060596
2016;1;12;22;11.2450391654386;12.1803577810059;60.0069815357598;15.5963460486094;15.2630840711673;4.25612700426905;0.610011670299334
2016;1;12;23;14.810833483717;16.1215251386719;53.0161359064807;19.7358683237394;19.0067944569906;6.91130796085122;0.854828710109198
2016;1;13;0;18.9560517563957;20.4141944818115;45.2357292900372;21.9951767370224;21.2372514085452;7.53010737900665;0.950995804703698
2016;1;13;1;15.7434166435998;17.1353439416504;45.816439095267;20.7063228963852;20.3777210077286;3.31114264360096;0.907810324617746
2016;1;13;2;15.3378857671008;16.8465554453125;44.5184554173062;20.1884007012049;20.0834445347786;3.83514981315885;0.98394931418932
2016;1;13;3;14.8689042901895;15.995792;47.3113399890314;17.9383140217463;17.641439050738;3.95015900681246;0.73495239232935
2016;1;13;4;15.8364208829598;16.9955385401611;44.7018255848237;18.9783502706528;18.4996189632893;4.56987292148374;0.755972656134947
2016;1;13;5;16.9132595763262;18.320783854126;37.0923652105629;20.6419391496658;20.2218878487905;4.50207039209756;0.917982622602701
2016;1;13;6;15.7387815317606;16.7743583649902;38.4494679267309;17.7701443915367;17.4015270122369;5.02168703542154;0.675399744266401
2016;1;13;7;14.5677906003914;15.7492204963379;38.4605121319187;17.2844140217463;16.9110662078857;4.31146419051315;0.770524623559244
2016;1;13;8;14.2775586419635;15.9502864962768;40.0657240293146;14.152400685215;13.8828714987119;4.90865138383706;1.09094750749409
2016;1;13;9;14.4045587396372;18.4848336495972;37.1581049638135;13.093585691611;13.0022368185202;3.82744938645546;2.66114163845195
2016;1;13;10;12.0526079857828;18.3269025108643;45.2595249411874;11.7024553058306;11.5087372156143;2.85345345612269;4.09207388743544
2016;1;13;11;9.9106473272281;16.049022072998;50.3837590182804;11.6518200127919;11.528153026406;2.63626506723613;4.00342746233008
2016;1;13;12;9.25846027263353;15.4368762043457;52.153207630982;14.9305416027069;14.7425708011309;2.56750861675345;4.02954218977253
2016;1;13;13;9.46543044520558;14.4212217226563;56.1374700724363;12.509435006396;12.1567195347786;2.45984721115377;3.23215048273064
2016;1;13;14;7.28890359223851;10.3791008029175;64.7459802434787;11.2864742748102;11.1190698755185;2.45278666621874;2.01541627704847
2016;1;13;15;7.01442941901681;8.42580151831056;66.3179135786965;13.2672883525213;12.8832093314012;2.36166264282082;0.920492158901313
2016;1;13;16;6.01501309772531;7.3076639708252;73.5714756785477;9.15962269768715;8.95547069919109;2.22179376575747;0.843062572570902
2016;1;13;17;8.97170493274506;9.8614842189331;69.9675653624535;11.4305000159899;10.6397519800345;2.5375861599733;0.58031107211113
2016;1;13;18;14.2680067236494;14.9868677664795;59.1552255608485;15.2028323135058;13.4511646866322;3.21605607326209;0.468838765904335
2016;1;13;19;14.6776935064754;15.8755653723145;54.9536749024068;18.2748209526698;16.4035531363964;3.44155939402733;0.78124802128726
2016;1;13;20;27.6514389816012;28.9989216641846;36.6072346273613;24.8711630498886;21.5539829067548;5.8167745624094;0.878823695178587
2016;1;13;21;22.4226507617595;23.8273438833008;42.2959792186375;21.7669823614756;19.6588286112785;3.93059683700198;0.916136151967532
2016;1;13;22;16.3711442240432;17.5312045546875;50.4066031957275;17.1534662680944;16.2205378648917;3.45890436711561;0.756587464599058
2016;1;13;23;20.5104130213049;21.8979065693359;41.2295373152857;21.1342082373937;20.3537467053095;5.44520799259527;0.904918647695999
2016;1;14;0;23.6523819112209;25.3878419561768;36.5770002020564;23.6475318201701;22.6608540700595;5.61487669036689;1.13186123224893
2016;1;14;1;16.9147357624161;18.3116064379272;46.0943179711905;17.3457801311175;16.8117921898524;4.13774696642749;0.911034378850608
2016;1;14;2;13.8614276400445;15.0446866715698;48.5862799383201;15.7472460006396;15.4528526293119;3.15702507804206;0.771717579661127
2016;1;14;3;15.0545642792991;16.3212908613281;47.7120512352684;17.3883673199018;17.1020166988691;3.41790141511049;0.826154836710355
2016;1;14;4;9.15510170840946;10.1205983795776;61.0513462250369;10.5016266890526;10.6161153439601;2.74171277073923;0.629693697147862
2016;1;14;5;6.93606422633198;7.7977477956543;63.115944295226;8.94785971175829;9.15891479662259;2.65861623007105;0.561987139615549
2016;1;14;6;9.91959885209628;11.2405715620117;55.9988553681684;12.1724249360402;12.1008356621583;4.59289897482948;0.861533979740876
2016;1;14;7;8.89132561637711;9.90981953283691;54.0841156743638;11.3190016330878;11.3782290083726;3.34456103801466;0.664258323130425
2016;1;14;8;8.36217980729983;8.98900032116699;55.6047174272581;10.7987319788933;10.9662756653786;2.72109084066211;0.408810241000182
2016;1;14;9;8.01776400224276;10.0667564817505;54.3210109390857;12.5466570108732;12.5377763146559;2.54359581902765;1.3363460365827
2016;1;14;10;6.25016858066917;9.15695042333984;56.5855162158761;13.987584305191;13.9493918088595;2.25693814939247;1.89579338797611
2016;1;14;11;7.47210395869342;11.0487596496582;57.5879672089224;17.8702413320541;17.8610912856738;3.00279016079403;2.33268286957797
2016;1;14;12;7.80873796078232;11.1983545693359;62.8813752920156;21.2443651843071;21.133250158294;2.81589037493889;2.21069660610165
2016;1;14;13;8.91517431807542;12.3752287883301;62.0479648804436;26.5087632246017;26.139158539931;2.52071817863657;2.2566359437278
2016;1;14;14;11.1285086403237;14.4515077956543;60.8826459244436;28.8490545566559;27.972182066981;2.56107885119422;2.16724892609687
2016;1;14;15;17.1589862035273;20.6659667445068;59.2544377856736;33.1622796845754;31.6431252388;2.54372790448905;2.28724096997986
2016;1;14;16;24.5688605919727;27.7088569926758;55.8434987413531;37.3874793008169;36.0076356460571;2.87536415019159;2.04789514209032
2016;1;14;17;26.9415618974197;28.4127789196777;53.8150563589307;39.7839395482381;38.2492358204524;2.67233306688916;0.959522817340856
2016;1;14;18;28.4742385581613;29.9466617226562;50.1874030261205;44.9308031714122;43.0344789922714;3.01427998260367;0.960309459270519
2016;1;14;19;23.5765296481841;25.1140435620117;53.3755188478589;36.6748967030207;35.0544027581215;2.71861819402518;1.00276142810827
2016;1;14;20;17.3097802569489;18.5676614890137;55.8612438828851;30.9261090813319;30.2127691859881;2.37193234554689;0.820385929071549
2016;1;14;21;11.1481541821232;12.3917484234009;63.0392755580287;22.8950437383016;22.5576969896952;2.21854119168222;0.811068001502744
2016;1;14;22;8.10424304139036;8.9749279854126;70.0208990214118;16.7123352770487;16.7476354394595;2.27188051672458;0.567857806064717
2016;1;14;23;7.584524936951;8.79290560583496;68.9942550192893;17.8035099744161;17.7391935822964;2.02405500508124;0.78810182745727
2016;1;15;0;10.175291907383;11.3029791387329;63.519145058991;24.5661772783279;24.3846425064405;2.15570720012239;0.735473837601102
2016;1;15;1;14.5506967667773;16.0511635911865;54.0227424035485;34.819329062144;34.4403559750239;2.41446063154894;0.978599440396606
2016;1;15;2;16.987648482379;18.6591314453125;50.265576390878;38.1142236767785;37.7961186440678;2.45483227145191;1.0901355935032
2016;1;15;3;20.1176605189993;21.4953158248291;44.0188694781073;43.182375;42.2980282035192;2.71763475275548;0.898502179063682
2016;1;15;4;20.1065314395991;21.5929042044678;43.8359086222708;41.5941314622265;40.7011964595277;2.77009805792558;0.969407341941011
2016;1;15;5;10.4542438411186;11.5158995911865;56.6606287828153;23.3044220676422;23.2003932267058;2.41662345948663;0.692408326534898
2016;1;15;6;9.16473121466804;9.97559232116699;54.909064134119;21.0672348453734;21.0594700758546;2.27528230423076;0.528840899479181
2016;1;15;7;11.5343701724024;12.5826425985107;49.9059943364936;23.1227350383759;23.1653280880928;2.35683333572751;0.683679767446178
2016;1;15;8;13.8206431494256;15.017153927002;44.9508429386294;18.1895624828679;18.1521599668775;2.70515663278524;0.780360324078318
2016;1;15;9;14.8934208841875;16.1129592701416;48.1182750720257;15.6950418775422;15.5961438919987;3.11929439238721;0.795378853182411
2016;1;15;10;11.943838445531;13.5111098101807;52.354404778258;17.7459023597285;17.5346123115432;2.30026072000151;1.02216913792792
2016;1;15;11;11.4461151912871;13.8742368904419;47.5776956491233;24.4705377901545;24.1819946542776;2.16426980130306;1.58361284458475
2016;1;15;12;8.83767584783052;10.6779847006836;53.6633191377369;19.0830804426232;18.8937172917347;2.15451060355473;1.20024327380115
2016;1;15;13;7.55536263000712;9.15817411676026;61.1210101041037;16.7938675246732;16.6321361963831;2.18056000920035;1.04534828660102
2016;1;15;14;6.17743449064237;7.59492289050293;64.3375693794407;14.3855756381166;14.444977242021;2.09738208021902;0.924481189658013
2016;1;15;15;5.61582883993288;6.78698814599609;68.0052519673007;13.2744606611464;13.3533539475688;2.09791616427543;0.76382617921591
2016;1;15;16;6.02582531413321;6.98828351824951;68.7656529930309;14.5740565893833;14.4938662792719;2.20007297077112;0.627712019107234
2016;1;15;17;8.2861107042306;9.34019645257569;70.1766058372932;19.9525775232996;19.757583987764;2.22344042306163;0.687471196750171
2016;1;15;18;7.76351952492497;8.67940929925538;70.7954719774403;18.2732343902955;18.1007307878091;2.36813896506138;0.597340245078462
2016;1;15;19;6.27853693264534;7.03600702191162;72.8232582493483;15.364319311755;15.4512486920357;2.14257981876128;0.494019456754735
2016;1;15;20;5.6450629333546;6.37277246716309;73.8348181815254;14.2559228523459;14.5408149606671;1.95462094577343;0.474609722102086
2016;1;15;21;5.4865025086265;6.29445699267578;72.2848413268196;16.2352279263565;16.4872221621786;2.03798285725037;0.526945210046786
2016;1;15;22;5.08513424047961;5.82792902185059;73.4009565669362;13.0685387553802;13.3612543680851;2.0461262263028;0.484448270067784
2016;1;15;23;5.47260173042064;6.36359489050293;68.06858568021;17.1590732736749;17.3903496976949;2.20964605578898;0.581102756601783
2016;1;16;0;9.50990192634543;10.6473926131592;63.4702893870066;18.8775573251832;18.9518566621025;3.44916301450367;0.741867618439721
2016;1;16;1;13.4835867980673;14.8198354015503;55.2982148631903;25.6667876311993;25.4576365543892;4.62874151865426;0.871496866392908
2016;1;16;2;12.9144346448638;14.0853215474854;55.4156020704288;25.2235982629776;25.0076375322024;3.76509343050122;0.763648518603044
2016;1;16;3;14.588980716345;16.0493279416504;50.0122833306661;26.0238713192622;25.8779733848572;4.62949251501588;0.952433572152627
2016;1;16;4;17.4590419293569;19.0381663649902;44.8172104524347;28.8083117753983;28.5323710077286;9.1028736024397;1.02989967114787
2016;1;16;5;16.1860856680069;17.6150265693359;44.8297995267757;26.0143142923991;25.823102487119;4.75337351683128;0.931950472781044
2016;1;16;6;15.2026537535422;16.4106195328369;44.5562952983456;25.9814517690023;25.8107775971095;4.33435445853667;0.787831237855916
2016;1;16;7;12.0435435953577;13.2969657664185;46.2279152722176;19.9330442636172;19.9406115180334;3.26682139879778;0.817477744410426
2016;1;16;8;12.6501595976153;14.0302559416504;44.5190903996937;20.0210693435669;20.1585753487905;3.52758772612228;0.900094216010307
2016;1;16;9;7.38645959491633;9.23113596717834;50.7922748062742;15.5036263544401;15.7898439793905;2.34073183248514;1.20309175534034
2016;1;16;10;8.6996124138567;11.9591776277161;50.5814216075775;18.2707970044772;18.4629822574774;3.22988920563327;2.12587752180054
2016;1;16;11;9.08735064474522;12.8983521166992;55.3869438624767;19.3368216698647;19.4710859787464;2.60529054361228;2.48552240351811
2016;1;16;12;10.1521347012329;13.769000321167;63.2878666936091;14.1840896430016;14.2987079845428;2.82665832689152;2.35890765065782
2016;1;16;13;10.7580215421483;14.4206098394775;65.404962381806;11.2641746653875;11.447788275369;3.76110314989829;2.38872782780834
2016;1;16;14;8.1691745461043;10.4769951241455;67.7231533797093;13.2101140057564;13.5207240180333;2.70995110525572;1.50515285607603
2016;1;16;15;6.82281936763994;8.05747389782714;71.2494353363465;13.157131357638;13.4967496673107;2.7817226684036;0.805237551853266
2016;1;16;16;5.90810643465189;6.91425087591553;74.1000727963393;17.3422591784477;12.7515193442822;3.25082316835351;0.656204036744645
2016;1;16;17;5.36006147304953;6.2375558102417;72.1298815250928;12.6700596557935;13.0387049125512;2.84732696978116;0.572298869497193
2016;1;16;18;5.96842181267094;6.69704767883301;67.1924237445927;13.459937268734;13.8590660173893;2.58044099898653;0.47520735099587
2016;1;16;19;5.05120861114152;5.76399169342041;69.7514117793114;12.7850790633202;13.0760169832547;2.22215480830228;0.464874740377502
2016;1;16;20;5.51964324773738;6.08704322625733;71.0282645515205;12.6098673039118;12.8989108204524;3.11553990422802;0.37005636674392
2016;1;16;21;4.93617614295375;5.60368956207275;70.8693292231513;13.4369669852893;13.6723363275369;2.61791619095789;0.435350017594873
2016;1;16;22;6.2860084514784;7.31775937225342;68.6981775015325;13.9423143563588;14.3118770122369;3.26359943004657;0.672904496969902
2016;1;16;23;5.11811939541028;5.88727747442627;69.3649940201914;14.1644726257324;14.5430098867893;2.73638985540839;0.501642324546519
2016;1;17;0;5.3786862936895;6.11304639416504;68.4401082346729;16.1119210326195;16.4700734626452;2.7194641008518;0.478947199421028
2016;1;17;1;6.8319316316102;7.69893569342041;66.7048079069774;17.5741419533094;17.9461833494345;3.66225743651578;0.565457147006975
2016;1;17;2;7.93103684056829;8.78219840875244;65.6877053630982;16.9546137191137;17.3329805591106;4.05038784216939;0.555124725693322
2016;1;17;3;5.93259661306403;6.73253442333985;65.7057276337144;15.4898776449203;15.8707152098179;2.93931810349704;0.521716762245789
2016;1;17;4;4.75713478734451;5.60093632116699;67.6093955728523;15.9621946621895;16.3257209916274;3.11014619358611;0.550324535918743
2016;1;17;5;4.54856097036376;5.25616442340088;67.9403358960665;14.7791386071841;15.1273420315584;2.86245821039233;0.461496603523688
2016;1;17;6;4.04535524271774;4.7920837956543;68.4773534989696;13.9247092892011;14.3010716892083;2.44807243262242;0.48701386271542
2016;1;17;7;4.20143746958157;5.0833196642456;64.9335737931818;16.5958070748329;16.9780930457274;2.39618552988444;0.575160615452956
2016;1;17;8;7.52294632266054;8.76108992700196;58.2996790227203;21.7498803218206;21.690400077788;4.77759963163651;0.807513114337736
2016;1;17;9;7.45797033730774;9.20650943066406;58.7919765690385;23.1078127792358;23.084119328181;3.77571752170684;1.14039134383648
2016;1;17;10;5.92644216811973;8.2336838102417;62.074065830745;22.2166642923991;22.3034339021047;3.06912664256732;1.50477527600737
2016;1;17;11;4.83592918512986;6.93841855474854;69.4645746290121;17.9019303378105;18.0613275971095;2.81468272609265;1.37123652924398
2016;1;17;12;4.23607680741093;6.07633604376221;74.2248086410715;14.8903016730626;15.1990960855166;2.95775093731169;1.20021091408475
2016;1;17;13;4.33010918052363;6.02280004376221;75.9470195299164;15.0370100383759;15.2980325096607;2.94978949785205;1.10396731509336
2016;1;17;14;5.02688444258629;6.5205317956543;78.0657263763696;16.9591407267888;17.1003283751965;2.71056354546439;0.974151804014542
2016;1;17;15;4.72608474300006;5.8927840145874;79.5655392573064;16.4945363288561;16.6331664761702;2.57396356294755;0.760917359659736
2016;1;17;16;6.93142083113004;8.0718521751709;74.2401048912547;14.3911579667409;14.4673724806786;3.2208320977963;0.743785505240034
2016;1;17;17;8.02776879030172;8.90854337225341;71.2138597179554;16.3803551459312;16.4344495707035;3.17566428398588;0.574438234149456
2016;1;17;18;7.00983397150331;7.76960318249511;69.5407973758258;17.1588317881902;17.4010205489476;2.73427428378477;0.495518936248318
2016;1;17;19;8.49496790388628;9.33774912408447;64.0250200186881;16.4724043659528;16.8342470379988;3.21847654686264;0.549659090788251
2016;1;17;20;6.21842466021779;6.89283643798828;67.5552166643677;12.328354987208;12.7280515373548;2.42741769769984;0.439849104016629
2016;1;17;21;4.62334956619565;5.40698302191162;70.6639516040878;13.3053486775398;13.7673895122369;2.09445466930748;0.511083116777102
2016;1;17;22;3.8069233783561;4.75598529925537;73.1047163110764;14.8676666506767;15.2801361370405;2.28460793163418;0.6189750080342
2016;1;17;23;4.12442514727609;4.90007356207275;71.9998558034626;17.9088047645251;18.2629145417213;2.57742924960243;0.505875299817696
2016;1;18;0;5.24384257519458;6.0387078394165;67.8514925472319;21.072507058843;21.4023705167452;2.64342438097629;0.51840846468867
2016;1;18;1;7.10166087288889;8.03636545983887;66.8273326305435;21.4002953154246;21.580996117719;4.07183268420301;0.60961120289049
2016;1;18;2;6.53428318524012;7.56524868609619;70.2909137443938;19.8331151215235;19.9498974350929;4.20779904898184;0.672392248727781
2016;1;18;3;4.83378245038056;5.5486239854126;72.2992399414082;18.3048333333333;18.5180218153;3.28169349197769;0.466217256372883
2016;1;18;4;5.12337992604097;5.86280389776612;70.9004920512054;20.5254106436412;20.7501674608548;4.13500204246263;0.482249839299819
2016;1;18;5;6.06470564599336;7.12961855474853;71.1413971743685;21.041210228031;21.2709980818862;5.28559836791589;0.694532634528088
2016;1;18;6;5.17799694600179;5.82639932849121;70.0429479119266;24.5749306552492;24.7438208833892;4.44060079022391;0.422885863475057
2016;1;18;7;5.61278070324009;6.47678528466797;69.9039871314524;26.2545501999595;26.4617069835663;5.27337273808875;0.56350089594172
2016;1;18;8;5.08718751184429;6.15036859857178;69.957121019572;26.3042099126618;26.589227299197;5.03678406812185;0.693403145998524
2016;1;18;9;4.67349488559833;5.85943877368164;69.0564470449633;26.5838086140731;26.7645811749162;4.0007053397835;0.773468634121284
2016;1;18;10;4.74601440635749;6.39663424816894;67.0928389337935;29.4294863032254;29.1507614236311;4.05598996406493;1.07652873574209
2016;1;18;11;4.97381851695339;6.77781055474854;70.2731015416478;27.2421725871437;27.3311840608496;4.23862780204136;1.17655756858292
2016;1;18;12;5.00752058813099;7.70077118249511;71.6260236359572;24.7029934087385;24.815389684376;4.06612049758002;1.75652902257953
2016;1;18;13;4.66841250313221;6.52909764959717;74.1725313720832;20.5664172703198;20.876406436852;3.99898622468271;1.21353262428965
2016;1;18;14;4.58220952302833;5.96834626275635;75.8508230122185;20.1655286974414;20.4565602782019;3.78610673361964;0.904033741862364
2016;1;18;15;5.13321952119227;6.54928830657958;75.7950782324171;21.1350466437758;21.2690009658546;3.84991489952308;0.92355532185041
2016;1;18;16;5.54648736001126;6.77719878826905;73.8076487643722;23.362940448761;23.3411143271013;3.58050848207792;0.802665873973566
2016;1;18;17;5.62594141383507;6.53429826275635;73.4656373533779;24.1581647035699;24.1706240920351;3.38195535175609;0.592427296341438
2016;1;18;18;6.00013093196806;6.85887929931641;75.4037021319778;28.1136224534923;28.0289099906724;3.50361255233326;0.560072810713074
2016;1;18;19;7.01558919650614;8.05074373718262;71.7842295592837;30.3008804497401;29.8192186950048;3.67281786297464;0.67512432647676
2016;1;18;20;7.7811287417833;8.42671934307861;71.2842881852224;29.0462305924733;28.5259554518382;3.95236875186318;0.421052029192078
2016;1;18;21;9.56040980457763;10.6525932554932;69.2950167184004;33.7022994995775;33.0666638597291;4.71902502895079;0.712318390842925
2016;1;18;22;7.29882304260703;8.20125624822997;70.4000112726035;33.2848442328135;32.8742579067548;3.17351478427884;0.588563916010358
2016;1;18;23;7.39791214660353;8.76017210223388;69.2228238077745;40.0758470204671;39.7986193281809;2.81748414071192;0.888461383196154
2016;1;19;0;8.37040788470394;9.78500414599609;66.8734096282826;41.3853234696706;41.242819805781;3.24775555804909;0.922594946564497
2016;1;19;1;14.0530777356352;15.7914374598389;60.1624968070806;50.8443661082038;49.8038692853204;3.95346519550014;1.13375239334828
2016;1;19;2;17.8135201415775;19.8204038540039;54.9974398966433;55.0954271995544;53.9443202001572;2.96267948589534;1.30888283964211
2016;1;19;3;18.8895214007121;21.3047277663574;51.7602945091138;59.6324872379303;57.8956957421621;2.93363287460295;1.57518950730108
2016;1;19;4;17.1669882444256;19.3918097811279;53.1224741568071;57.6793380307007;56.73976117836;3.77710681915143;1.45102115913586
2016;1;19;5;18.1938031453354;20.5858156496582;50.2463018543918;60.6202575491544;59.7384302380003;3.90374278377312;1.5600625485829
2016;1;19;6;16.1924544068752;18.367895678833;50.3603378484368;57.7169258823742;57.1403197535428;6.03663167556608;1.4188155157591
2016;1;19;7;15.4994204030005;17.641335532959;50.180825772927;58.9856675978441;58.4635208931703;5.15434354287037;1.39694987816856
2016;1;19;8;14.9513644128187;17.1806201168213;49.7197273406007;60.0705998544364;59.4057116814975;4.08941702934294;1.45391310820671
2016;1;19;9;12.237904247176;15.3184851678467;50.446694525005;56.6146307362148;56.2644762039184;3.23621175098727;2.0091445648935
2016;1;19;10;11.8906098039719;16.2477935766602;50.5444664374615;60.0382643405369;59.5789760170664;3.47859009997594;2.8417406718317
2016;1;19;11;11.004196401399;16.1552527372742;-999;58.459124266285;57.7228588816756;1.95490455040036;3.35950170022818
2016;1;19;12;6.76898746734617;10.38849696555;-999;52.1134754305522;51.7604609948476;2.60853878765752;2.36063197921558
2016;1;19;13;6.04565070097479;8.71061310949707;57.117338274624;49.7381417306264;49.264091382281;2.87456018682431;1.73807956246197
2016;1;19;14;5.00212645134566;6.6869523357544;65.6776361073616;34.2497656628291;33.9573234760284;3.22824774769892;1.09883780222683
2016;1;19;15;5.49998768878204;6.85123140142823;67.5920390155002;30.1042073614756;29.5229161434809;2.92906199366118;0.881276626396334
2016;1;19;16;7.37918148355637;8.83512254016113;68.431842536354;32.6213870140711;31.8951934428215;2.5472942766567;0.949559883674759
2016;1;19;17;9.14039407134508;10.0037369489136;68.7280734574085;37.1995255584717;36.1658325257619;2.09326485816401;0.563069334899535
2016;1;19;18;8.85900955198384;9.79234621899414;67.5382083215342;37.0122414108276;35.5760974940618;2.70365579213082;0.608719050084647
2016;1;19;19;8.97642590263875;9.89299391241455;65.8278629599196;37.7945745226542;36.5370967964808;2.86890075488064;0.597782587965705
2016;1;19;20;10.8708967668623;12.2556141751099;63.5293952205934;41.158470426178;39.4614590120951;3.31194828031534;0.903108058621702
2016;1;19;21;13.5092432108993;14.9734072409668;58.3101460659153;45.8556521184285;43.9870366280238;6.50475313958824;0.954922879442577
2016;1;19;22;12.0180805043494;13.265761927002;59.2942587643266;42.0335230562846;40.7732944758097;12.0009298076686;0.813733647514535
2016;1;19;23;11.3784099534658;12.9001875036621;60.1049141828988;41.9438213512421;40.8781398959478;14.3718583122983;0.992498224421961
2016;1;20;0;10.7439050819807;12.2381766131592;58.2025697775527;42.3549400255839;41.5205505231857;13.9543843025386;0.974558890888905
2016;1;20;1;10.4530161660499;12.1298809051514;57.0337958595172;43.9499531074524;43.1204151615143;12.5436347660197;1.09364556990559
2016;1;20;2;11.4525769106553;12.9757497518311;54.6188529017612;46.0561816282908;45.5499273047765;11.0906180103099;0.993408228528319
2016;1;20;3;14.3826624680058;16.1310085548096;48.9866849691108;50.5119232949575;49.7469547542572;7.72407202199743;1.14026546560894
2016;1;20;4;17.499064204607;19.7662559708252;43.8749297152327;54.2755369820913;53.3425979528427;7.58605543056568;1.47865488100107
2016;1;20;5;19.2354871989329;21.4537107736816;37.2127067056407;58.0849235975901;57.097620503362;6.99779230817216;1.446717990435
2016;1;20;6;16.3550678305;18.1051104233398;38.0573567141947;58.0129947101593;57.0753343797048;5.44934011708767;1.14137192116697
2016;1;20;7;15.3682677188892;16.9141638540039;37.4685098738349;58.9408621100108;57.9439820858002;4.72005059751114;1.00822828477405
2016;1;20;8;16.0309397532974;18.3388332554932;36.7629492807849;59.8281536955515;59.1594130231857;4.96889702603436;1.50520041696553
2016;1;20;9;14.4157271391651;17.7713516204834;37.2511280707391;59.529204062144;58.4533518351237;4.7387513979302;2.18852705449994
2016;1;20;10;12.2293354655031;17.3568300438232;42.2601030046648;59.703912953949;58.2250893539429;3.39121552670641;3.34413480081866
2016;1;20;11;13.1913098122553;19.2333432993164;47.3187141485667;70.8182008439382;68.4205961256663;3.4061489014729;3.9405940158814
2016;1;20;12;11.8655771120726;16.4626259561768;52.3148838205475;67.0396651535034;64.790173366038;3.44487591746515;2.99817986851354
2016;1;20;13;11.8939375028434;16.4265273284912;59.780617621527;58.6471099104563;56.3500262019475;3.35969063481598;2.9561399124387
2016;1;20;14;12.4767357777513;15.3711033868408;64.8115791667312;57.1315709206899;54.3385459433238;3.3225415106069;1.88769686638842
2016;1;20;15;12.5033430135097;14.360343678833;66.5865614392121;55.4099696461995;52.5522895471573;3.06134710285889;1.21112961802203
2016;1;20;16;13.476671233252;15.2374162336426;66.5912899851339;54.7728363128662;52.1381413366953;2.89847128014969;1.14835199554759
2016;1;20;17;12.4219722323048;13.5273235911865;67.8977226173809;53.1233315643311;50.8285011107763;3.22455306324022;0.720906456341787
2016;1;20;18;12.234044270589;13.139723036377;67.1428406350892;50.2599201235453;48.3019103804906;2.85108430519486;0.590680659486181
2016;1;20;19;12.3157822359046;13.5279354743652;65.8866706546835;55.8370166027069;53.8931637207667;2.98140517045118;0.790562284707301
2016;1;20;20;15.7700860727227;17.1628767008057;62.7696282236151;60.8368365515391;58.3463118212382;3.50868548398856;0.908373385575023
2016;1;20;21;15.4321969386692;16.8832659853516;62.9053529374214;62.9368617434184;60.2679726872762;3.63543491259706;0.94638237511137
2016;1;20;22;15.5765921799296;17.336945284668;62.6056894042275;63.408173009491;61.162282681338;3.61175732918437;1.14809640251505
2016;1;20;23;14.2373278486522;15.6390891679688;62.824959174923;62.2112004305522;60.236569483757;3.52969922138902;0.914224040370172
2016;1;21;0;12.826358427327;14.170673284668;65.3606613415429;59.5615639258067;57.8332272027334;3.52308228332171;0.876757650159083
2016;1;21;1;11.8557206767757;13.015519357666;67.9871489663842;57.942742271932;56.472599302419;3.62514669320993;0.75641681750536
2016;1;21;2;16.6406381664516;18.2638828905029;53.1040035433565;65.8681777236938;63.8229271839142;4.99100552665594;1.0586747755711
2016;1;21;3;29.6261134418288;32.0400720877686;31.000559670726;80.557286790212;77.3403994312286;5.39311119642293;1.57437574868563
2016;1;21;4;35.6391080012452;38.3493664233398;24.8626103326019;76.8047391644796;73.0871498711904;6.70382577274308;1.76762147089542
2016;1;21;5;36.7680459949186;39.272020963623;21.5761612175412;73.3276678771973;69.5134549930572;7.48821620140397;1.63308409308283
2016;1;21;6;33.3577881167188;36.0965713286133;21.8323211729867;62.1266963512421;58.8875915754954;7.26250401516641;1.78622524332241
2016;1;21;7;29.0077880567865;31.2587524089355;23.7516579490189;51.7379018157959;48.2571691993713;5.59319207308555;1.46807141586288
2016;1;21;8;33.1051224786408;38.4692868322754;15.9071403964643;54.3949157587687;50.7687340309143;5.52733769461198;3.49849003607864
2016;1;21;9;23.2163495493512;30.1819145107422;28.3235049525333;44.2975259718577;41.0530509819666;4.77468066014188;4.54291815212057
2016;1;21;10;18.8076976194997;27.4326112116699;35.1707701704389;37.7959158227285;34.9254141017596;4.89206899394131;5.62513977480976
2016;1;21;11;16.5897249257772;25.9054586860352;41.614800788467;42.3297898976644;39.3966270739237;3.78628060190721;6.07569037606783
2016;1;21;12;16.8487363532908;25.2232569343262;50.4145833604536;52.2677286487579;49.3154169886907;3.42075154073133;5.46183429108322
2016;1;21;13;13.9293008830871;19.5068357373047;59.396507442982;31.2124839705785;29.9193368346214;3.10820659514698;3.63764956234798
2016;1;21;14;12.0831132664907;15.9138055181885;62.0137346676757;20.9797873486837;21.0999900193214;2.77857835343712;2.49836466415645
2016;1;21;15;12.7760861198801;16.1521171386719;60.6448617949091;19.2612040153503;19.4786834111214;2.63312441395405;2.20183612993377
2016;1;21;16;14.6183060480503;17.1585939270019;57.2142290940264;17.038279317983;17.3512145900249;2.39197113828755;1.65676725159659
2016;1;21;17;17.3270889137802;18.7643680583496;52.2506022280194;20.5205483589172;20.7780247611999;2.41407779522191;0.937388647111972
2016;1;21;18;18.3187218685781;19.3376620146484;49.7455956330042;25.0928182437897;25.2608875322024;2.42135886475965;0.66454935258876
2016;1;21;19;18.3632945553047;19.4909280583496;47.9224669827453;25.8144556244532;25.8933371834119;2.29654954928788;0.735438796180466
2016;1;21;20;18.8031568467615;20.1110277664795;45.3396690012466;30.7083103090286;30.714879579862;2.36583109687139;0.852989036029435
2016;1;21;21;19.4740951060837;20.740305284668;42.667324881017;32.5507993947347;32.5904490180333;2.33177472551542;0.825818040112233
2016;1;21;22;18.921639064219;20.4799673284912;42.5944531702924;34.6020331414541;34.5219023127238;2.43970371652254;1.01633647779676
2016;1;21;23;16.2758926906424;17.8310060146484;46.3101095929763;29.6328963512421;29.5480722740809;2.44428929875893;1.01423970451652
2016;1;22;0;15.6746786135119;17.1928570218506;45.8032974049866;29.602883842659;29.0977937405904;2.49695648833626;0.990150876149747
2016;1;22;1;15.0376747937329;16.570921605835;45.1118859930364;29.742214993604;29.4818897671382;2.47458361493808;0.999978438646084
2016;1;22;2;14.6909812177012;16.2084064233398;44.2809465611142;32.0977641176859;31.8783099806786;2.5964556216183;0.989659639869999
2016;1;22;3;13.0268685839759;14.3759456350098;47.0739609890702;29.2239572975159;28.8128031847;2.41275865355984;0.879863536945194
2016;1;22;4;11.117823076388;12.441001678772;50.7737223402488;25.8919177024841;25.7619848062833;2.60159392828551;0.862972655425084
2016;1;22;5;8.52237662988069;9.65988284674072;57.3170755488948;19.9355591932615;20.0115214665095;2.56663694490511;0.741877747083918
2016;1;22;6;8.23669714800866;10.1909600145874;57.5681607975808;19.8274144203186;20.0042615314166;2.39820560883177;1.27456370011699
2016;1;22;7;6.80845606177933;7.75583681750488;59.8160531831505;18.5127399776141;18.7192712948322;2.40009494686332;0.617878557735231
2016;1;22;8;6.12898835632771;7.18346051092529;61.3115767983431;18.2238503346125;18.3971371512095;2.44782676351561;0.687723209614635
2016;1;22;9;6.58604626225322;7.73625788323974;60.0493588178336;19.7913660294215;19.9573259819667;2.37286371605248;0.750164169126669
2016;1;22;10;7.816576616153;10.1713811678467;58.7543548822817;23.6213756692251;23.6758801486333;2.20261205608199;1.53579564642365
2016;1;22;11;7.88746165984951;10.8567184306335;59.8090677351817;27.5588965060994;27.4140704704867;2.18381326848573;1.93653932697055
2016;1;22;12;7.72348067167339;10.4574928102112;61.8838207412688;25.5978302898407;25.4146947091738;2.23111248013588;1.78311356524928
2016;1;22;13;8.00551359326747;10.330153605835;65.698391298701;25.3942829667409;25.2396144317309;2.13410387382991;1.51612243497472
2016;1;22;14;8.04176688581004;10.0900063649902;69.4021921262368;22.5979383525213;22.505358617719;2.27038742544741;1.33585493228959
2016;1;22;15;8.09124310613421;9.92358592700195;71.7117370889653;21.9448766410828;21.890974063619;2.4143190907934;1.19504785440485
2016;1;22;16;9.82412535733733;11.2320057664184;70.6301099889935;23.0177756692251;22.7488162534714;2.35642339513173;0.918214890232297
2016;1;22;17;13.5432490177224;14.6980793868408;69.8835305696083;27.1775856116613;26.4707471962929;2.80065060329795;0.753176501198065
2016;1;22;18;11.3152707507235;12.3862418540649;71.5637003789246;27.3019944714864;26.813310012881;2.66948604733871;0.698483768758743
2016;1;22;19;11.1277871748186;12.0616606862183;70.4605705297334;28.7434246334076;28.2396138763428;2.38232111119812;0.609069178198453
2016;1;22;20;11.0500249189243;12.2305286715088;69.108266024371;31.0679552578608;30.1195732426643;2.43950866632835;0.769920595958612
2016;1;22;21;13.346816449795;14.5839711241455;63.9037869481853;37.7201305776596;36.8585558650335;2.51557932114278;0.806868137507864
2016;1;22;22;18.5111308383899;20.2128990657959;56.915718692945;43.7687056735992;42.2890800574621;2.68292086851781;1.10988754161885
2016;1;22;23;18.8513151218212;20.5022994744873;55.320470742353;44.941869104894;43.3554312594096;3.64335699721186;1.07676646850136
2016;1;23;0;18.0085828708669;19.6166611678467;56.0597809610031;44.1414283461253;43.1107921175003;3.48656519526433;1.04878328260136
2016;1;23;1;14.8614742934444;16.1255020146484;59.0687133807516;40.1501235507965;39.7550604260762;2.73312355691685;0.824394648714128
2016;1;23;2;16.1799329239311;17.5009184525147;57.2567085755743;42.3767366794586;41.8688539011002;2.98591861085649;0.86154234003334
2016;1;23;3;20.6000345759995;22.4690591824951;52.3081570884266;47.302615694809;46.9125808006286;3.89744088969876;1.21897159220711
2016;1;23;4;18.9451837727384;20.7042066861572;50.6864423417063;48.5747026769002;48.0775306074142;2.70869510234775;1.14722885618895
2016;1;23;5;15.9868801787767;17.5905528468018;53.7042557031776;47.3658257799784;46.9053208977381;3.09100732542006;1.04590994614394
2016;1;23;6;16.1582855357675;18.0482093138428;51.8304211955759;48.1870576812744;48.0679071125666;3.15632009451934;1.232601961956
2016;1;23;7;21.5087007051792;23.7459692554932;45.2141946366968;51.8499034740448;51.733616621081;3.62005137065169;1.45913905974973
2016;1;23;8;20.9500703068968;23.0946655183105;40.7514375047578;54.5649298764547;54.4776646383285;2.45186678075995;1.39869781832268
2016;1;23;9;17.8606059075734;20.5506348905029;41.6367864644452;54.9012692967733;54.6996805618286;2.39125378160915;1.75442789838555
2016;1;23;10;18.3448186501072;22.106544;41.7328971987012;57.219092941157;56.5879126288096;3.12663202991253;2.45338468165082
2016;1;23;11;20.0249538934915;23.4798187738037;40.6819631764155;60.360831150945;59.2987005231857;3.05568060062096;2.25325131053832
2016;1;23;12;20.9732060863917;26.4968018686523;37.6832267526249;66.8939628431956;63.6485227060954;2.0893041044949;3.60247068016688
2016;1;23;13;19.222835113276;23.7533112993164;40.9961138441085;68.9314485040029;67.0574363436381;2.4914680341084;2.95476140376172
2016;1;23;14;16.7227139286911;20.6846277664795;44.3423969283758;66.349884305191;64.7022114080429;2.48886279206321;2.58394694336933
2016;1;23;15;15.9233732809081;18.9139627738037;47.7853520715074;64.9445021823883;63.3589732560475;2.97650590904421;1.95045245692513
2016;1;23;16;17.2661692655959;19.7631967883301;45.6626424141104;69.5214672251383;68.0167475961049;2.65546876288146;1.6285529920761
2016;1;23;17;20.5423520346249;22.1279585692139;42.1541380704872;75.3126739173889;73.6105333333333;2.31912319352229;1.03412727438934
2016;1;23;18;21.9390760831556;23.1766520876465;40.3181020898267;78.7392773742676;76.892483588028;2.46899724008432;0.80714292761516
2016;1;23;19;22.7506683159693;24.4199109489746;41.7728496616597;79.4246987894694;77.9227056906382;3.20634294204097;1.08867445782299
2016;1;23;20;25.0130916013018;26.6794360292969;40.8048451751606;78.7474930051168;77.7380015963236;3.46509606310486;1.08678425821642
2016;1;23;21;22.916810701477;24.3207929926758;40.7734057027299;79.0709224042257;77.7908467697143;3.25919128813629;0.915672550797534
2016;1;23;22;25.1838118765064;27.0260433577881;39.6815260063221;83.2106123018901;81.9466791666667;3.33487881012004;1.2014972056267
2016;1;23;23;25.0492297206797;26.7314425401611;39.0801894994006;82.9745377324422;81.5414791666667;3.00074883352117;1.0971335700279
2016;1;24;0;22.8899776329159;24.2645037080078;41.4621639746868;76.9226089385986;75.1491118400574;3.23343996709647;0.896461305250838
2016;1;24;1;23.0975750392774;24.6615877664795;40.0255243218408;78.3841594970703;77.0319409879049;3.31497881738087;1.02004386549216
2016;1;24;2;39.6634938339627;43.3205664525146;17.5691700760212;79.0620359634399;77.5956753487905;5.08317060235631;2.38513052057231
2016;1;24;3;42.6496023489569;47.7120478833008;13.8708541322702;78.7689544459025;77.1391496135712;7.77688240800529;3.30171003207466
2016;1;24;4;38.5982722196865;42.3489643212891;15.5811504471331;74.7201394671122;73.1249690170288;7.38568086592755;2.44618883404728
2016;1;24;5;32.3042510680943;35.1947192993164;18.9374341350406;64.450556645457;63.3392198513667;5.83455543370557;1.88515370519556
2016;1;24;6;25.8167314343222;28.0028461313477;24.9205000220047;54.1591764024099;53.3782219896952;3.9292623210646;1.42577668786129
2016;1;24;7;20.0826063823374;22.1940369052734;32.2546059903787;44.657003154246;44.3836262851715;3.17033274405525;1.37706791950902
2016;1;24;8;18.2583470145879;20.2337017810059;33.1915030919754;40.8918807203929;40.5524601872762;3.13895039070834;1.28831976659161
2016;1;24;9;14.8417042872285;17.8319237956543;41.4727167525183;34.4729298592885;34.2678079979261;2.98202100546658;1.95021115429238
2016;1;24;10;13.0611590152996;18.3789088175049;42.9914965076417;45.159500206693;44.5364201491356;2.55104574680705;3.46821862099896
2016;1;24;11;15.3026606380554;23.1849119124756;41.8129477722346;72.6848339385986;71.6294428042094;2.51874348505579;5.14077789707213
2016;1;24;12;15.8669096450888;22.7517292554932;50.2153587893684;81.6444379071553;79.9444851149241;2.20293828151367;4.49025630448442
2016;1;24;13;14.5775819789809;18.7034899561767;63.0786010386133;72.7596133205414;71.2868803418477;2.15757523083694;2.69090337215652
2016;1;24;14;12.6463048688626;14.9709600291748;75.2661946703007;57.7326557032267;56.8555136295954;2.19861321797983;1.51613231428314
2016;1;24;15;11.8744899494296;13.2434298977051;77.9991118247475;50.5912296206156;49.6676029459;2.05783983754912;0.892818052039481
2016;1;24;16;12.8774862082668;14.1110189780273;75.8964972006705;53.2837890708923;51.9534373711904;2.14343231249604;0.804505943457861
2016;1;24;17;12.5815908947547;13.6778362626953;77.611513498932;54.9488863128662;54.001385627238;2.25063174767023;0.714967559530281
2016;1;24;18;13.7884200509117;14.9418976641846;78.1351254253716;60.0680850383759;59.0797236692429;2.3155304246865;0.752294238363614
2016;1;24;19;15.5075245051966;16.395935357666;77.4451802720239;61.2710933077494;60.2340370223999;2.39438319641526;0.579418584220377
2016;1;24;20;15.286478029263;16.4338694014893;76.4150995150694;62.1079177664439;60.8038495223999;2.37872163257985;0.748324812325392
2016;1;24;21;15.112519037132;16.1704722919922;75.230704018544;62.8704655668894;61.8600709433238;2.25548682686023;0.689993571553666
2016;1;24;22;15.7880318535888;17.4587014306641;71.5050526918274;68.2280865687052;67.0648648583094;2.33254433281412;1.08960510596906
2016;1;24;23;17.3134968418784;18.8059730219727;70.8443529423956;75.0028254773458;73.7672107748667;2.33758678734995;0.97338796892133
2016;1;25;0;19.3463697892872;21.0040082628174;67.4140094266033;76.2698833676656;75.0000314605713;2.34307810196918;1.0811062638557
2016;1;25;1;18.3005470231867;19.8136735474853;67.9556412941416;77.5766768969218;76.3734908590952;2.3409189950216;0.986856054288905
2016;1;25;2;18.9296617833031;20.4836384233398;65.9012253433805;77.6915286659241;76.1685273315429;2.40943237919552;1.01349836303652
2016;1;25;3;18.5173802670516;20.0369952116699;61.7797881090031;77.723384206899;76.4688818470001;2.63415599330887;0.991087780302859
2016;1;25;4;17.903009758384;19.7133317956543;57.678638798155;78.1618337170919;76.9633940517425;3.17626616204815;1.18068597305231
2016;1;25;5;20.0192193586011;21.6941638540039;50.7801679314066;79.5224481030782;77.7827429706573;3.44783788302024;1.09239319339296
2016;1;25;6;18.1667051227581;19.9929426569824;47.6601451162819;78.6232519437154;77.349685573705;2.97975117992549;1.19106600689212
2016;1;25;7;16.7736779778848;18.8065848468018;45.9622247233917;80.782966364034;79.6670914278666;2.72998983352465;1.32585505519846
2016;1;25;8;14.915870074894;16.839519357666;50.927963012926;82.7770255241394;82.0022256064097;4.25588324307621;1.25459762323049
2016;1;25;9;14.4431651672267;16.5586847883301;46.0065458848254;82.4237522463481;81.3702817905426;3.5383531242701;1.37973481564642
2016;1;25;10;15.4066432037822;18.1705773138428;41.6124310723924;88.2325642456055;87.4489572681427;3.14541416145631;1.8026285749192
2016;1;25;11;17.5203234313612;21.9067783356934;37.9790563213137;92.7248568669637;91.4773209621429;2.84700662542748;2.86083120591117
2016;1;25;12;16.7638331502264;21.39528;46.0624243072846;88.2910794926961;87.1518103696187;2.62073192630708;3.02061413267139
2016;1;25;13;13.4532229934981;17.4328512773132;56.9043833357906;82.5396102302551;81.3169312970479;2.68613727442143;2.59550024577277
2016;1;25;14;13.8731827095478;16.6559674160156;65.5605865737693;79.3705421440125;78.5848696581523;2.37361839856794;1.81492287079781
2016;1;25;15;15.1789325446614;17.6407237664795;68.7511855355804;76.3153198677063;75.2527754964193;2.55923105442935;1.60557199456444
2016;1;25;16;19.1022234140916;21.5274375473633;66.3177528355075;80.4840169225057;78.8580416102091;2.60345734512424;1.58171653984824
2016;1;25;17;23.9455600313832;25.6747948905029;59.4541915018026;78.6864620928446;76.4796862683614;3.21013134799758;1.12780118688406
2016;1;25;18;24.8564517738085;25.9274848466797;58.0453967819297;73.2235470204671;71.5279743212382;3.40343090477939;0.698524185078617
2016;1;25;19;24.6243697661579;26.1483588614502;55.4727643571812;70.6113007503509;69.0763447305043;3.78723836288413;0.993940586730895
2016;1;25;20;24.4480098928024;25.8350970510254;53.8428661087049;69.1435460314433;67.6549376288096;3.54327321885034;0.90465360162347
2016;1;25;21;24.505885128197;25.715176321167;52.7818637594893;66.7660334144592;64.9124088565191;3.53393672499177;0.788695668218426
2016;1;25;22;24.7216748701517;25.9953989781494;50.4331920113791;65.6820678771973;64.3039331212997;4.0533342122755;0.830718599724465
2016;1;25;23;21.5076849956859;22.8165842044678;55.1524033320815;59.6646792072296;58.1036978884379;3.33825878133168;0.853659682714973
2016;1;26;0;20.2690201212818;21.3123757663574;55.1334029236579;57.367645682017;55.8806696769714;3.19334812465551;0.680473059314474
2016;1;26;1;23.2089779971698;24.9317152116699;49.4896528370522;44.1135955540975;42.3199763307571;5.33017391565054;1.12356344481255
2016;1;26;2;19.4293415231284;21.2768887592774;55.0640449610173;36.0074154241562;34.5678249677976;5.06909745482317;1.20496412315783
2016;1;26;3;17.6694947311659;19.5377337226562;55.2764050224017;35.2834305285136;34.0880006009738;4.56747986409264;1.21845921673039
2016;1;26;4;17.9596780425291;19.5894341898193;53.8754281125581;31.3684140537262;30.3469917954763;4.24330713277035;1.06292150401197
2016;1;26;5;16.0056088826326;17.4645138978271;51.2739740613289;26.1160878580093;25.6336714987119;3.39660440027327;0.951492967545812
2016;1;26;6;13.0920228564272;14.4860768466797;57.3108576938723;23.523813559322;23.20479799623;3.01608385379679;0.90919734615316
2016;1;26;7;11.62964983085;12.8494048175049;59.2402421282475;20.2356826641083;20.0290802452405;2.93555797289833;0.795520119434429
2016;1;26;8;12.6672278783412;14.1168314014282;52.2706046175043;21.000075;20.6353607748667;2.95277960244346;0.94542656552798
2016;1;26;9;13.5343189897672;15.9235949196777;49.3934888599551;21.2306166027069;20.9002601550738;2.77944703644164;1.55827776391132
2016;1;26;10;13.8503519885335;18.3623890511475;47.7298131100582;28.7591853729884;28.2649389085452;2.91154562464789;2.94273546918393
2016;1;26;11;16.2851204027346;22.4871086130371;48.6216476352807;53.762309305191;53.081751019605;2.72603867043288;4.0449159509661
2016;1;26;12;16.5866766596772;21.999472;56.0026087804077;56.3137865142822;55.4060077188136;2.84417658743208;3.53020700281511
2016;1;26;13;15.8354238607747;19.9681630657959;66.0540567358657;51.9444670800527;50.3365206589381;2.77309450079883;2.69535867607818
2016;1;26;14;15.5437377075114;18.6282335766602;74.8582089973342;49.1997639897664;46.8816841409047;2.72048175451926;2.01169788118642
2016;1;26;15;14.4427361732353;16.6746285838623;79.4995383640507;42.6468474978129;41.5002903814952;2.64218437298567;1.45563275944132
2016;1;26;16;13.1764473199188;14.4677216350098;83.7855488865023;37.8056403921763;37.1430398127238;2.32778617920658;0.842164786045183
2016;1;26;17;13.1540687361248;14.1333509489746;88.6355746841285;42.844191108195;41.9365559750239;2.60047643631623;0.638684581288529
2016;1;26;18;12.6060500362354;13.4447251094971;82.6008913663881;37.7563464791616;36.5126163366954;2.50054324730591;0.546981075500659
2016;1;26;19;14.1014764912094;15.322462072998;86.4808776802327;58.1278464152018;56.5740680430094;3.15085591731753;0.796322709461517
2016;1;26;20;15.8695928382918;17.0172589196777;85.0556563859992;61.4032147229513;59.5397943737666;4.37527967478563;0.748503976719788
2016;1;26;21;16.3337942717905;17.772881284668;81.7545123644668;64.8811247784932;62.6640552586238;4.72779798293875;0.938567732771028
2016;1;26;22;16.0648576313705;17.3601951241455;78.7027098864192;57.5658276129405;55.9222025327047;4.99607895593453;0.844814776930155
2016;1;26;23;14.3059565637703;15.4849055474853;75.4586370712138;46.8563635961242;45.5816248513561;4.56586751511776;0.768906580906182
2016;1;27;0;15.1462209980876;16.3534124379883;69.7273954030198;47.0317812896193;45.7020280357495;4.5479865627863;0.787326216295036
2016;1;27;1;39.8636683723835;42.2853331386719;30.7537283659786;55.7629078911521;52.3180715360468;6.45670009799469;1.57940165458242
2016;1;27;2;39.7263731574158;42.5117138686523;23.4867086675852;52.3958787857859;48.913238079138;8.41102676509334;1.8165898885523
2016;1;27;3;31.3757209210626;33.8330696057129;31.4270503164919;45.2823999420742;42.866110859709;6.16638165934504;1.60267458669396
2016;1;27;4;24.3092995290119;26.291223824707;37.4523300320037;36.1821922255047;34.606199092574;5.23362414966041;1.29260439159612
2016;1;27;5;20.0072307410544;21.9089196204834;43.7579539620625;35.8375690729141;34.1462480494499;4.34813891938829;1.24027512167779
2016;1;27;6;20.3398790168141;22.1374418978271;39.4176051083504;37.3475750639598;35.5281489858309;4.45464992778041;1.1723644940498
2016;1;27;7;19.3557268762202;21.1217873869629;39.1386246793326;36.4738641816457;35.0954290700595;4.21004419513083;1.15181875360674
2016;1;27;8;18.859044038835;20.9532255766601;38.3684539477425;33.0100384484609;31.7629967830976;4.87953325661244;1.36581818915689
2016;1;27;9;18.2788636672312;22.7887455474854;36.0787465253087;33.1891064215978;32.0795593797048;4.6353750099999;2.94132986646283
2016;1;27;10;16.1888934607077;21.8532421314697;44.4073407384793;32.9397857863744;31.79794534235;4.58683933353075;3.69426924290808
2016;1;27;11;16.4009681645186;23.8276498103027;46.9310648585216;51.2533454433441;50.0137111504237;3.61240589618968;4.84365691019496
2016;1;27;12;17.7136400689238;25.3762168759766;51.9112066982415;62.7906562616984;61.4254936573664;2.93139294097184;4.99750694476715
2016;1;27;13;15.4238788583836;19.7846111241455;65.4243690672991;53.5554086999257;52.5511075257619;3.12894676807549;2.84405498713654
2016;1;27;14;13.2925584300487;15.847726715332;76.8581134034566;41.1155478644053;39.8436977972666;2.82160492760328;1.66647220279725
2016;1;27;15;14.7180038016009;17.2356856351318;78.8736627059338;42.1116555285136;40.2917814793905;2.6576090124751;1.64202366444199
2016;1;27;16;16.9998607210737;19.0387782481689;79.3912373250176;46.4574077748617;44.2112472740809;2.88131924776448;1.32977518634297
2016;1;27;17;17.9381305146749;19.2103994743652;75.1225048541179;41.9357734868368;40.3029245734215;2.74256492113352;0.829769556869155
2016;1;27;18;18.3844019152617;19.5462995036621;68.6553033468339;34.5311102450689;33.2826656202952;2.5501499856855;0.757785717957813
2016;1;27;19;16.0291025372148;17.0099168466797;69.9646071901894;33.2960780286789;32.412498604838;2.44880303546622;0.639683809572578
2016;1;27;20;15.9506293950381;17.0197060147705;66.8140410297;37.7466217817942;36.956310251681;2.36232790444666;0.697248192890309
2016;1;27;21;15.1545091988004;16.3219026569824;66.2515136658209;37.9355818669637;37.1813648583094;2.44628405430065;0.761370105833145
2016;1;27;22;13.0948171536767;14.0773676204834;69.5653018220056;33.6525371419907;33.0979620090167;2.35439369682245;0.64081612557946
2016;1;27;23;10.9969003376584;12.0472824963989;70.2983778540481;28.973295682017;28.6736843608856;2.19306026727103;0.685055728006988
2016;1;28;0;9.94419414169624;10.9863519708252;68.7536254784401;27.0566980243047;26.9509093019168;2.14219408741341;0.679691847763501
2016;1;28;1;8.94658184147531;9.85230656933594;68.8248352431061;24.605411376826;24.6358665244738;2.0435264817576;0.590710635796131
2016;1;28;2;8.65612471113193;9.49958078833007;67.7282076177409;24.7564790153503;24.8830385785739;1.8578232614811;0.550099230264692
2016;1;28;3;8.4473510070352;9.45950522631836;67.2012085142155;25.4009896589915;25.5146439149857;1.77447615993082;0.660123593852563
2016;1;28;4;8.06991232029524;9.03519430651856;67.1864597812325;24.6468250319799;24.6990101550738;1.81964941435059;0.629553680345439
2016;1;28;5;7.43667669007753;8.29884481750488;68.2304163816601;22.2609284100851;22.2478878165881;1.7421602725688;0.562303166789703
2016;1;28;6;7.37410710887508;8.18626618981934;68.2513296950994;20.7413653282166;20.731257920138;1.7823734011127;0.529687434067726
2016;1;28;7;7.0119483166518;7.9978194890747;69.0372996808871;19.0626866154989;19.0814187272072;1.79643134314453;0.642981878667031
2016;1;28;8;7.10734793521033;7.9112441751709;69.153173353897;17.2621144203186;17.2044984304428;1.84611941183231;0.52429843683621
2016;1;28;9;7.21040858612574;7.85464897808837;68.5003627710244;15.6677720364571;15.6318159529845;1.95759896448726;0.420171427184837
2016;1;28;10;7.37713528495514;8.41815359124755;67.9832314594985;15.4581886551539;15.3522280747096;2.01947064817207;0.678948654783809
2016;1;28;11;7.23677314508982;8.80085948907471;70.0705687846402;15.308127039655;14.7852856621583;1.75118556204409;1.02009187811148
2016;1;28;12;6.71325287805974;8.08531259857177;73.4337800868473;14.8913076321284;14.4749700096607;1.69352903623071;0.894852757049423
2016;1;28;13;6.8607471159661;8.39329759124755;76.6496711259413;13.9897639577866;13.6010886402607;1.76971217401357;0.999524290102496
2016;1;28;14;6.42812164105609;7.72065598541261;79.0991690957924;12.5840466218948;12.6021018217405;1.77600638427968;0.842986572914525
2016;1;28;15;7.40677206747897;8.68032706567383;77.6157894029924;13.0618966858546;12.680778104194;1.89493542794399;0.830608306877087
2016;1;28;16;8.2127051293507;9.35457465698242;76.9698833580839;12.4420330147107;12.3817743185202;2.0172611760922;0.744723483763992
2016;1;28;17;7.83518265847175;8.68766913867188;76.1125639322894;11.2415396430016;11.2158112953345;1.96185780487282;0.555988828875289
2016;1;28;18;7.9259844280747;8.80575421899414;75.3287180930999;11.5906216059049;11.5754263951619;1.83878498956439;0.573782912801537
2016;1;28;19;8.24306337857819;9.1190163503418;72.7357219251267;13.1321489801725;13.0598089987119;1.82352572378664;0.571293596124072
2016;1;28;20;8.67649161250703;9.72045505108643;70.1186243246863;15.7338326321284;15.5210612953345;1.76044346961864;0.680869460203197
2016;1;28;21;8.96127542288191;10.019950715332;68.455450025991;17.4329665547371;17.2308365985394;1.46817902269301;0.690464482052983
2016;1;28;22;9.4150238471843;10.3674757810669;66.3787415577479;20.4724279795329;20.0837821769714;1.8630112220073;0.621185963154591
2016;1;28;23;8.39797300497793;9.39403837957764;66.6990891787956;20.2331676065445;19.9465205945333;1.82022791770335;0.649630503203885
2016;1;29;0;8.37402187142832;9.49285052557373;65.2805003287198;21.6489452046712;21.3962924098333;1.88527647554167;0.72969630320048
2016;1;29;1;9.09650569679243;10.4326367299805;58.7325466771801;22.834012953949;22.6716595218976;2.00040893717877;0.871420187440106
2016;1;29;2;8.44663348395022;9.57697852557373;61.3731444788223;22.7528623806636;22.5887623900096;1.8827276482926;0.737207252565122
2016;1;29;3;9.14070672894838;10.451909751831;55.5962334817684;25.1701125553767;24.8129728160858;2.02719502343783;0.855162222559983
2016;1;29;4;9.70213853584581;10.9303687590332;53.768816585294;27.5021883205414;27.2021330945333;2.87377873539515;0.801047640331946
2016;1;29;5;12.4445608477293;13.9400096641846;47.6405421464446;33.0110755906186;32.5855212982953;3.97127232816681;0.975326712405733
2016;1;29;6;13.24317004041;14.758345605835;43.9223447259501;35.3897315814972;34.8610884819667;2.64564770848967;0.988192432052757
2016;1;29;7;13.1459334984819;14.7442732263184;43.320901812635;33.9647324254354;33.3800823325475;2.43546187585744;1.04243182040378
2016;1;29;8;12.6872443040969;14.5405305693359;41.1272560135635;32.4347741240819;31.8450497934023;2.26903691687816;1.20870709872022
2016;1;29;9;15.271111177531;17.8102034744873;36.5130780735309;34.5044515303294;33.6144234036763;4.62660432033989;1.65598749702118
2016;1;29;10;13.3830401405629;16.940167036499;39.368704361419;35.5029064855576;34.6787485914548;5.06494257465146;2.31994625482861
2016;1;29;11;11.903883937449;15.2056006131592;41.5474551655677;33.3045207898415;32.5139243863316;3.43636112711492;2.1533685641269
2016;1;29;12;11.1186892904235;14.266120321167;51.0951283294506;30.4408309463242;29.9965337537022;2.58575958360021;2.05274398291688
2016;1;29;13;11.3595236800044;14.7210234160156;56.1744916103206;38.1795197636835;37.5507609521603;2.44685013116663;2.19235887594458
2016;1;29;14;12.683570986368;16.3326098394775;58.7859944068966;38.7822989813487;37.5671491924286;2.47267044136701;2.37989092564206
2016;1;29;15;12.3309642157991;14.8033157081299;69.2111017278862;41.6572792711894;40.5029923374812;2.60320029299626;1.6124593676446
2016;1;29;16;11.8266540393999;13.3927187445068;73.2970678818984;42.2788195354462;41.1094412534714;2.42546399229568;1.02138215861317
2016;1;29;17;11.728038150412;12.9081414890137;75.1445189911702;41.4897802430471;40.3929127388;2.39305868757695;0.769659447299303
2016;1;29;18;12.7663811744053;14.0060882628174;72.9633324790294;46.1006705623562;44.7949186894045;2.69647391986315;0.808532813415186
2016;1;29;19;12.5202916924306;13.7671647008057;73.2726244343311;45.7314575888535;44.27481029767;2.57831072336208;0.813206402428747
2016;1;29;20;13.1827758675845;14.4371296641846;70.890061349871;46.6851733322144;45.3179013855498;2.61135995331213;0.818085347468756
2016;1;29;21;12.3657406320051;13.3088965839844;69.4611619379655;47.1238917595815;45.2457895735401;2.74055980715942;0.615123154873503
2016;1;29;22;12.9687955670276;14.3643207590332;67.1914832125771;52.3798152282198;50.7371078830654;2.64992321379893;0.910156859012012
2016;1;29;23;12.7753818377433;14.1520120876465;65.8344333580786;52.1598594000865;50.3691656744359;2.45048936967058;0.897833641019484
2016;1;30;0;12.8176593818946;14.2300216351318;62.9618679811334;50.6435276605638;49.1181966424069;2.53590545006893;0.921137933988932
2016;1;30;1;15.6967859158908;17.0830317371826;55.7762986667515;53.1089096320201;51.3715202805471;2.43352024894155;0.904104884493141
2016;1;30;2;15.3719692913927;17.0212358831787;54.4091513186209;51.4219487212609;49.4021621888917;2.35370414903367;1.07564615060523
2016;1;30;3;15.878373197952;17.6817170803223;52.1275172587841;52.0026479455312;50.0253608848572;2.37050000016376;1.17613484378435
2016;1;30;4;13.6634118590223;15.2573011678467;52.7283891903779;49.0782058483124;47.5494200257619;2.20489675848332;1.03952927202089
2016;1;30;5;13.2742819029851;14.6424018686523;53.3530602894098;47.7001535380046;46.3981454845428;2.30431193364438;0.892283262127124
2016;1;30;6;14.5175893104571;15.9220653430176;44.5040478010405;49.5810380179087;48.7344609116236;2.44843414191097;0.915994567260903
2016;1;30;7;13.942414671022;15.2787155328369;45.8984006608779;46.8083344970703;46.0071272294998;2.33790286589258;0.871530949102116
2016;1;30;8;13.6442636838436;15.2187552700195;44.7487502737696;46.8175558311462;45.9588413366954;2.22059631078983;1.02687814223919
2016;1;30;9;12.0038776395931;13.9678483649292;49.8806498170838;44.7203811977386;43.9206853160858;2.09470554368128;1.2808951331036
2016;1;30;10;11.8191324301879;13.965400963501;51.5510796195409;45.040121845754;44.1952080945333;2.20045288720284;1.39978915326433
2016;1;30;11;11.3608312066765;14.1263148613281;52.0493856358509;44.6390627620697;43.5698494768143;2.27775533900272;1.80363918271476
2016;1;30;12;10.2016374111696;11.7777670510864;61.4611926858352;39.043187953949;38.0167525059382;2.11573166540316;1.027946475406
2016;1;30;13;10.0970093918016;11.6878265693359;68.4675056531921;33.9073905520757;32.8663226550738;2.08239827740258;1.03752563827684
2016;1;30;14;8.9189824930197;10.0499309196777;72.9566482273335;19.7730903761864;19.526294486475;1.93074689781927;0.737600778264938
2016;1;30;15;8.90564805255099;10.2151277080078;75.9346702862154;14.4533623966535;14.154693171819;1.75650812777388;0.854038248093439
2016;1;30;16;9.01207593494897;10.1554732409058;76.5719251161578;13.9185056564331;13.9061704845428;1.68297089557637;0.745719895673706
2016;1;30;17;9.04598316869424;9.97528642333985;74.6029093378984;15.5955076161385;15.610543013525;1.65775465191537;0.606088472041356
2016;1;30;18;8.55254364574055;9.41055810217285;73.6098236243958;16.5896033621152;16.4273586499214;1.88997057488309;0.559594156470228
2016;1;30;19;8.03171236427222;8.81279046710206;72.2523345262475;15.4939017050425;15.4369823835691;1.94605458893535;0.509416524178244
2016;1;30;20;7.82350153449854;8.45578175183106;70.6481810080297;13.3662116314888;13.4032159529845;1.84089905381969;0.412371041325128
2016;1;30;21;7.47842075510986;8.29486781024169;70.0529849711804;10.6558799872081;10.9174828262488;1.83736367247938;0.532484036479806
2016;1;30;22;7.37265006445241;7.96875708032226;69.0477542997596;8.79444467817942;9.06352396972974;1.90609757004573;0.388779000413025
2016;1;30;23;7.2111323372114;7.45542335766602;69.0180493489117;6.17431768649419;6.44525666988691;1.92876225751577;0.159325785829971
2016;1;31;0;7.10370846462943;7.91185602917481;69.4192128168704;8.64958068841298;8.70357131626606;1.84166365404475;0.527071136500042
2016;1;31;1;6.78439138327026;7.46980162042236;70.5544585223425;11.1597183876991;10.9471975611846;1.79250477645348;0.447022262410393
2016;1;31;2;6.69349287405631;7.45542338684082;70.9777518371193;11.5373036647479;11.2107462760131;1.83459333677531;0.496928530043037
2016;1;31;3;6.46051846402152;7.27982529925537;71.7809699030945;11.9304820108732;11.3996708011309;1.93586020166569;0.534349175489856
2016;1;31;4;6.13109276098259;6.88916547442627;71.9780669295338;12.1016696621895;11.571205513525;1.80899912004069;0.494412486226079
2016;1;31;5;5.96719686322582;6.58936375189209;72.202936100186;12.4992072975159;11.480541999356;1.88542480836913;0.405775162221146
2016;1;31;6;5.67419106770118;6.12405951824951;73.8720257952211;10.2501266410828;9.79406582689285;1.76171908753967;0.293402697611804
2016;1;31;7;5.45347289604402;6.1681120145874;73.7637943904946;8.24047398017247;7.97708148744106;1.92037013945855;0.46608524101653
2016;1;31;8;5.07474646663526;5.7174917956543;74.7608791650751;7.15013766730626;6.97792583172321;1.7876234111823;0.419196352137415
2016;1;31;9;4.96548152022323;5.71014983935547;73.7629937700905;7.76631266730626;7.2928000161012;1.7764059084579;0.485670185124427
2016;1;31;10;4.91310173104339;5.71137337231445;69.7850849914272;8.61168799392382;8.2678125161012;1.80765790980685;0.520630092398023
2016;1;31;11;4.81981799959353;6.13537856933594;65.608205739659;11.1732993467649;10.6027774790684;1.85924246328479;0.858004200035974
2016;1;31;12;5.88449658686946;7.03906623358155;61.7762702044367;13.0236686903318;12.1930187272072;1.74410572573969;0.753006458917353
2016;1;31;13;5.48970965575303;6.72641604376221;60.8208966516618;13.6265980562846;12.5794782008012;2.00896116180079;0.806575766656616
2016;1;31;14;5.54147741397599;6.30921768241882;64.0062750681626;12.9681709206899;11.7003629909833;1.92216728717016;0.500717633236511
2016;1;31;15;6.15174185792638;7.00059680656434;65.3986262080239;14.938254301993;13.2487334755262;2.04878554407108;0.553620356146197
2016;1;31;16;6.06862228752708;7.20854598535156;63.9030084625469;16.7887913160642;15.6338419510523;2.03993610452522;0.743454420076952
2016;1;31;17;6.8697612910943;7.80447811676024;62.3042719001004;18.7543477536519;17.6426210238298;2.01381030999859;0.609619184940081
2016;1;31;18;8.03105712571673;9.07802309484864;60.31643658923;23.8380008759181;22.7712711821238;2.15352943613087;0.682827700579231
2016;1;31;19;8.02053940557029;9.19794369342041;57.0415981020168;25.5101405988693;24.5116051164309;2.01849372363731;0.767899135433629
2016;1;31;20;8.30695267375932;9.78072124090576;53.0094119553647;27.6711963192622;26.617632144769;2.09947082873711;0.961186926376363
2016;1;31;21;7.93743686098418;9.3873081897583;50.6237072269973;27.0312128112157;25.9078568281809;2.05390897529448;0.945601227500694
2016;1;31;22;7.16148867956267;8.35880505114746;52.1903039417671;21.3064019117355;20.8583895605405;1.95863358523249;0.780885729794052
2016;1;31;23;7.494898160749;8.39826883209229;47.4637660883491;24.0242785528183;23.1504708011309;2.11780258833914;0.58917532801521
2016;2;1;0;7.68897647728552;8.62648512408447;43.3035648300525;24.8548992987951;23.9586759819666;2.24353301462295;0.611440001338015
2016;2;1;1;6.33576312119118;7.55392964959716;47.3965519393958;21.841929317983;21.3280837599119;2.01853674379405;0.794484132281515
2016;2;1;2;6.49099009832158;7.58176827740478;45.147233840482;23.6711726577123;22.9129223706881;1.92867443726058;0.711401877257717
2016;2;1;3;6.2284030841544;7.40035770806885;42.2589535457529;24.7325026129405;23.9365588887215;1.88129543960028;0.76434488285634
2016;2;1;4;6.10075270046913;7.16602305108644;44.7501695770851;23.5021646270116;22.7586086499214;1.88453800837061;0.69476575691411
2016;2;1;5;5.09446726403909;6.40336451092529;60.6664768138505;16.4497692796071;15.5298406363964;1.84529288241131;0.853658403173166
2016;2;1;6;4.80669403437683;5.67711037957764;70.0127688087079;12.3694901155051;11.4538262548123;1.81644118196193;0.567682626812451
2016;2;1;7;4.78504746471945;5.62938684674072;71.0420420659961;12.1072027248701;10.884053882281;2.01858108644509;0.550675318713665
2016;2;1;8;5.27581293243201;6.13170750366211;68.1451904133526;12.4058170332591;11.4437362792333;1.90700700536601;0.558211574437208
2016;2;1;9;5.23095984542571;6.29659837957764;66.7962614547328;12.3925713352521;11.281318711106;1.84289281988115;0.695005884982979
2016;2;1;10;5.33821292204915;6.43609794158936;65.8050108091637;12.7592583333333;10.8551833655357;1.86964464526489;0.71603693481519
2016;2;1;11;5.20992023538824;6.43976897808838;68.0858879330785;12.9217670705116;10.7909121765363;1.81275975829136;0.802103233340523
2016;2;1;12;4.85871792272391;6.26661830651856;71.0195495929969;12.5679506692251;10.2627470996857;1.72739238837726;0.918227917673601
2016;2;1;13;4.76751125636394;6.00383299267578;71.6333995056184;12.2805700607618;10.2943189632893;1.98471632811534;0.806324898107148
2016;2;1;14;4.77353973939781;5.86494537219238;74.717022364253;11.5019259558678;9.74881845620473;1.98705940525331;0.711811100468006
2016;2;1;15;5.06161355251996;5.98333626281738;75.6385506557287;11.4531349744161;9.9203530880928;2.16573172180583;0.601144466391677
2016;2;1;16;5.3761569764705;6.02065849639893;73.8675446965171;12.1695746334076;10.3805928230286;1.98224857843276;0.420341733970058
2016;2;1;17;5.92943199568153;6.85826750366211;72.0073347028438;12.7154972751299;11.0567703584512;1.94389717875707;0.605783409232105
2016;2;1;18;6.67203891584742;7.3324434890747;71.5753615625418;13.4093020236651;11.9514181396166;1.91504039506625;0.430713652099596
2016;2;1;19;7.59512527949525;8.35299262774659;68.8961876452763;16.6744426705042;14.7950779297988;2.08694635071761;0.494278547735053
2016;2;1;20;7.79842615874463;8.51329471533203;66.138402627255;17.8172586519559;16.0721333333333;2.12184804398418;0.466234879740843
2016;2;1;21;6.87591753868929;7.82650429199219;65.3717005712725;16.0683276928902;14.6728426808357;2.08575714095713;0.619969498623807
2016;2;1;22;6.09759774547475;6.79983680291748;65.2329770149187;14.4315656148593;13.1634726228714;1.9244048553291;0.457997962673167
2016;2;1;23;5.63805076371348;6.16719423358155;65.961174652812;14.2900549712181;12.8637934884071;2.06060143387992;0.345105599856424
2016;2;2;0;4.97490718488239;5.61592639416504;69.4401387615028;13.228054301993;11.9784315115929;1.8644187985795;0.418070582623147
2016;2;2;1;4.5197005206444;5.30174654016113;69.5786698839585;13.7927557203929;12.4773339665095;1.91017376307187;0.510047796201549
2016;2;2;2;4.29189936270051;4.9444320145874;72.6116766369391;12.6480953154246;11.1430442020893;1.92698599087377;0.425579611350917
2016;2;2;3;3.94454545559483;5.02335931390381;71.8988179049621;12.3169536007881;10.7721173481464;1.82078708552344;0.7035987872967
2016;2;2;4;3.89837435762557;4.59721277374268;73.9313441311291;10.4833509398778;9.26190318470001;2.06554265335743;0.455780075783487
2016;2;2;5;3.68611620260406;4.47362111679077;75.820072113228;9.08434032022158;7.9370679652214;2.12758845092087;0.51360806903286
2016;2;2;6;3.6455463070138;4.09917511672974;75.1951143111907;9.14084400895437;7.77768932979107;2.12903060435102;0.295855191273936
2016;2;2;7;3.79949587779066;4.41733185400391;74.1418649440857;9.34321767849922;8.02182232238452;2.02960912418382;0.402950555616064
2016;2;2;8;4.04860715163031;4.56233791241455;74.3025708348991;9.26592336691221;8.04410833333333;2.11608376379531;0.335053482582606
2016;2;2;9;4.33201295234603;5.0973919854126;69.3133458672151;10.1253827120781;8.80419600772857;1.99992093528011;0.499177643427827
2016;2;2;10;4.35186956009361;5.31184191241455;68.2380686786066;10.4873749520302;9.21851303928693;2.00362144852362;0.626090754887139
2016;2;2;11;5.72600554030531;7.03539518249511;62.675439937187;12.9824226896922;11.5357505714893;1.93585182257621;0.853979541741989
2016;2;2;12;5.67765822460303;6.93872449633789;64.782233887441;13.3973976896922;11.9341971962929;1.90110077375721;0.822463201283143
2016;2;2;13;4.39717778572456;5.55382465692139;68.6694944331666;10.9003380179087;9.69749310741424;1.93782224313328;0.754361217773245
2016;2;2;14;5.54994560507644;6.70622527008056;69.1193035544548;10.5076625713666;9.85366405345599;2.05145086367076;0.754121727123502
2016;2;2;15;5.72223348337299;6.85276097808838;71.1555769475335;10.1979822815259;9.4636589423577;1.9900085289555;0.737326247860925
2016;2;2;16;4.19865071353435;5.02764224816894;75.6490169317007;8.72838393859863;8.25802015990416;1.77972364982916;0.540665504021619
2016;2;2;17;4.15056696914534;4.61128510220337;75.7332597130564;8.64136497761409;8.39021668276787;1.75582176354235;0.300478824227698
2016;2;2;18;4.29718074940159;4.74344253286743;74.5529164045852;9.01928565163612;8.87898919564883;1.86945722727147;0.291050441413129
2016;2;2;19;4.19756582758268;4.92362938690185;73.6841945839667;9.37272699168523;9.17495396811962;1.94825893390537;0.473536223049693
2016;2;2;20;3.9099793217102;4.52287429193115;73.892038252088;7.57550803869565;7.50991969307264;1.84653998828347;0.399728048046825
2016;2;2;21;3.81175972450871;4.38857535037231;75.6961765147141;7.21569534740448;7.17748682657083;1.86788390264293;0.376197220424642
2016;2;2;22;3.47848995279634;3.95906369342041;76.0242710517;5.84921203006109;5.98754949291547;1.91456642223644;0.313428585019989
2016;2;2;23;3.77916108009073;4.27630275180054;74.2356812012099;5.43574596865972;5.69614317986965;1.85537230573127;0.324234134216592
2016;2;3;0;3.58973795871384;4.1943162043457;75.8193649597314;4.61501764252186;4.93301651239792;1.82106151066484;0.394303908108228
2016;2;3;1;3.14775494894039;3.63478849633789;75.974971515407;3.88885332214038;4.2870601752003;1.71253927226307;0.317641649374832
2016;2;3;2;2.87826884416369;3.44328254745483;74.8340449340074;3.13636533621152;3.50772551513513;1.85741832703158;0.368500046027229
2016;2;3;3;2.90798236045042;3.42125632116699;75.0167507328334;2.00746566482782;2.40169833051562;1.67060480940035;0.334755559107514
2016;2;3;4;3.30682810378839;3.87677121896362;73.7047103138087;1.79251699928045;2.21328032906652;1.93314763780543;0.371714991957907
2016;2;3;5;3.27944980481677;3.84464962771606;73.0908316749488;1.25514533541203;1.6740266624401;1.74089757017293;0.368621432612669
2016;2;3;6;3.32428901591407;3.94866242333984;71.6139731621224;1.19344399996002;1.59602566336592;1.64548339431651;0.407214246370261
2016;2;3;7;3.73577127432191;4.63392321166992;68.7848531912321;1.8035829987208;2.19656583896875;1.8247750584544;0.585771687172056
2016;2;3;8;3.90117764712321;4.63637056933594;66.6235064856038;2.51365132645766;2.86160034073989;1.90541021781244;0.479490362970331
2016;2;3;9;4.28846439029916;4.97380027740478;66.0370739560419;2.90163200287819;3.25059234009584;1.81859195483483;0.446973771558952
2016;2;3;10;4.26898059774727;5.14756289050293;62.1263442172313;4.01879500879447;4.31407350692352;1.87796184454979;0.573008430474011
2016;2;3;11;4.35719554580796;5.68934719708252;61.9749977999028;5.88391897697449;5.96610767600536;1.95362615035758;0.868824847876245
2016;2;3;12;4.92950016805365;5.67986370800781;63.0670121764199;9.1723653681914;8.30276095459461;1.94374936000975;0.489384589080982
2016;2;3;13;4.04550464579518;5.00194499267578;62.5653053626949;9.03119003357887;8.2765917686065;2.0167037132852;0.623787192761565
2016;2;3;14;4.24884148539233;5.08087230657959;59.797941612106;9.261396367232;8.63451851255894;2.12949420323705;0.542647716537923
2016;2;3;15;5.07062008881403;6.0973679927063;60.403313301334;10.9395720044772;10.3177868185202;2.25223992727447;0.669641546105473
2016;2;3;16;6.59186960715222;7.945889580307;61.2448996911416;16.3649298592885;15.5885946286678;2.48659982150428;0.883087294207117
2016;2;3;17;9.07399531384651;10.1530258978272;49.1781122047141;18.1869636551539;17.7655316215833;2.20444076457015;0.703740135054322
2016;2;3;18;13.1852092874698;14.5307412261963;52.7170913702264;7.4578059680601;7.73126016815603;2.07460751951044;0.877551426564837
2016;2;3;19;7.48829863927226;8.28783160589599;70.5353770841621;4.77564239285588;4.10269423127274;2.03621163514374;0.52145272457102
2016;2;3;20;7.40113124759902;8.97706950360107;69.285720413104;1.48870500519673;1.92136749838988;1.88237441562442;1.02782165545741
2016;2;3;21;3.94256130864303;4.56723262045288;71.6209592442369;3.06996932557821;3.155708006682;1.82043065829812;0.407408538612386
2016;2;3;22;4.19942606279526;4.94902081750488;69.8094095712426;5.99172869972587;5.20078618232508;1.89792347034015;0.488883189917836
2016;2;3;23;3.70393192308638;4.21420105102539;71.3950668621764;2.15199433357318;2.63688316497604;1.79749576473323;0.332795817228004
2016;2;4;0;3.31536804321241;3.85566274450684;72.1102518210556;2.95293798592885;3.39426949452559;1.78444326413975;0.352378395666397
2016;2;4;1;2.74793330270901;3.47265089779663;71.5645771537967;3.20745599504312;3.4916863315622;1.60250927007747;0.472658389683194
2016;2;4;2;2.70105313713481;3.47050947442627;66.3626604408291;6.37602067002455;6.75962432657083;1.77282536356792;0.501836847595423
2016;2;4;3;2.77496824081024;3.52496318978882;63.5322211458162;7.91235035060247;8.02300417471727;1.80142597699109;0.489144195280486
2016;2;4;4;2.85731472340016;3.39525310949707;61.6003090683454;14.1902933317343;12.5369321125666;1.82459662068495;0.350841614781821
2016;2;4;5;2.89038371934745;3.34936516055298;58.925230868846;13.9922790393353;12.7903510383209;1.87176716635826;0.299346159614693
2016;2;4;6;3.55562065301228;4.24754626275635;65.282871048138;4.64301802110672;5.02553717938662;1.87184490841694;0.451271566606095
2016;2;4;7;5.67989017587884;6.24275648175049;62.606169454781;4.87926033701102;5.19065615475178;3.44777704353896;0.36709952061817
2016;2;4;8;7.81667925275205;8.56988992700195;62.9114806739697;5.35761333653132;5.49911466248035;4.05105924913077;0.49124148053851
2016;2;4;9;4.41253929201424;5.85240259851074;65.8212087135474;4.90809899616242;5.07770666183631;2.3421387391889;0.939074028870891
2016;2;4;10;3.80099037006109;6.01515195623779;61.8395099997022;7.02103432517847;7.186772630922;2.03790672285544;1.44406877508491
2016;2;4;11;3.9189960589917;6.11304637957764;59.1110834354173;9.09372962861061;9.25751353027026;2.08373319332068;1.43095227498466
2016;2;4;12;3.71754918730096;5.57523903649902;67.384718024642;5.32106200607618;5.44188018083572;2.51903342105381;1.21157910143827
2016;2;4;13;2.86366291150571;4.23377988317871;74.5873116472026;4.00387267370224;4.17917567745447;2.0408732864668;0.893585702759532
2016;2;4;14;2.58846744981421;3.80855104379272;78.6127686926315;3.32968499440352;3.57424581723213;1.67093208400754;0.795734436030968
2016;2;4;15;3.08847773855529;3.91776448904419;78.0935266981591;4.28488199488322;4.3827886764884;1.86757449611638;0.540858042813631
2016;2;4;16;3.46364064562449;4.35706562771606;73.3580140751264;5.21375531382561;5.27794298937321;2.01621153857533;0.582688782776251
2016;2;4;17;3.52293064289996;4.23377989047241;75.9440292579081;5.7839896589915;5.60176534396013;1.91347714754081;0.463613499855047
2016;2;4;18;3.59870779160435;4.3020000291748;74.470030273058;5.90152401215235;5.91208101255894;2.03358793810071;0.458684843227173
2016;2;4;19;3.99163564503661;4.53052228463745;75.1619280291944;7.3332296845754;7.31103405506611;1.85973515018915;0.351460062543019
2016;2;4;20;3.85978345486874;4.72233410217285;73.8540840546075;8.21549168265661;8.15891496296724;2.02831790821023;0.562552644972922
2016;2;4;21;3.79493759037328;4.69939007299805;74.4069350290636;8.98860263692538;8.87291112898985;1.9527524214409;0.589880881711861
2016;2;4;22;3.31169999270452;4.10559935037231;74.477930134596;8.43848836051623;8.40422984009584;1.85634788841816;0.51777850366723
2016;2;4;23;3.09026501327635;3.74950851821899;75.364976085665;8.31223536499341;8.29178683462143;1.99277858485926;0.429956407250771
2016;2;5;0;3.46647840405454;4.19798725543213;69.5876575261048;11.763653632768;11.6628819945256;1.94846580816606;0.477087624303269
2016;2;5;1;4.99458108264769;6.02280001458741;64.4778649172644;14.628909321181;14.4567360109488;1.94537388383494;0.670600945674072
2016;2;5;2;3.4207710995129;4.13466181747436;69.2013572682236;10.8468523262978;10.7716108204524;1.87025213992789;0.465597136662106
2016;2;5;3;3.71378062399776;4.44578241604614;70.3252012967757;8.63851467498143;8.4981011483113;2.78141028125389;0.477409118558751
2016;2;5;4;4.79177480047056;5.63672896350098;64.9335660422719;9.93541634804408;9.538789828825;3.25404564936337;0.551076276829983
2016;2;5;5;5.82066861713838;6.89375424816894;58.3446369373364;12.396259990406;11.9539506653786;3.4403683377557;0.699862856639702
2016;2;5;6;8.30077313045314;9.4026041605835;51.6102179728367;14.3665109462738;13.8727415727774;3.17724703038276;0.718610509713679
2016;2;5;7;8.78322563080748;9.81896127008057;50.4873811758615;12.4472306084633;11.9885614536285;2.71973620988218;0.675503317036372
2016;2;5;8;7.85781609054672;8.92292157666016;48.6945554837874;13.8804453793844;13.5816728616715;2.88295165557418;0.694658232836539
2016;2;5;9;6.88775321650619;9.02632258392334;51.9131005491436;13.1951915947119;12.9993666747173;3.2876820371114;1.39476778303828
2016;2;5;10;6.85566633495143;10.0410591679077;51.5593252689489;14.2825099584262;13.914949841706;3.3838666425813;2.0775025432513
2016;2;5;11;7.20238099589502;10.9031417810059;57.7085781654119;5.85290066522757;5.89621069033543;4.01925906780359;2.41362379656549
2016;2;5;12;4.75990776971458;6.79310656933594;63.4774765285997;3.36087100463708;3.64228567020893;2.59153906570521;1.32604545142669
2016;2;5;13;4.36406230271527;6.31801277374268;66.5722140182352;3.76880401535034;4.10759033188422;2.31067837941629;1.27435995678409
2016;2;5;14;4.03636780880133;5.64162369342041;68.7654484227781;3.94133299072584;4.25515066940387;2.12904841265593;1.04694251470711
2016;2;5;15;4.0610148542223;5.34763454016113;69.698628113969;4.0701009998401;4.39798365797202;1.81055092469953;0.839129052492534
2016;2;5;16;4.46327759531723;5.41218367883301;67.3282560130346;5.06268769129117;5.11636949050029;1.84235077798847;0.618873371414314
2016;2;5;17;6.24718244399142;6.88029372265625;65.189060916922;9.79172596386274;9.43715216248035;1.72051904907046;0.412913056744269
2016;2;5;18;7.74050284117992;8.97156289050293;66.7162379128179;19.7863359302839;19.4655145766417;2.01608801862826;0.802893243465375
2016;2;5;19;8.33257121550669;9.80703037957764;65.1314689051273;19.5199136871338;19.2289790727774;2.05514579585232;0.961637331378911
2016;2;5;20;8.17123507565864;9.10586172265625;63.1079303519102;15.5975195662498;15.4769958333333;2.20615515259882;0.60956037071445
2016;2;5;21;8.55567555580446;9.45583421899413;60.3184380419419;16.0131653442065;15.821078104194;2.06755001758302;0.587080467048914
2016;2;5;22;10.8752970686247;11.8126419124145;55.5526329234409;17.7937852930387;17.4241505848726;2.03227967863412;0.611333169563775
2016;2;5;23;10.4642797311164;11.6584582627563;56.1048588753239;18.3103663320541;18.0204700257619;2.0577451691115;0.778839241085288
2016;2;6;0;8.3928775008421;9.46654145983887;58.5105909186219;17.5127760837873;17.3903840148131;2.0211132002495;0.700240040203433
2016;2;6;1;10.7626812520041;12.0108781896973;53.189312659999;20.4710866794586;20.42060465765;1.89019641269806;0.814069864698386
2016;2;6;2;9.08634302041165;10.3460614160767;55.2288818245907;19.3705227216721;19.1234581911405;1.97957495915021;0.821584121022106
2016;2;6;3;8.91823957068001;9.84282305108642;54.5298251912741;19.5926809590658;19.553645420138;1.89398043722427;0.603010251080961
2016;2;6;4;7.54446455943848;8.78342204382324;53.5990360539085;19.7948870140712;19.7776873256048;1.78163724599591;0.808043924177719
2016;2;6;5;8.93363055608953;10.1343648466797;50.8349792983225;22.599112046051;22.6541009041786;2.20195169586305;0.783114885128623
2016;2;6;6;7.59065005969962;8.73814591241456;53.8424503736626;19.9918953953743;19.9201827162584;2.01934091319623;0.748392954150377
2016;2;6;7;8.8484100704103;9.92358592700196;50.8483481077191;22.434127947553;22.0625089209239;2.14046880457025;0.701226094754075
2016;2;6;8;8.69252244951985;10.1239634890747;52.2737698695581;21.4073373806636;21.0128719896952;2.3772093200287;0.933581054563229
2016;2;6;9;7.83071864587067;10.041976963501;52.5648528612153;21.0590936743418;20.6762182496071;2.24899484668481;1.44217527305701
2016;2;6;10;7.79145242812317;10.9123193722534;51.2700003876325;24.4216487255096;24.0704437272072;1.97478552065479;2.0354189745452
2016;2;6;11;7.22808812452899;9.93031620434569;61.4032720739356;24.2566647229512;23.40878578825;2.05466489493079;1.76238410854154
2016;2;6;12;4.27941477430182;5.53638718978882;77.9664306731312;8.90426633205414;7.96188646972974;2.03887781088999;0.819793201941575
2016;2;6;13;3.09438785745277;4.14047429193115;84.812560427037;4.74998934036891;4.22898150756756;2.00994221547575;0.68225407102225
2016;2;6;14;3.62467456040679;4.75078470797729;85.1847487304234;5.24980369672775;4.8053785053134;1.89349354636002;0.73444526883913
2016;2;6;15;3.45465300051656;4.41274313861084;87.0972559711592;5.14266466698647;4.58319383317232;2.01690800269548;0.624863181068811
2016;2;6;16;3.28647074795711;4.05496966236114;88.1422169691433;5.31871464300156;4.77785866199732;1.78141564667791;0.501212419593009
2016;2;6;17;4.31550884219315;5.15628160583496;85.8511805776278;6.08562200447718;5.41469798373779;2.09836403231496;0.548349182145051
2016;2;6;18;4.79772792706464;5.4791801605835;83.670442959935;6.89159568201701;6.2347215067625;2.10694303428313;0.444440865689334
2016;2;6;19;5.10620372699117;5.67282754742432;80.6618839330794;8.12696367913882;7.29161817181905;2.22674720535008;0.369550159037728
2016;2;6;20;5.24245904219139;6.09928002917481;79.7005916304575;8.42842840209007;7.59180385007858;2.26900927471113;0.558815779690541
2016;2;6;21;4.57042417873904;5.20201656939697;81.6869714277931;8.35717000479698;7.47750368373394;2.41285858230958;0.411922443070318
2016;2;6;22;4.16227358439649;4.88233021899414;84.666522785297;8.86385872391065;7.80183247745832;2.42927709706066;0.469618526853175
2016;2;6;23;3.9451142457704;4.67919940142822;87.5337867395292;9.0528190009594;8.19707130016486;2.32551143330006;0.478767881331226
2016;2;7;0;4.38842370374928;4.84225464239502;84.1276151987397;10.0609986455599;9.55769914412498;2.24305690678857;0.295987019085376
2016;2;7;1;4.40661489994264;5.09463867156982;81.8104089550825;11.1401013864199;10.6309726550738;2.10708019174392;0.44872680084681
2016;2;7;2;3.79796569142994;4.60853188317871;82.8945863566055;11.3434809910456;10.4229700096607;1.96746818153377;0.528648557066271
2016;2;7;3;3.77724045828181;4.36104259121704;83.375390104546;11.7760610422134;10.6655834433238;1.91266808810847;0.380753796950956
2016;2;7;4;3.53471296197485;4.04686276638794;84.6014557448268;11.4568237255096;10.3085009980679;2.0919117459747;0.334022388129249
2016;2;7;5;3.46932646671461;4.10651713137817;84.6841826273595;10.9694166666667;10.0300947708607;2.24032081611832;0.415573618637795
2016;2;7;6;3.53840353687127;3.88380735766602;83.3054386846078;11.0589506532351;10.0289129587809;2.30708794671015;0.225271215758913
2016;2;7;7;3.38886187646657;4.22827335760498;80.5233595411976;11.2133716698647;9.78224752898216;2.08808131314816;0.547461358252929
2016;2;7;8;3.33395506232707;4.13986248898315;78.376010472689;10.6360953154246;9.31525447520415;2.0459781855348;0.525610126067019
2016;2;7;9;3.42127155042709;4.03921475909424;78.5479108410595;9.66631130487124;8.49539980950355;2.036081232254;0.403020492263565
2016;2;7;10;2.88820362176187;3.45857857662964;81.2990551808106;7.51900433397293;6.88337915056546;1.83928124216355;0.371996636359891
2016;2;7;11;2.32496885430763;3.02661951095581;83.1577226430776;6.23668967498143;5.63029812190533;1.90786132317372;0.457614209644496
2016;2;7;12;2.385386110778;3.18141504379273;85.7490186894429;6.31247502398491;5.51329665298065;1.75187842162562;0.519167405580209
2016;2;7;13;2.15584902862923;2.88742592700195;86.8083863705089;5.63577230710983;5.08294052640597;1.83089515850294;0.477132004325723
2016;2;7;14;2.27028882427834;2.80360384671021;85.812425056182;5.88274534740448;5.20601997745832;1.90537909434732;0.347826272475178
2016;2;7;15;2.18113610652511;2.4517958467102;86.7723522581256;6.37132597985268;5.48358201867739;1.83876354090801;0.176523376574695
2016;2;7;16;2.07306102192043;2.7341600218811;87.8668733127568;8.16854498081208;6.6296226953268;1.88103688190943;0.43116655489067
2016;2;7;17;2.24875255717867;2.69347264962769;85.8510045717368;9.37289465419451;7.36421653252443;1.83846571137194;0.290044955692425
2016;2;7;18;2.35747381088382;2.92688959854126;86.3247668461648;9.52664501279195;7.40608718341192;1.67111609823003;0.371371070715912
2016;2;7;19;2.11544189431152;2.57477571530151;86.7160145953066;8.51863303070068;7.0846285093387;1.87855180089266;0.299575980530606
2016;2;7;20;1.88767717972527;2.71396925549316;88.7747557286038;7.91436234068871;6.68196099484762;1.87273207200806;0.538904925984605
2016;2;7;21;1.9529202119476;2.46250305108642;89.8540166729733;8.18849738705953;6.82597583977381;2.0443335127905;0.332348221969725
2016;2;7;22;1.8667981412572;2.55764414599609;87.9332754421281;9.50836933557192;7.85991116119226;1.9491241818609;0.450567451835463
2016;2;7;23;2.47408722271026;2.86387007299805;87.7608682226689;9.86902033141454;8.4103078262488;2.27547937091443;0.254215070245223
2016;2;8;0;3.01458806929965;3.61000897079468;86.0576473459444;10.5645016890526;9.41452850128809;1.98831069504271;0.388331518914385
2016;2;8;1;2.87931269614659;3.63754178100586;84.0396661198503;11.557591364034;10.4700744768143;1.92032149295505;0.494514471139909
2016;2;8;2;2.98241925414586;3.74216643792725;82.7407487226544;11.8761580307007;10.8658198674679;2.46907206637565;0.495504570175415
2016;2;8;3;2.91816006515872;3.59440701461792;84.1400785458703;11.2901630019188;10.3929176003297;2.20957126873013;0.441045996849177
2016;2;8;4;2.1582769499048;2.67695297808838;88.4589871114397;10.3970027568499;9.06470583816369;2.07895295441564;0.33827876942726
2016;2;8;5;2.10782477167446;2.67052860586548;87.7022097970643;10.6761676385244;9.16009667310715;2.10082126925425;0.366993557131905
2016;2;8;6;2.56739560466247;2.96941250363159;84.4182348814337;10.7428989961624;9.8150011563619;2.13131495894201;0.262194075844403
2016;2;8;7;2.60286942168039;3.25300030657959;84.2052921617611;11.2894923518817;9.80368935394287;2.19902640140425;0.424013186960933
2016;2;8;8;2.57565361354776;3.34294082479858;85.4392256993808;11.3319119661013;9.70238940224647;2.34798912750218;0.500422150852391
2016;2;8;9;2.81473988697772;3.59104195617676;82.6882625138517;11.9941953314145;10.2620717991988;1.92232155098262;0.506301611030959
2016;2;8;10;2.82525159016032;3.48244033575439;81.9612824795652;12.3867030115128;10.3137348384857;2.13846344765664;0.428616300081493
2016;2;8;11;4.22101689986176;5.29348677368164;78.3172488591367;15.0242673039118;11.7624937272072;2.07454472228566;0.699461261848006
2016;2;8;12;2.64483896302479;3.63631806570434;80.912534692841;13.1504247133573;10.4381649710178;2.0800762409918;0.646639352009102
2016;2;8;13;1.72748968049565;2.73079488320923;86.6303316850498;8.39439200127919;7.09999232399464;2.19273722188303;0.654352294866023
2016;2;8;14;1.52034099858835;1.93142591241455;87.5302911993835;7.25962400415738;6.3763726389726;1.96993299415318;0.268108204781003
2016;2;8;15;1.39343884830376;2.12415551095581;88.4428445149743;5.77812133525213;5.00983564203183;1.90101169841271;0.476570961468152
2016;2;8;16;1.56452386711399;2.01677754748535;87.8229436068875;4.83147533461253;4.24721551030477;1.94285647013852;0.294958336518349
2016;2;8;17;1.52717986971395;1.95314627005005;86.9521155189533;5.7652110262235;4.90819797568719;1.89254470765998;0.27781386047025
2016;2;8;18;1.71299002360235;2.03299138684082;85.8332018994011;6.27776801311175;5.44542569355567;1.80908858606387;0.208703817969858
2016;2;8;19;1.67112064824556;2.25386558395386;85.6585423552315;6.09484367434184;5.43411385490894;1.89406533400838;0.380064296458287
2016;2;8;20;1.68496284282814;2.36858562771606;85.4116344283561;4.47065667626063;4.33652834701935;1.71435321677487;0.4458564920268
2016;2;8;21;1.60699699865485;2.17340864962769;85.3785170909132;4.42203330934842;4.3986590067625;1.86380379118585;0.3694117828259
2016;2;8;22;1.80125442896653;2.31107261315918;85.3361618372368;4.7530073694706;4.68348083413839;1.98329463097995;0.332501713226065
2016;2;8;23;1.93832804481014;2.49309504379272;85.1239081770906;4.50402235108217;4.44019199533065;1.82354986266385;0.361817179775776
2016;2;9;0;2.30980140612495;2.93576129196167;82.1645684732584;4.8215830267032;4.7049226590991;1.90989935531243;0.408248942279489
2016;2;9;1;2.59514535595448;3.27104960583496;80.125049414719;5.42954232789675;5.21125382995208;1.94585081437549;0.440822489331042
2016;2;9;2;2.80944895059289;3.2000761605835;76.33416326705;5.44798567562103;5.20163035925627;1.90915032833148;0.254765758817096
2016;2;9;3;2.43205847666582;2.84857405841064;75.4143927443121;4.90407501598994;4.55955716892084;1.91059286745395;0.271650068219558
2016;2;9;4;2.39967763157627;2.85989312408447;75.0290678888762;4.80329534275191;4.5110296502752;1.88070029233511;0.300151003743582
2016;2;9;5;2.31890506300099;2.97338945983887;73.6112153952198;5.42294552319625;5.17580469115027;1.7150276819738;0.42685253287491
2016;2;9;6;2.63122255293846;3.4071840072937;71.9350935101541;6.24941017890426;5.98736791541441;1.87995035032664;0.506079463169973
2016;2;9;7;2.76881364407685;3.40259521896362;72.5496716031385;6.36307680690765;5.90539521893501;1.94270071256523;0.413350221696554
2016;2;9;8;2.4208103794777;3.124208;72.5701377646396;5.7904328393255;5.22302393409184;1.95368030924386;0.45875357363562
2016;2;9;9;2.46432416508976;3.31449021170044;71.870168869802;6.09661865410312;5.29561808346058;1.94785624208007;0.554475449855398
2016;2;9;10;2.73568980535741;3.86912322625732;70.0991396022654;7.68852688398032;6.45026343062006;2.03195897914431;0.739221483191524
2016;2;9;11;2.95400926474168;3.90216256204224;69.2992571529902;7.65350889430727;6.22589390924999;1.91486285552688;0.618382406764539
2016;2;9;12;2.80687634510543;3.71218621170044;72.2670445627635;7.22441394979159;5.74172812834581;1.89949971539162;0.590440064667349
2016;2;9;13;2.52782064941319;3.28940480291748;75.4234353063912;7.38487098464966;5.52579033590952;1.94636189748256;0.496702635679838
2016;2;9;14;2.02862634188819;2.92321857662964;78.2109983465559;6.35401582369311;4.9756498545696;1.99322670848415;0.583450061047377
2016;2;9;15;2.06140154552384;2.9412678248291;77.2888732765312;5.12874833892981;4.18626668679317;2.01556501531501;0.573845842203798
2016;2;9;16;2.01389607260223;2.73630143795776;79.1467292261661;3.7139769996802;3.43901033751965;2.00156642228433;0.471150361191607
2016;2;9;17;2.68980936333196;3.43739364048004;74.5565469916672;4.91279367034435;4.64515568792025;2.00504749276524;0.487571963181831
2016;2;9;18;2.15993821848546;2.9968687682724;76.9511498394598;5.19413833653132;4.92069166666667;2.02842516600577;0.545843303129871
2016;2;9;19;1.78300517570679;2.49309504379272;78.6952734527684;5.46793800991376;5.09391467858156;2.01316766396719;0.463118235095794
2016;2;9;20;1.77425486720275;2.4505721824646;79.4089726911875;5.66746132485867;5.05204399549166;2.12727477920974;0.44109188919013
2016;2;9;21;1.66069405366592;2.11742523361206;80.1965335094253;5.39064367434184;4.77752099565267;1.85069593110915;0.297878546753578
2016;2;9;22;1.62707968192159;2.26396096350098;81.3557942714078;5.23024448226238;4.50373158320476;2.19967793544901;0.415371840025884
2016;2;9;23;1.64267711337529;2.34197057662964;78.8619476852894;6.29285800671578;5.38937303204139;2.22157153346966;0.45607685600323
2016;2;10;0;2.02364597074836;2.7953439854126;77.2708563847758;5.90739233589172;5.3760351872762;2.34341741447059;0.503298862074424
2016;2;10;1;1.67585866385566;2.25203007299805;74.2009248982928;4.06775368673404;3.96509500362277;2.22265514239721;0.37577706443544
2016;2;10;2;1.17917786038891;1.70565697079468;76.8344407815754;1.66810833133459;1.94753666324516;2.20547596695861;0.343367913533471
2016;2;10;3;1.06563213687951;1.74726210946655;76.9363171121657;1.1359343341728;1.48645283289055;2.32051595141871;0.444556786514663
2016;2;10;4;1.07985024253595;1.66588736495972;78.3666291465767;1.30661900495688;1.67436433683534;2.25653838156188;0.382211449614245
2016;2;10;5;1.15267132845559;1.6646636569519;77.9497152717096;1.57807133924961;1.90228932979107;2.31615059407664;0.333919682863444
2016;2;10;6;1.26428067646217;1.9017516569519;76.015756922929;1.69862365955114;2.00358933381637;2.26489371689564;0.415756439681324
2016;2;10;7;2.02006145811009;2.66685759124756;71.0609553552301;3.67759336321453;3.46686782202224;2.16864887754763;0.421838273024282
2016;2;10;8;1.23514161053976;1.88064319708252;89.2180629123517;0.938422994823257;1.31458049792697;2.13238136875857;0.420993974068422
2016;2;10;9;1.94881752926643;2.43129917520142;86.9809786302931;1.49591466998458;1.92271816779375;2.29514947866347;0.314672914477474
2016;2;10;10;2.27264483047521;2.84000832846069;84.2515708982521;2.2861276569128;2.61493484251102;2.20798695499588;0.370032574261453
2016;2;10;11;2.82729817975575;3.56289724090576;83.7304149073915;2.89827864476045;2.98113433743914;2.16899172118863;0.479755245425763
2016;2;10;12;2.85568593578761;3.93122494891357;83.4991281235867;3.67440769009193;3.83104132391413;2.18589179690304;0.701462944230167
2016;2;10;13;1.85112025094674;2.74272574453735;86.7050392729485;2.08744266850551;2.48611499919494;2.23960523479384;0.581502118466265
2016;2;10;14;1.72320691379208;2.51236803646851;84.1317349699397;2.34011632605791;2.72163748993675;2.00154724329998;0.514688242666058
2016;2;10;15;1.60729982200302;2.3664442043457;85.0526486793881;2.97557301630974;3.38110050507188;2.22114636423997;0.495111425094835
2016;2;10;16;2.24218355324545;2.87641278103638;82.1225648721714;4.04914268249671;4.37974967133601;2.23941261009365;0.413642179422221
2016;2;10;17;2.15133538861653;2.83297215328979;84.2733144301505;3.69804866354863;4.01152417431474;2.15859912770153;0.444561216290565
2016;2;10;18;3.41539863402499;4.11447108755493;82.868334332406;3.94334502878189;4.23202048856815;2.34231011896533;0.455932714200751
2016;2;10;19;3.45398734986596;4.09183301455688;79.7679461485903;6.98364468617439;7.19994169081847;1.99968267437286;0.416000807463168
2016;2;10;20;3.49764472322678;4.26467783206177;77.0039698681704;8.43714700447718;8.61307666344643;2.271127139336;0.50025642610734
2016;2;10;21;3.49494782367789;4.30750662768555;71.219619054387;10.8446726577123;10.9387557979107;2.26894249767736;0.529948132111689
2016;2;10;22;3.32377249555605;3.97803078826904;71.1213834332516;9.99745298752784;10.1786681476672;2.35676168656968;0.426705068521495
2016;2;10;23;3.20069270754747;3.92357702185059;68.7447012707556;11.5054470204671;11.7071163339774;2.29684669924683;0.471462730092041
2016;2;11;0;4.58289652386674;5.39749954013061;63.6909862796114;16.3049052898407;16.5180222445965;2.26875116320848;0.531281360502645
2016;2;11;1;5.98281572986772;6.79830724084473;56.7243117296393;31.2081244415283;26.533215606912;2.16110080858175;0.531860833780508
2016;2;11;2;6.23171790318722;7.27125951824951;57.8053184529243;27.6869570268631;23.5313590175311;1.99616299736293;0.677985561706424
2016;2;11;3;4.56428655639827;5.30602938690186;60.2717957024553;14.7285033301353;14.8639620251179;2.30493206778641;0.483762191233251
2016;2;11;4;15.3048008408041;16.7459078394165;35.2758906282013;27.8398690729141;27.1150150649071;4.44178021861885;0.93988516070592
2016;2;11;5;16.2230858868592;17.4085306568603;32.2116165368026;26.4053130498886;25.6677758397738;3.479444452053;0.773143110978766
2016;2;11;6;12.8876401710086;13.9828384525146;39.2971935285755;19.072914324379;18.5953475289822;3.29588463988202;0.714284653262543
2016;2;11;7;11.3262876706334;12.2504135619507;39.7149490268942;16.7705157747587;16.5965296737512;3.52423617388335;0.60271181300872
2016;2;11;8;9.73872015168189;11.2625977518311;40.6539770192529;16.9482422879219;16.6760501260916;3.27292219440964;0.993867869971761
2016;2;11;9;8.55605655728748;11.5266066569824;44.0406593131054;14.8265883045514;14.6804402098179;2.95020608884119;1.93738283175711
2016;2;11;10;7.26811273554455;13.3541728466797;34.7482430377845;21.1481246653875;21.1969003809929;2.48970534558642;3.96930803273301
2016;2;11;11;7.00170972805012;12.3296467299194;41.3984938537111;19.4535176545143;19.4462674903393;2.25107814366805;3.47486267852042
2016;2;11;12;6.82592306414546;11.6719187736816;47.8857668381017;18.5499619980812;18.4418780103048;2.16840710782087;3.16054218085335
2016;2;11;13;6.56134213507891;10.4757715036621;58.7850359200854;15.3795530115128;14.90617034235;2.46588510208631;2.55297773149752
2016;2;11;14;6.12234133214723;8.69990592700196;68.8387725684114;14.1131666346868;13.3225136402607;2.38776319642251;1.68107900093297
2016;2;11;15;5.12800814314218;6.90170811682129;73.4747413764449;13.9334280115128;13.2026420154572;2.36420643561649;1.15680118576248
2016;2;11;16;5.42783772063058;6.45261760583496;76.9728845776413;14.7164314375877;14.0782117085298;2.31381888444967;0.668358010904742
2016;2;11;17;5.21796256602509;6.27732538690185;80.0692891033167;13.4451827120781;13.0138863114357;2.01830600503412;0.690912885791486
2016;2;11;18;4.48583096583961;5.1591878102417;83.4347084051914;9.60092129927476;9.54554315571784;2.18119986097357;0.43916108000492
2016;2;11;19;2.42841469852661;3.01530043798828;88.4690751016294;4.53654968937238;4.6875328342994;2.09896899694812;0.382764914805809
2016;2;11;20;2.54170928089638;3.14103358395386;86.0192179131558;5.69127000479698;5.64093468824228;2.13043448184626;0.390877304347634
2016;2;11;21;4.21986539322885;4.98481345254517;80.7340673334428;11.6640595518589;10.4140218072494;2.49983102715874;0.498896563790507
2016;2;11;22;7.96807026693557;9.09362500726318;72.0269234484057;19.3468816762606;18.3331493668238;3.52100841135344;0.734083034094418
2016;2;11;23;10.4293448632973;11.7233132992554;65.1748920674381;23.4545473870595;22.3074858338356;3.69987729187602;0.843921882656753
2016;2;12;0;9.70765373802165;10.9110955767212;64.5473309110484;22.727209305191;21.2745637368679;3.43482183657324;0.784880738942642
2016;2;12;1;8.72864436907065;9.85934274450683;63.4081995636297;22.9465173838615;21.4229680269082;2.9254976238301;0.737437695695046
2016;2;12;2;6.69415491433334;7.77052091973877;67.3781154946746;18.9000500319799;17.7768436333179;2.64903966966535;0.702002305826656
2016;2;12;3;4.50788645109969;5.31061824816895;71.168962281971;14.2796597037633;13.5465554974238;2.29114559347962;0.523538991080208
2016;2;12;4;3.61019909046484;4.57977538684082;74.4553922304794;10.6352568989436;10.2158114536285;2.29305436250648;0.632354415052745
2016;2;12;5;5.23492436895087;6.04941499273682;65.4470561083596;17.7366109942436;17.0956010222197;2.4009544615027;0.531208058504744
2016;2;12;6;5.58352980749068;6.59823548907471;59.1437653886708;18.8329833173434;18.329603962787;2.26730133784036;0.661787649024731
2016;2;12;7;5.31522456371992;6.25376959124756;57.7282115260852;18.9129603090286;18.5023203584512;2.28149182831657;0.612115925380209
2016;2;12;8;8.94445663723605;10.1505785693359;44.2191110590928;26.1645437383016;25.5583718475024;2.72832801869146;0.786628686887318
2016;2;12;9;9.0191804046308;10.6220012409058;47.5906784195839;24.0385302898407;23.3736684884071;3.10512174033316;1.04535438432787
2016;2;12;10;8.65022269796702;10.5920210657349;44.1604331599395;26.9569364088058;26.1010022671382;2.67028927990347;1.26643439571469
2016;2;12;11;7.90182982248464;9.98048703649902;46.8924661532042;25.4876733749072;24.8632850289822;2.73681386822713;1.35569327713177
2016;2;12;12;8.68825383747915;11.1111673868408;39.4079020734668;35.4465706192334;31.3724854099751;2.52398203061368;1.5802161067228
2016;2;12;13;7.20853464884069;8.67543232116699;46.0008492269982;78.300158685112;53.6594983526548;2.43671808157536;0.956705751773485
2016;2;12;14;7.84722583796915;10.2649926569214;47.7753405066346;98.301618228976;66.5568457421621;2.23479036679875;1.57685942637732
2016;2;12;15;8.30567127442086;10.173522642273;57.9316201750048;69.9190048124949;47.5153154914856;2.19665638610236;1.21820640989098
2016;2;12;16;11.0178116217024;12.8809144963989;57.7953344741453;89.9449438662211;61.010670420138;2.12848999628554;1.21510945854945
2016;2;12;17;10.0230892805356;11.1604204234009;64.3021278533965;66.717577278328;46.4541981460571;2.12083862049033;0.741763564410561
2016;2;12;18;7.74638647782547;8.55925921531678;68.9087707249193;25.0664945822398;20.9856898932298;2.2106723038427;0.5301528784789
2016;2;12;19;6.74368171410594;7.34093281021118;70.5629401622529;22.37075;18.6760498256047;2.22272061846073;0.389525165712994
2016;2;12;20;6.00580342246178;6.77811646716308;71.7379127184298;23.1794062776883;19.5075539761702;2.16568822239039;0.503699982605926
2016;2;12;21;5.47787448685282;6.18340795623779;75.0336197665395;16.6617000319799;14.5983871351083;2.0433582945815;0.460146567114572
2016;2;12;22;5.98006431990171;6.40428220440674;76.5446532427302;13.8413789354006;13.9843403681119;2.15448311685316;0.276673484297995
2016;2;12;23;6.92775515989918;7.63132738684082;72.6679923048428;14.9377513224602;14.5666465631167;2.07538101837076;0.458867451357857
2016;2;13;0;6.67632727859845;7.47714370800781;65.2677983783378;24.4977692955971;21.1312240958214;2.24385485466896;0.522289794703704
2016;2;13;1;7.0975864891864;7.8518956350708;60.4738331458223;31.7158194075266;27.2743937405904;2.2129937280367;0.491957900061638
2016;2;13;2;6.04935680201506;6.57070272991943;58.7135429023793;21.5143086679459;19.6544389407476;2.2062537010926;0.340020069088263
2016;2;13;3;6.27729873499981;6.8965075036621;52.6928624740531;20.7913299712181;18.0169243641059;2.52084579901507;0.403845886256214
2016;2;13;4;6.17613924486092;6.92220472998047;57.2229879941991;11.219239993604;11.1398363677899;2.88278795783178;0.486581412104638
2016;2;13;5;9.68762421720585;10.4776070948486;55.2541682444198;5.41629664587975;5.90363934589227;4.73950460618314;0.515224188504474
2016;2;13;6;6.29969179329572;6.74324159124756;61.320138991447;2.44105165507396;2.92440631707112;4.47656294637678;0.289281693538672
2016;2;13;7;5.42623489749374;6.21705916790772;57.9082996051176;2.00830399136543;2.48020583413839;3.20353893491418;0.515772942053471
2016;2;13;8;6.03067005841888;6.74568890515137;50.7158309735099;3.13603000119925;3.51718015869657;2.35471148695033;0.466332898470407
2016;2;13;9;9.66849047598365;11.3916960437622;40.7505763628537;2.46687232309977;2.92525049500863;2.40806279587215;1.12386890325306
2016;2;13;10;13.7416015154108;17.5715858103027;38.0985876350808;10.0189142764092;10.4807109827717;2.51968095784133;2.49790293709738
2016;2;13;11;8.90392353664257;12.8466515911865;48.5555822629068;8.98642296034495;9.4050738516887;1.71446902516267;2.57143403975748
2016;2;13;12;6.11831227206095;9.63571519708252;60.8935437452157;8.68043131766319;9.03060148905118;1.64626636988055;2.29403841396543
2016;2;13;13;6.59881592064189;10.0119967883301;63.7248481559275;8.95691365515391;9.24637054089705;2.65881514948045;2.22606513703303
2016;2;13;14;4.52412409622324;6.41284805834961;74.661966567612;6.13240101183256;6.48155583011309;2.33430949280068;1.23181944601024
2016;2;13;15;3.68555057210935;4.82451134307861;79.7801591639138;8.01630371271769;8.20618832367261;2.23742686187541;0.74282640240516
2016;2;13;16;4.67489462056593;5.93194173724365;77.3694494864089;9.75634828696251;9.65933688292504;2.3244735196573;0.819841921808113
2016;2;13;17;4.47310944947209;5.19956927008057;80.8785545533873;6.98532132725716;6.89452213993867;2.10010148701075;0.473794663336178
2016;2;13;18;4.97070601895723;5.90471487591553;80.3255945291233;8.52148334932327;8.47530864992142;2.30097639903873;0.609157450118726
2016;2;13;19;4.6548231515642;5.46877893426514;77.9911738176837;8.04111830774943;8.10387533268928;2.41125208677723;0.530859236939366
2016;2;13;20;4.3490348595122;4.8774354744873;77.2366470496266;7.81376234868368;7.98586081240177;2.39221871738149;0.344621112381779
2016;2;13;21;3.53103845951636;4.22521413134766;78.2954223079003;6.94156034900347;7.18795452350775;2.14642658777414;0.452739049567795
2016;2;13;22;4.0574562609646;4.74130116055298;76.1893369732975;9.29107327896754;9.40760634524822;1.86829045498136;0.446001354490958
2016;2;13;23;3.84525646092217;4.49228224816894;76.4189507746106;9.55598664747874;9.59923217697143;2.13885797181388;0.421988052665653
2016;2;14;0;4.07815638969226;4.68929473721313;73.0681927325237;11.3235286007881;11.0613288983822;2.45496869599012;0.398582384601745
2016;2;14;1;4.31646326808614;4.91353416052246;72.1611717754608;12.9718596717834;12.2716949774583;2.62400855136858;0.389407637483311
2016;2;14;2;4.80481908851222;5.5645318248291;68.5285047012816;14.9893926545143;14.0214836499214;2.56399331632273;0.495482103654368
2016;2;14;3;4.78689998357629;5.64192966418457;65.5225563690855;15.9580029955228;15.1503033590953;2.47300648300591;0.557647495668683
2016;2;14;4;4.72018841570372;5.4121836642456;63.5804911058373;15.8515348156929;15.2007845379988;2.37063084805972;0.451316984796933
2016;2;14;5;4.21071130871782;4.6614560145874;68.6815308552051;12.5461539354006;12.0633545932452;2.46226331313157;0.293974188399251
2016;2;14;6;4.26772596479185;4.96492859857178;67.6253710646143;13.0649146430016;12.6287775193214;2.56118471574968;0.454713224018601
2016;2;14;7;4.08427718787148;4.51063742337036;66.0552865815264;13.3308340185483;12.9135993185202;2.43785368151918;0.278070718445139
2016;2;14;8;4.08285903559533;4.77311680291748;66.4039156409061;13.0930826161385;12.6995186950048;2.72625220842894;0.450183805361253
2016;2;14;9;3.94083344092039;4.9897081751709;66.2962698087256;12.9076433077494;12.2514349806786;2.42983797303795;0.68407259080041
2016;2;14;10;4.03698845397074;5.18396740142822;63.4183986366989;13.4106149497275;12.6599830508474;2.45953700622958;0.748055830271697
2016;2;14;11;5.17050693396917;6.55081797076415;58.2734343544177;18.9560507491748;18.0506912722905;2.48377077500977;0.900234237909699
2016;2;14;12;6.37048033221415;7.79591233575439;55.2642548407753;21.8313663000743;20.7231539761702;2.58088594068346;0.929661981388431
2016;2;14;13;4.70144390306431;5.75634370800781;57.5536334706702;19.4243437383016;18.6595041183631;2.64065436166476;0.688002121738782
2016;2;14;14;4.77496438431656;5.75970877374268;60.0979156633362;19.5381893723488;19.4065915700595;2.42756487148541;0.642246994568183
2016;2;14;15;5.06145708317718;5.90563262774658;58.1548402710551;27.8957019916852;23.3689412078857;2.42674560608758;0.550568464475966
2016;2;14;16;4.68972913843069;5.48774589782715;61.4903150471524;21.6826460166295;19.2276283751965;2.41818208553378;0.520463859292564
2016;2;14;17;3.50338927619682;4.08326725543213;64.020995844426;16.0606150735537;14.7007002226988;2.25199448684403;0.378194477043114
2016;2;14;18;5.28362382985502;5.8609683576355;56.0085856192254;14.7033533301353;13.1389918088595;2.27577182183897;0.376542168484445
2016;2;14;19;5.76256086709779;6.29873986859131;57.1402672384252;14.9937520076752;13.0891860028982;2.34465330163111;0.349694150032647
2016;2;14;20;7.31655081679463;7.96141505108643;54.1075792701023;14.7142516410828;13.1479400354226;2.57527219351827;0.420578295063742
2016;2;14;21;10.7934718192102;11.7386092409058;50.8361480357124;17.4542603410085;15.882702328825;2.83050294836144;0.616415462789925
2016;2;14;22;10.8296333385759;12.0460589780274;58.9626733269722;12.9215595758438;12.7780261724631;2.7481386128818;0.793348730332642
2016;2;14;23;7.37816824103034;8.46557116790771;59.9052195530362;12.276042941157;12.3312931879202;2.59924922707725;0.709200549066993
2016;2;15;0;5.60877895075107;6.59395264233399;56.8713904072429;14.401385691611;14.3236952940464;2.31913080957655;0.642526983997856
2016;2;15;1;4.66831823364587;5.25035204376221;54.5187933932648;15.4747876353264;14.6304655103048;2.16703421209706;0.379600502727547
2016;2;15;2;5.31120211633002;5.92154049633789;50.7947139245713;21.1613702994347;18.8301946286678;2.06915382067328;0.398060648467474
2016;2;15;3;5.32478541781151;6.03320125549317;44.0081831329833;28.0437516091029;23.526125;2.17312871746725;0.462026438069575
2016;2;15;4;5.95522095727837;6.58416318249512;47.4909580852987;15.3178517690023;14.9671192181905;2.74964957926185;0.410194014040421
2016;2;15;5;8.77501818557819;9.5702483649292;41.6449461737339;16.3798522943179;16.0910426647345;3.14756345900931;0.518646461114384
2016;2;15;6;7.56656512664976;8.38542013140869;44.5611546027228;12.7235453633944;12.5750885302703;3.10620272275719;0.53405449316652
2016;2;15;7;7.41559370543211;7.71331389782714;42.6795105820079;13.5308602610588;13.0383671737512;2.96048327991039;0.194172112927096
2016;2;15;8;8.61485343989232;9.51334719708252;39.4491662362657;12.3630620300611;12.1084332072417;2.79333706738426;0.585994620928964
2016;2;15;9;8.34515041127026;9.42891327008055;39.7014932322195;11.9878239801725;12.0540688532988;2.42292900478752;0.70682650885797
2016;2;15;10;7.60041234176127;9.33163072991944;46.9765359272446;10.9657280754725;11.2448506653786;3.08612617521763;1.12909483788349
2016;2;15;11;5.65198082992666;6.38806848175049;56.872375736545;11.3047500159899;11.553478026406;2.50560225380276;0.480073902627778
2016;2;15;12;7.22477336666243;8.37471297808837;51.0263931543602;11.3298999680201;11.2249282866398;2.72218398472479;0.749986765401751
2016;2;15;13;5.80273051455143;6.89344829199218;54.3858925768221;6.51635764012337;6.93757466731071;2.13706696671427;0.711362483508689
2016;2;15;14;5.90057475340647;6.66829119708252;57.9182246388181;5.14870067322254;5.55179069275061;2.0291303093234;0.500702094803361
2016;2;15;15;5.21396796358589;5.92184637957764;61.8496376206648;4.22536034500599;4.57863531336784;2.040151225186;0.461675933442313
2016;2;15;16;7.813661886636;8.75038278826904;56.6170762533895;9.37624801231225;9.35425498228867;2.28135620774044;0.610926236577619
2016;2;15;17;7.76195588717954;8.70174145983886;53.8802150613844;10.4644046206156;10.8291830207705;2.18800222060281;0.612925004762648
2016;2;15;18;5.8807067117973;6.53613378100586;55.1687428972749;8.08555003197988;8.54824462061723;2.11424277720234;0.427467340639681
2016;2;15;19;5.1633406475577;5.61975041057587;55.8394182509302;7.26582767690023;7.72450681207975;1.85061584545014;0.297668919709023
2016;2;15;20;4.16392543733623;5.24461594894409;59.017507580823;6.78043266410828;7.25785148502588;1.6774839783542;0.70482273429655
2016;2;15;21;3.65742774087965;4.45128894161987;61.8195177922826;4.70756968517502;5.17850018949012;1.91437178519391;0.517753617846787
2016;2;15;22;3.51761013263018;4.15760580288696;60.5214295864304;4.67638365995089;5.12818785684109;1.97553831592757;0.417403033896549
2016;2;15;23;4.21934973326382;4.7067321824646;60.6424198141568;6.32437932597796;6.77498814927737;1.89811873141567;0.317869201963059
2016;2;16;0;3.87806231382942;4.72845243798828;59.4633436157238;5.32206798912684;5.79119631224076;1.96247910209329;0.55462159248227
2016;2;16;1;5.15298332286458;5.76949820440674;53.8707257184696;6.21254569001198;6.70340282785892;1.88687922323745;0.402088942093655
2016;2;16;2;6.77190753179356;7.54903494885254;50.0251214909783;6.10339464619955;6.57931035362085;1.73832709331734;0.506839900142547
2016;2;16;3;5.93143427792459;6.50676538690186;48.131961573051;6.20500069320997;6.6699738114357;1.86606408481535;0.375229023480467
2016;2;16;4;5.75982537786138;6.42477881756592;49.1688284891076;6.85034969736735;7.30124170691967;2.00110045303022;0.433680407589727
2016;2;16;5;5.94973368881053;6.60343610223389;48.8589054527274;7.87127200447718;8.32977431852023;2.37551745910469;0.426342525909483
2016;2;16;6;5.0316169713332;5.62020932843018;53.3864141169228;7.48262065003713;7.85383315893809;2.40296561942045;0.383877965115025
2016;2;16;7;4.01477315342909;4.6391238394165;57.2253250085775;7.85316401375135;8.1111352033774;2.053323957525;0.407199427524215
2016;2;16;8;4.0130036736346;4.68898887585449;58.8682364191345;8.29328899776141;8.54554333816369;2.09080010842291;0.440875286175841
2016;2;16;9;4.88334877499392;5.82701115332031;58.0343591953871;8.93323289696645;9.12615829395035;2.69279676730327;0.615453444441949
2016;2;16;10;6.80916967575055;8.0712403503418;54.6026082965267;10.1641136871338;10.2749031202952;4.96608342185042;0.823118269464061
2016;2;16;11;5.96186206626828;6.97359935766602;51.8798284309626;12.8160518520484;12.933664722184;2.06733179795894;0.659851674881267
2016;2;16;12;6.70707226397774;8.00638524090576;48.7784550943064;15.3176493209313;15.3162839581884;2.24117220001536;0.847407574387679
2016;2;16;13;7.00332478270918;8.56530110949706;49.7766888130758;15.0700643439633;15.084397965329;2.67996038509113;1.01871573195841
2016;2;16;14;7.72656722581691;9.11136830657959;46.6510489052239;17.6482986550331;17.6637492870944;2.15514714099113;0.903162629555995
2016;2;16;15;8.26032984443719;9.34968008752442;46.2605215197866;18.545255309173;18.7263137532984;2.46945743304171;0.710470582180845
2016;2;16;16;7.68058124130876;8.66778427740478;47.5323474567216;17.1053806287831;17.3380921714224;2.35279574783692;0.643850515696519
2016;2;16;17;7.83449289379949;8.62617916790771;48.948031271538;16.4289560232647;16.6827949840255;2.05506413568593;0.516335137977486
2016;2;16;18;7.84366145815136;8.28110141607666;50.1519826773614;16.6394621954801;16.9747696450551;2.01637865053004;0.28529687632471
2016;2;16;19;8.76381300622478;9.42157121166991;47.8140269852943;15.9207289509609;16.3378420409827;2.0055144728725;0.428987699890208
2016;2;16;20;8.33744042623964;9.1184045109253;49.8890998385414;12.9666796989441;13.3853729397456;1.90981285504339;0.509342161926263
2016;2;16;21;6.95724340979782;7.50100544525147;53.7189047693903;10.5391121791771;11.024438790713;2.08504444357328;0.354639779398901
2016;2;16;22;6.51788902182047;7.3006278394165;54.1439587128072;8.48829688629611;8.97979433299755;1.87211021807232;0.510499636789879
2016;2;16;23;5.43924843900492;6.09683261315918;57.0236812343846;6.85337961784431;7.30709055055039;1.86215380177955;0.428874197264833
2016;2;17;0;4.19792007024564;4.88844867150879;56.6070783832684;5.3590252843656;5.83905615899437;1.71078804143977;0.450360442351016
2016;2;17;1;4.30906789169713;4.9603398467102;48.5169175165669;5.78909480277423;6.26233446943349;1.71177474960597;0.42475738906972
2016;2;17;2;5.41078782789691;5.98639553283691;42.3442264928201;6.01587268169721;6.50975099806786;1.64798443133185;0.375409418441517
2016;2;17;3;6.01335785120477;6.74140605841064;39.2421458118815;6.91657800351779;7.39815202028751;1.9751458363627;0.474830603758226
2016;2;17;4;6.13423853540857;6.93474753283692;37.2722575874121;10.972343681982;11.4426661082445;2.04502580210822;0.522089288594745
2016;2;17;5;6.51625844284564;7.14277309490967;35.6641949288142;11.9116717777612;12.3518748830579;2.11764488057342;0.408610758955988
2016;2;17;6;6.55445337045376;7.25871675915528;33.5498728544636;7.73727281074524;8.21442740502357;1.98496869846684;0.459318224744137
2016;2;17;7;8.87060686200333;9.50294595617676;30.5882606813093;7.97146968481064;8.45856037024498;2.74240057326689;0.412409440603694
2016;2;17;8;8.28230125260921;9.10004924090576;30.7003186335111;8.21879928737987;8.71081587544355;2.68729418315724;0.533332500735248
2016;2;17;9;7.72831352405146;8.6742086860962;30.83640583117;10.3185231259445;10.4339732525431;2.62260072705596;0.616909658509303
2016;2;17;10;8.51822142792751;10.0303520583496;29.6116624233114;6.77757037016324;7.11389693909883;2.45844184383217;0.986206535636174
2016;2;17;11;9.1354210159224;11.4807187299194;29.7299855532366;4.94234872238853;5.35281291927858;2.16742865340091;1.52959531869995
2016;2;17;12;10.3168209342451;12.8163654306641;28.5210847552317;5.04931623440981;5.27566376569867;2.80860083830575;1.63019455388832
2016;2;17;13;9.31311576685932;13.1690912700195;29.1716757667862;5.68138343107289;5.98987241046182;3.11305478096198;2.51485431613011
2016;2;17;14;8.69451627862927;11.7349382627563;29.6270642788874;7.53541701180847;7.90360149561476;2.56923665587466;1.98295304090296
2016;2;17;15;8.6308122756894;11.3329593284912;28.9224727522228;11.0956961693011;11.1642371414586;2.13811022643395;1.76233126299365
2016;2;17;16;8.54910124590442;10.7443692992554;30.1388642937228;12.7181799960301;12.5797867447919;2.18884623870109;1.43174647621791
2016;2;17;17;9.18547798178855;10.7936224379272;28.1196506912721;12.9770573294958;12.8556895927429;1.89915376652116;1.04882643138334
2016;2;17;18;15.2170625483762;16.107758569458;22.6964079495422;19.3510155933314;19.0097169605123;1.6838338900694;0.580908963540254
2016;2;17;19;11.0631421826111;11.9099244671631;27.2674806878939;18.3291449328423;18.073483698225;1.76194671150471;0.552268571567106
2016;2;17;20;9.47196106409744;10.4929030510864;27.8048095776806;18.382965885512;17.5401391956488;1.85010249414137;0.665854946535183
2016;2;17;21;9.50555326014002;10.2931373284302;26.1882548204733;23.6342858183543;21.8173629614989;1.7333454761862;0.513659693074174
2016;2;17;22;8.68086637815853;9.37445954742431;23.9289175714461;30.1040397229512;24.5367613436381;1.49746188684639;0.452359143344369
2016;2;17;23;8.44741574708656;9.14563134307861;24.8547705494965;32.4460076321284;27.1276777581215;1.60752692739507;0.455373874582683
2016;2;18;0;8.13246498438513;8.88009284667969;23.506030053204;30.9866370140711;25.9292987014453;1.85954216664404;0.487600389268466
2016;2;18;1;7.89452230041191;8.86357312408448;22.0156836872611;38.6174823934555;32.2014570025762;1.77289800515605;0.632011703514484
2016;2;18;2;7.50939821749323;8.42396602923584;23.1421641578852;30.4345107395808;25.4719291666667;1.88754120962546;0.596478065503674
2016;2;18;3;8.90320808736901;9.7626719708252;18.5258556967359;29.1864;24.3952789439678;1.8602322477145;0.560539467923568
2016;2;18;4;15.8133666529069;16.6360825109863;17.4347721088149;27.3482704113642;23.9375717991988;1.9438442278089;0.536572528778792
2016;2;18;5;13.0950496203924;13.9338911241455;21.745406052291;20.840288623174;19.6333349189917;1.78004851198669;0.547089620910112
2016;2;18;6;15.3050846754026;16.3292447883301;19.386610407831;14.3541036647479;14.6010884497643;1.90611631327199;0.667953797500303
2016;2;18;7;21.5999076268909;23.0812051970215;12.6767867226102;19.2734435464223;19.453358459425;2.52246741603008;0.966097316920904
2016;2;18;8;21.9037662201866;25.0862048175049;13.5910164158974;20.0626506692251;20.2068616280238;2.62572892054486;2.07557580065686
2016;2;18;9;17.789354652044;23.4740063358154;15.6912958697602;23.7932340665181;22.9608710077286;2.40760986514928;3.70751080003292
2016;2;18;10;15.5585058550154;20.3753426861572;15.6922547496332;30.4957091304779;23.7258549608548;2.32095959973909;3.14152485796753
2016;2;18;11;13.1956291218119;18.1112288175049;16.6640220704954;28.4927630498886;23.5305146383286;2.08227873574641;3.20593766764077
2016;2;18;12;14.8631518124367;19.3948690219727;14.7842483131523;27.3159106116613;24.619489670531;2.88635223363014;2.95557079513146
2016;2;18;13;16.2448474728678;23.4660524088135;14.5545242448052;29.3059463512421;25.99210465765;3.36355498257036;4.70964568782653
2016;2;18;14;18.1841375233368;26.523416963501;13.6212352867929;30.9660138618469;28.2863807496071;3.00252578674793;5.43885013696902
2016;2;18;15;16.4753632624593;20.9342585401611;16.6381867183787;26.9440260038376;25.6990099484761;2.18625541003646;2.90807657494465
2016;2;18;16;16.5482753821438;19.2700537518311;15.5999201847879;24.8124797485352;23.3211613436381;1.99411640474103;1.77513474215483
2016;2;18;17;18.674467972755;21.1716523504639;14.0420877631344;14.0997532981555;13.8526503809929;2.08049537273878;1.62865529236557
2016;2;18;18;23.2856894958139;25.0057478540039;11.7791038341528;14.4042359782537;13.9948079845428;2.31528061065057;1.12181630369404
2016;2;18;19;27.6913862370234;29.3308446716309;9.62047489000508;14.3846189769745;14.2269538178762;2.55555439976697;1.06924930332398
2016;2;18;20;27.2548887733637;28.4627966059875;10.4576282388973;15.5871244107246;14.350539828825;2.10973320450459;0.787793445231115
2016;2;18;21;27.2609049407827;28.6455839416504;10.6445555965969;14.3708703953743;13.7165706750393;2.30904792418281;0.9030830094571
2016;2;18;22;27.7063982846712;29.2038880583496;9.28955586855844;12.7644560070356;12.4783469091892;1.73293521023325;0.976657817874989
2016;2;18;23;24.3729700967944;25.4817595618896;13.925841136877;11.8830322175662;11.3581378326893;2.21571449587273;0.723148777705958
2016;2;19;0;27.3560826694666;28.5008839707031;12.6460615870444;12.6700596557935;12.0635234787464;2.35189109095153;0.746635576695595
2016;2;19;1;32.8110523057023;34.6783264233398;6.74107414231769;12.4354940089544;11.929132144769;2.53831304232036;1.21782992923326
2016;2;19;2;35.8215504535391;42.1547052263183;4.48447914673148;11.9194159814517;12.0510298642476;3.07412092243609;4.1304623439622
2016;2;19;3;36.827439487653;45.1404844963379;4.38881915868195;12.3959246813774;11.9834964504083;2.90706794528095;5.42174012857218
2016;2;19;4;35.221481138346;39.0132127299805;7.42682041719995;10.3192053058306;10.4962436306;2.24035184749399;2.47295465207539
2016;2;19;5;26.4046058620463;27.7620871531982;16.4421416648067;8.79310336211522;8.99531534396013;2.06459560084491;0.885344754218841
2016;2;19;6;17.8656207526954;18.9090680876465;25.8441951869684;7.4764170012792;7.62844066054821;1.96556397321013;0.680532859144329
2016;2;19;7;20.7082178351672;21.7171078831787;21.0907483646643;12.3199716298898;11.5928161756833;2.20452980579132;0.657994712275273
2016;2;19;8;13.9171714950528;15.3680440876465;32.6975890532185;8.07481939153671;8.22526649227142;2.23613182419737;0.946254248412319
2016;2;19;9;15.5455015312808;18.7616146715698;26.3195386028737;18.7402636151791;15.9254171858271;2.2078988363536;2.09753822486421
2016;2;19;10;16.165217943082;20.4349970511475;29.454129014805;12.7569110262235;11.5391270819743;2.12256515764251;2.78473564213266
2016;2;19;11;13.2277719599336;16.6926778977051;33.0825354059823;14.1624607315858;12.9169759900173;2.23730663917535;2.25980005460307
2016;2;19;12;6.69427288191748;8.24561475909424;47.7579918301701;4.09558632885615;4.40862017298639;1.82443408424311;1.01177997951853
2016;2;19;13;5.30552868160544;6.54194629193116;47.4319047741074;5.26070198169152;5.4805429571708;1.96704115742896;0.806387426818079
2016;2;19;14;5.22756838291775;6.28956224816895;45.6450955546714;5.15607798752785;5.2240851631244;1.74144387120689;0.692628844125653
2016;2;19;15;4.88037306444179;6.08031300726318;48.7549973064365;4.60914935076237;4.73615684025685;1.90415656177841;0.78259681417274
2016;2;19;16;6.37395342932659;7.45542337225342;48.3135361504988;5.1515509998401;5.27895601255894;1.69088305080382;0.705331076793807
2016;2;19;17;7.42400025445947;8.09112515325928;48.5239270205353;4.86635;4.99413417310715;1.7846156747655;0.435096625943182
2016;2;19;18;7.5470095463708;8.23460157666016;47.6323372020907;7.32467865275542;7.03195246699254;1.97932168252154;0.448445220591436
2016;2;19;19;7.01753955593812;7.70291265692138;47.0802589473061;10.2442583493233;9.40321668276787;2.02189341478018;0.44699804232538
2016;2;19;20;5.68435994755558;6.46913735760498;54.1205155527802;7.93096136083603;7.91663917149703;1.94750011027823;0.511829199964229
2016;2;19;21;6.08397965059583;7.04243135766601;44.0747389762932;25.0529136631489;21.1339254668315;1.70633086910751;0.625098995144622
2016;2;19;22;6.93608728962312;7.850672;43.9694657997935;27.3331805296898;23.5146443120797;1.75529526337898;0.596489086736387
2016;2;19;23;6.28864684356999;7.0565036496582;48.3738810080492;17.7330901215235;16.5674903842131;1.91164313869299;0.500793638698744
2016;2;20;0;5.83731448384593;6.59487042333985;51.52521631851;14.7561682917595;14.886923368756;1.94781953935134;0.494075447985831
2016;2;20;1;4.69142793438331;5.60368964959717;55.1953292977362;12.5746572815259;12.7820782491048;1.51836094241589;0.594974037066777
2016;2;20;2;6.77445818346025;7.49121604376221;43.7510966707519;13.8452353410085;13.8724038661798;1.69893506795135;0.467467077299442
2016;2;20;3;9.37247979351058;10.2799827736816;35.2319374278338;30.6982503665924;26.9897407946904;1.99878421602293;0.591870406000684
2016;2;20;4;9.89750344497613;10.8434873139038;34.562633542453;23.4091096398036;21.3729935528119;2.05050548701136;0.616967512841426
2016;2;20;5;11.7860549022088;12.8074936934814;32.8512475721262;22.1480886871338;21.5533074613571;1.8645894637102;0.666178960626034
2016;2;20;6;10.6681656473472;11.2604563649292;33.0658307078094;19.4756496014277;19.3660716087023;2.06118326953259;0.386290023443918
2016;2;20;7;12.8502888526401;13.5845306130981;29.4937498302211;23.4706432757696;22.3432786434809;2.33182145424977;0.478870018457725
2016;2;20;8;14.3283976123886;16.3840044234009;26.791432682598;24.8825642604192;24.1327430430094;2.51198282274274;1.34065988144996
2016;2;20;9;13.5785990281058;17.4293331386719;24.6249701595478;27.1901607715607;24.9314935983976;2.42980588441886;2.51143589742463
2016;2;20;10;11.709479277966;16.8792889926758;29.6333134836407;24.3240666027069;24.3783956911405;2.50439846721956;3.3717325911313
2016;2;20;11;9.71100532087861;14.702974072998;33.6903153536798;22.6116869501114;22.5105924420357;2.51957384274703;3.25574531061346
2016;2;20;12;7.18861014913543;10.036470394165;45.3007298939298;17.5261893723488;17.6058154325167;2.26416197036371;1.85736491922172
2016;2;20;13;4.68275096922607;5.96039227740479;55.2508830370038;12.7961450287819;12.8006497773011;1.89675183491389;0.83327338457053
2016;2;20;14;5.54538648234122;7.15103294891358;54.5110453844842;13.7367549712181;13.9085341892083;1.64039927760535;1.04719725094965
2016;2;20;15;4.80878285886707;6.11427008758545;55.7985691321035;13.8692115995089;13.8166888307571;1.92113752170569;0.851434400738397
2016;2;20;16;4.26791939484407;5.47642684674072;61.6939442500723;11.8800143563588;11.8681832850297;1.82613455546472;0.788184514913768
2016;2;20;17;5.05074490785047;6.0833721897583;60.0084864906611;13.9203500159899;13.9385864858309;1.99077969448169;0.673476056767291
2016;2;20;18;6.39025116541753;7.05130303649903;58.5624888829581;15.8941220684369;15.9088714182059;2.10240321550708;0.431135817593423
2016;2;20;19;6.1283896536924;6.75150138690186;56.6271370852275;16.3023903761864;16.237252328825;2.16511542752824;0.406391386669557
2016;2;20;20;4.87205866578471;5.53302204382324;59.0653411325471;16.3444746653875;16.2968504265785;1.92564758427144;0.431078102727011
2016;2;20;21;4.77040710804296;5.5409759854126;60.4362715726689;16.6534843691508;16.7336222579797;1.90835524905409;0.502562442510429
2016;2;20;22;4.75070984121666;5.55229502191162;60.3502397778954;15.7412099424362;15.6904011724631;1.93174985575251;0.522791171718943
2016;2;20;23;3.72326939282446;4.3561478467102;63.700291935063;12.4914945982297;12.5286592669964;1.91354226080344;0.412761209202681
2016;2;21;0;4.12791453003639;4.60700227005005;62.7821854734459;12.9988539673805;13.0653804813226;1.99408934963116;0.312459420395938
2016;2;21;1;4.63928890921165;5.16989496356201;66.4057525381947;11.6687542700132;11.7185969574928;2.01931804053884;0.346059492560092
2016;2;21;2;4.97173473001142;5.67374527008057;68.0760481323229;13.6314603410085;13.4489698835691;1.11134072747451;0.457848924407023
2016;2;21;3;5.41423536458505;6.21185858392334;70.6371573932248;16.3265343371709;16.0817568603834;1.81829812169759;0.520207193783918
2016;2;21;4;5.72076147959895;6.39938748907471;72.8206391286863;16.9031399136543;16.7837658429941;2.18462987885855;0.442597611828596
2016;2;21;5;5.43330987856391;5.9845600145874;73.8331821463979;15.8810441208839;15.7359861531417;2.15042020822055;0.359523493525785
2016;2;21;6;5.00613179047559;5.54740032116699;73.9841125267271;14.6022504145622;14.607335329469;2.05447881343256;0.353013523939425
2016;2;21;7;5.04969709635081;5.52384451092529;73.0738625457083;14.882253632768;14.8109483848572;2.1780278294075;0.309237356681162
2016;2;21;8;6.1790859332339;7.00939204376221;70.0449023408336;16.1524963832219;15.8798321769714;2.40355879230176;0.54152286601925
2016;2;21;9;6.92159548992483;8.10152636499023;70.7164183606972;14.9922430370967;14.8185457850297;2.50882944641285;0.769546967158243
2016;2;21;10;6.51765757249186;8.24439103649903;73.8150498451659;13.602118642362;13.0905366763274;2.62873998593559;1.12616978536451
2016;2;21;11;6.57595225697355;7.84241221893311;76.4230037986796;12.0478486455599;11.6091930779298;2.735393557738;0.825980947993502
2016;2;21;12;6.47737131864655;7.85556665698242;78.0046275570914;9.97532103261947;9.48695804894765;2.97513692411711;0.898854386456501
2016;2;21;13;6.43374113744463;7.89074756201172;80.1182503705332;9.17135932118098;8.76637729662259;2.92173122324826;0.950254713093706
2016;2;21;14;5.90887503671804;7.26024639416504;81.4864003757785;8.84893638482094;8.13916149388154;2.77136374631811;0.881359875908159
2016;2;21;15;6.48374387301915;7.13145402923584;81.8230151813134;8.6450536567529;8.10168048132261;2.62784845272336;0.422434395817057
2016;2;21;16;6.1634735290998;7.22720699273682;84.7756579854043;8.7988039993604;7.85737866763274;2.68648921694242;0.693763404369962
2016;2;21;17;5.21197166129909;5.82823486132812;88.9132700454602;8.48677633045514;7.35560599645774;2.38333560546309;0.401924796253248
2016;2;21;18;4.96646281613004;5.72146884667969;92.3014470044029;8.29043862317403;7.35661900354226;2.25260933030357;0.492412405907643
2016;2;21;19;4.80321649980318;5.44920005834961;91.3628369826686;9.96241065963109;8.84927454121907;2.38443069526225;0.421308314595918
2016;2;21;20;4.72757970867101;5.56942654016113;90.5146653916116;11.3736610102336;10.1339273127238;2.30813255201675;0.549049685600514
2016;2;21;21;4.61105864470966;5.33333272815704;87.0055751888563;12.0097883045514;10.7981176486333;2.39260903024546;0.47106473957055
2016;2;21;22;4.60307193230689;5.0645055292511;86.7696775878077;11.543004317983;10.3182932979107;2.25776953694632;0.300945447379408
2016;2;21;23;4.67256242095703;5.52078538677978;84.6952049113737;11.7653302898407;10.341761104838;2.22651259110927;0.553208179069549
2016;2;22;0;4.11969157739256;4.76638656933594;86.772994161066;10.0735736615499;8.77954634846846;2.44160949054939;0.421772309076042
2016;2;22;1;4.05213079821464;4.53052218981933;86.4496566226865;11.4019967178345;10.1788370009661;2.41928469057824;0.312005264294484
2016;2;22;2;3.9134158273436;4.42467391241455;85.1238809727582;12.9671649776141;11.6905706750393;2.48616959867244;0.333440811759138
2016;2;22;3;3.43270851847854;4.3543123649292;85.577235096722;12.9614643563588;12.0917186950048;2.20352482519897;0.60106694378869
2016;2;22;4;3.05971523629811;3.61031489779663;85.2072590699071;12.2646416346868;11.2039930618286;1.99681642248276;0.359099256217918
2016;2;22;5;2.67147652866681;3.20558269345093;85.1215146621136;11.6645626353264;10.7562470379988;1.91088359533422;0.34834225286914
2016;2;22;6;2.6777666598796;3.32978628463745;83.8434802944603;13.3994096717834;12.4275281847;2.06743820130166;0.425245016774604
2016;2;22;7;2.81413906091212;3.05017536495972;83.2187199100169;14.3631576481183;13.4999574935595;1.99294205518833;0.153942087420166
2016;2;22;8;3.11850274967286;3.82537661315918;82.3802828017865;14.7124073454857;13.8658192959785;1.9655692616938;0.461020767660793
2016;2;22;9;3.07625902307966;3.8731001897583;81.6427903506275;13.3953855956713;12.5649585238298;1.98349539884017;0.519697141657039
2016;2;22;10;3.09960886071296;3.93520196347046;80.5213364787422;12.4306316123009;11.7130254909833;2.00462367854923;0.544971024654082
2016;2;22;11;3.23756403653126;4.1413919781189;80.5274983673871;12.6804549392382;11.7521947869619;1.9292031254857;0.589473558137962
2016;2;22;12;3.26351593998352;4.25947709490967;82.4551559404697;13.8249475777626;12.9733663661798;1.9640606148577;0.649562531481647
2016;2;22;13;3.62560034986688;4.50574280285644;81.2610840985807;13.9470089545886;13.0977965309143;1.86483959023459;0.574025961756268
2016;2;22;14;3.81486191519172;4.68409411676025;77.8970539906491;13.1194063256582;12.0486661112785;1.72763142910512;0.56691033229914
2016;2;22;15;3.72747602832602;4.97808319708252;77.9101492760316;12.7557373167038;11.5869070025762;1.90114820333961;0.815641809330203
2016;2;22;16;4.1199987824259;5.07230658392334;78.9156716953583;12.8461096717835;11.8936771544297;1.72045819407928;0.621091960495454
2016;2;22;17;5.70596465988459;6.6563603503418;79.5313076978128;12.3627267050425;11.539802487119;1.8930680389142;0.619844888075391
2016;2;22;18;4.43763503586592;5.13226690509033;80.010510475595;13.6648260358175;11.6782458494345;2.03227632543416;0.453036579980568
2016;2;22;19;4.04869795086784;4.60363708761597;80.8315651354954;16.6399032981555;12.6974926164309;2.0854489867989;0.361929447450268
2016;2;22;20;3.99959633493652;4.5467360364685;82.4099601172475;21.7317723390897;14.0385358526548;2.01275916181871;0.356842681909197
2016;2;22;21;3.89266666771832;4.4326277956543;85.5450834329902;23.6414956180573;13.8396501260916;1.84166235447032;0.35216084023858
2016;2;22;22;3.16974114347168;3.71524548901367;88.0533038927499;20.4030139577866;12.6370503326893;1.96852526796485;0.355776108206517
2016;2;22;23;2.83623722996191;3.08505026275635;90.2271748001082;18.3822952994347;11.3226827940464;2.13109613667234;0.162275027141558
2016;2;23;0;2.55144703245499;3.06149439416504;89.797054707662;18.1603046685855;10.8553521866322;2.12065191813248;0.332651182035793
2016;2;23;1;2.5113032598276;3.24627005111694;87.3835921748077;21.6177590345383;11.6206736048381;1.96601952640856;0.47934288113902
2016;2;23;2;2.10760875346756;2.68490689050293;86.4387780389338;18.3573131458283;10.939937658294;1.97342370820756;0.376511912595764
2016;2;23;3;2.19612409216462;2.83450177371216;85.0906840527886;18.7333892604192;10.6617004131953;1.9561096805491;0.416347787076243
2016;2;23;4;2.17442188771616;2.57446975183106;80.9595060138494;17.6566340505282;10.2283051647345;1.92322976000326;0.260909877903387
2016;2;23;5;2.24217505768674;2.70020288320923;79.7988041061324;17.8122285528183;10.9326778198083;1.98007403658556;0.298724214658231
2016;2;23;6;2.3392224721728;3.101264;77.3506027256402;12.874109998401;9.59095929919878;2.05614948781082;0.497000933682278
2016;2;23;7;2.09226726484177;2.53439424816895;78.533117796757;6.52272899536292;5.34209966529806;1.98298184227362;0.28835373860303
2016;2;23;8;1.78029815194657;2.39581245257568;80.9464825969508;1.91860233129462;1.99582298776309;1.79077876176954;0.401436366571395
2016;2;23;9;1.87806530782987;2.46189116061401;79.6734721057187;1.6241796705842;1.84184700378378;1.83114456723216;0.38076926695702
2016;2;23;10;2.29955759176436;2.91312322625732;77.9387230808426;2.24354034220775;2.33061948748132;1.96994785596076;0.400165453040128
2016;2;23;11;3.77213202303778;4.52991037957764;73.7456302287733;2.64409601063331;2.65883149750431;2.1554576285832;0.494220507638705
2016;2;23;12;3.30766821557015;4.27293762771606;75.8246956834956;4.38850000299811;3.11603216288288;2.10517656617059;0.629545479574242
2016;2;23;13;2.54922213503913;3.50110145254517;77.2766496559078;7.56259768969218;4.05271951465209;2.02284356924318;0.620812504670515
2016;2;23;14;2.17578626431495;2.94738626275635;78.8574074936192;16.2926657267888;7.26764381707112;1.92997497514722;0.503234936221977
2016;2;23;15;3.00550587793272;3.88656066421509;77.1151904749442;21.7352933397293;9.47294489967028;2.18464375117874;0.574620982475999
2016;2;23;16;2.53222669798849;3.28512191241455;76.7963753268655;18.8012942636172;10.007639987119;2.01118332000198;0.491035738697331
2016;2;23;17;5.73428673973512;6.77995204376222;71.5548798021734;15.3134923518817;10.890300697581;2.25533360278084;0.681979411151563
2016;2;23;18;5.31015966359873;6.01209281750488;71.6577615951226;18.2347484856605;12.8597415083726;2.218785556262;0.457798453410552
2016;2;23;19;4.49273163822742;4.90863937225342;72.3419867349254;19.0200994267146;13.3446307818095;1.98990404946867;0.271253631971975
2016;2;23;20;4.001272510671;4.6767520291748;69.9906643744676;23.6109802898407;16.4092934079011;2.03165757777194;0.440545480948872
2016;2;23;21;3.99597237204563;4.68195270068359;73.7987840489587;27.675387953949;19.1374711311022;2.10363980068841;0.447394074169214
2016;2;23;22;3.65148815482193;4.47637445980835;74.9581452396192;28.430558635966;19.6225294510523;2.08906827768402;0.537988086986439
2016;2;23;23;2.89253596575592;3.38179262045288;81.520588982288;23.2486527728399;15.6492058462143;2.32455368176;0.319091552514181
2016;2;24;0;3.85502543739702;4.38735169342041;72.8796484352937;21.0195243627548;15.0022365180333;2.27976007412836;0.347181402333245
2016;2;24;1;4.84761172223474;5.4451038228077;69.2270259813924;2.28118575502856;2.41151355563786;2.56149121991156;0.389682348020126
2016;2;24;2;2.61783172700013;3.16000066421509;76.6053554196468;1.35826032901605;1.65072765950163;2.40680302954036;0.353600766060176
2016;2;24;3;1.53052314966225;1.9228601751709;83.5361865407471;1.24156433737079;1.54672633276979;2.16322663505088;0.255880894774728
2016;2;24;4;2.64366913768408;3.11380672991943;80.4469213675022;1.50664533441265;1.79069050024152;2.42118576549859;0.306622163973578
2016;2;24;5;1.58174125541035;1.94763970800781;80.8899777130615;1.10518881148605;1.48659304912818;1.99620774205227;0.238637746019368
2016;2;24;6;1.79479986739884;2.42518079562378;69.8016340260576;1.28984948916758;1.66395389629926;1.95002623646123;0.411132331326621
2016;2;24;7;2.24416761110479;2.74364354013061;64.2318811515222;2.60215620466347;2.78215552490333;1.85894947057117;0.325756529024686
2016;2;24;8;2.74210941277528;3.38821693432617;59.5552305748428;4.79257664907773;4.9296398127238;1.93827551994225;0.421389162852491
2016;2;24;9;3.24343458885537;4.28548032116699;60.8095696756058;5.51573151956979;5.83133288495823;1.96584026029094;0.679618738594453
2016;2;24;10;3.44211505989118;4.88814274450684;61.3239231314985;6.50110000799497;6.73531231352885;2.02639053756918;0.943094415646301
2016;2;24;11;3.36352456209734;5.01724090515137;63.8957875413529;5.0169146589915;5.3736714906613;2.00768946780136;1.07854826348764
2016;2;24;12;2.50009538584345;4.67063369335938;66.3309198619835;4.92620698688825;5.1781625;1.65088878838156;1.4156178187617
2016;2;24;13;2.00839881934037;3.38913473721313;71.0961832280641;4.96007566522757;5.13375935152769;1.48191649349711;0.90051134392643
2016;2;24;14;2.13469318507346;2.90425149636841;73.3869413778541;4.7328873686711;5.02773200660149;2.58840606580721;0.50190335469916
2016;2;24;15;1.87298077263294;2.9559520072937;77.6457158707779;4.70891098624865;5.00730316859881;2.61186273326678;0.70631021423743
2016;2;24;16;2.45807241148431;3.32489151824951;77.3213870086796;5.01574102942149;5.31069666505655;2.15974794627706;0.565336519945716
2016;2;24;17;3.23445510982427;3.96977087591553;77.3075377875551;6.87868533301354;7.12329136617979;2.0301692076515;0.479570481336712
2016;2;24;18;3.70737089764229;4.40264769342041;75.9781876998909;9.51256098624865;9.64380411031246;1.96472906015172;0.453457198920142
2016;2;24;19;4.4445460733631;5.05762243792725;73.7943163775508;8.82512769289017;8.88506714959939;2.13984334572135;0.399846352830279
2016;2;24;20;4.37705469154384;5.14664505114746;75.1613632125384;9.51038132565816;9.66186936038335;2.25173113366985;0.501924256498806
2016;2;24;21;3.90697981684072;4.67063363500977;77.7922651585747;9.64686200607618;9.64734967536131;2.23761248521891;0.498052464046443
2016;2;24;22;2.85033843372018;3.36703201641083;79.627075207187;7.93079366634687;8.02148467214107;1.95931435641589;0.33698582511257
2016;2;24;23;2.47366731122356;3.05269924266815;80.708855419298;8.38734996002515;8.48662050869465;1.9301976517408;0.377642687505968
2016;2;25;0;2.47126119068639;3.13155009487915;80.2695293596382;9.046447737662;9.19251267439524;2.03303300595227;0.430638213142455
2016;2;25;1;2.57550701541855;3.3612960291748;79.2441277233305;9.92518868713379;10.0245233204524;1.98362152803105;0.512488964515717
2016;2;25;2;4.1426452795488;5.12584258392334;72.6115921163732;14.8381572815259;14.8924948191643;2.07031658750536;0.641237990876074
2016;2;25;3;5.67675141746184;6.41254207299805;67.6720161215664;18.926708842659;18.8452207850297;1.98607415471402;0.479880202643122
2016;2;25;4;3.60207807100527;4.26528962771606;75.6611671035991;14.1778860741933;14.0714583655357;2.10439675426617;0.432544357331781
2016;2;25;5;5.40270713351624;6.21124672991944;67.8196346618373;18.2892404081663;18.2245894156297;2.19889248333937;0.527326818365471
2016;2;25;6;5.63242274016539;6.30577601458741;66.2401591548799;17.2212037606875;16.9764047059536;2.39559722952373;0.439158751675868
2016;2;25;7;5.89651560669312;6.77872826281738;63.2316396184652;16.2532640057564;16.0577825257619;2.34389576275341;0.57537614131117
2016;2;25;8;7.44882283477761;8.75405372265625;57.416283007938;18.4476853410085;17.909039987119;2.56398942595289;0.851267216100769
2016;2;25;9;8.7937760995088;10.4240710510864;52.7130486773527;23.6775440089544;21.9298059106191;2.59891771451791;1.0632729103647
2016;2;25;10;7.57064264880215;9.54179772265625;58.6845735884328;21.3186416346868;20.7587777070999;2.40833342433633;1.28558074115903
2016;2;25;11;5.14872503143288;6.52909762042236;67.0588559805633;14.9439549712181;14.5198797059536;2.32683418471888;0.900274382044916
2016;2;25;12;5.89969014030401;7.26636477374267;65.5961941780659;15.3035999360402;14.9357162078857;2.46260531823112;0.89134062128557
2016;2;25;13;5.8469987119189;7.48509764959717;67.1910262030415;15.3314326321284;15.1661736289899;2.18078261784673;1.06836264397741
2016;2;25;14;2.81573804135285;3.90338622628784;78.2913046425092;7.12247270568212;7.13966815571785;2.15382236223648;0.709360505551223
2016;2;25;15;2.66637726642382;3.54913089050293;76.2895382179992;7.69505429399808;7.26966981111368;2.026008264146;0.57572895880055
2016;2;25;16;2.99574644988275;3.84281408029175;76.2954075806339;8.33219342974959;7.85973071030913;2.23742609713247;0.552454673179925
2016;2;25;17;3.71478805953692;4.38796351824951;70.324203138541;10.6456523902575;10.3125529942036;2.13115435949964;0.439042780865377
2016;2;25;18;5.10622171571513;5.72636348907471;71.3818663610965;11.4139010038376;11.1374726389726;2.03954751616422;0.404454388796752
2016;2;25;19;5.21292774742729;5.84108357659912;70.1390013654967;16.261815026726;15.7638316478559;2.22301526013855;0.409681129172216
2016;2;25;20;7.83620921769679;8.73080381024169;66.0592922344272;22.9056065963109;22.09188578825;2.15708102278568;0.583451598798898
2016;2;25;21;8.81003506622015;9.31836212789244;58.3880624826221;21.7496317334011;21.0837471995518;2.03474990329988;0.331529208109492
2016;2;25;22;9.99513469242645;10.8694905255737;57.3207408500504;24.1223078218389;23.824584704611;3.10496423870886;0.570251947664571
2016;2;25;23;4.73628287637572;5.21058242333984;68.7468466743593;18.042614671639;18.3950990795408;4.14908394289712;0.309336576916454
2016;2;26;0;4.56867702226609;5.18825029193115;66.3243151673941;13.0874514077614;13.4864217587833;2.49075945557889;0.404083612590129
2016;2;26;1;5.71207197555004;6.15189821899414;62.5381625780349;14.4562126673063;14.7435838243167;2.10202191930101;0.28685320375251
2016;2;26;2;5.59905196278783;6.22256570806885;60.3164211407113;17.0172689721338;17.1457968392537;1.88475908415505;0.406653577596987
2016;2;26;3;5.72705105784947;6.22256575183106;58.0520305606901;18.5155639027378;18.4796968375089;1.98388355258932;0.323173024788202
2016;2;26;4;4.51442754583019;5.17999037957764;63.1848401842191;16.0584352610588;15.9061701679548;1.95461621961723;0.434077852344703
2016;2;26;5;4.59487468999979;5.16714172265625;55.499205089694;18.4748473390897;18.3377078584512;1.85197686821115;0.373230643160359
2016;2;26;6;4.32224749920503;4.87774147442627;54.2438402188898;19.7580003985723;19.6253997156143;1.96348893910985;0.362291311245234
2016;2;26;7;3.92478635788737;4.56264386859131;60.5410771325896;17.7587429731369;17.8595717186928;1.95210400142861;0.416008533393207
2016;2;26;8;3.85575707068627;4.43935810946655;61.1890809877875;16.527063623174;16.4656838887215;1.94897500241717;0.380622644016222
2016;2;26;9;3.67322799842145;4.49717697079468;65.7748732814566;16.1068910134315;16.0034181396166;2.14580026451952;0.537376761793627
2016;2;26;10;3.98191260111575;4.80860348907471;58.4584179478341;17.834360675621;17.6741928069274;2.15184664271877;0.53916502996068
2016;2;26;11;4.15410399707267;4.96339905108643;58.584345249596;20.0770700447718;19.8869223196665;2.09918797238841;0.527819525290352
2016;2;26;12;5.57796096768119;7.3936274890747;61.2507659495698;20.2405450447718;19.885234237512;2.28731689310947;1.18417162770801
2016;2;26;13;5.70854020149477;7.03937221893311;64.0044797406235;18.0062189449946;17.5433468608856;2.43876207465726;0.867964187105444
2016;2;26;14;5.75424841048594;6.98063550366211;64.5208041142766;18.0203030434926;17.6068284396013;2.39940797155664;0.799845557108098
2016;2;26;15;6.11948020328205;7.2293485401001;66.3260358275807;18.6770531862259;18.2293167444547;2.52150789420504;0.723852414232272
2016;2;26;16;6.57536608637103;7.73381056933593;67.4807066187228;18.9391161401749;18.4055787856738;2.48995040158856;0.755533614151269
2016;2;26;17;6.94246586956623;7.90665534307861;67.6525065937982;19.0200994267146;18.3870072091738;2.51848362750214;0.628841147212308
2016;2;26;18;7.03158821898337;7.8424121897583;65.1621574355142;20.0366623167038;19.3937602006594;2.41628321606968;0.528816679684276
2016;2;26;19;7.28806843651415;8.01801018981934;65.1340012008298;22.1395375233968;21.4717609948476;2.23242601083769;0.476065568185964
2016;2;26;20;8.69190584006025;9.55311672998047;64.9259074845816;29.1850586039861;28.3716416666667;2.45041208122627;0.561678859691691
2016;2;26;21;9.80370823652802;10.8364510949707;62.0432578640791;28.3862945822398;27.5926445803642;2.54821618058809;0.67355143539646
2016;2;26;22;8.7015313331774;9.68405054016113;60.9358211633874;30.674777039655;29.7891663500786;2.53729921929453;0.640795738027567
2016;2;26;23;10.068129194866;11.1760224671021;57.5866943065522;34.9051744415283;34.0739875644048;2.4121490135167;0.722564283722967
2016;2;27;0;9.43048062915588;10.7529350656738;57.4656942778736;34.3996600235621;33.5246040110906;1.92868812732488;0.862500356871283
2016;2;27;1;8.90607912699935;9.96060217523192;58.8350877779389;32.5969076960882;32.0052725584666;2.4545415444287;0.687756402273022
2016;2;27;2;10.3071698155328;11.3427487299805;55.6473202498549;35.2631433249156;34.044272829469;2.72670161502558;0.675401101629825
2016;2;27;3;9.93264144222735;10.8780562628174;53.6955004226686;36.8682158055623;35.9942979260762;2.4914280627257;0.616596381420379
2016;2;27;4;12.2145068361005;13.315321036438;48.1891081106716;39.6536621568044;38.987543786176;2.69156850712675;0.717947336726406
2016;2;27;5;12.6316041413683;13.8782136934814;48.2865614422733;38.4836844970703;37.6213446125666;2.58842785326389;0.813034577136575
2016;2;27;6;12.4774736482689;13.749727357666;48.3337849454925;38.4201387510935;37.4214460077286;2.81932166232227;0.829759610678977
2016;2;27;7;11.8967449865428;13.0540653430176;48.7900958887929;37.5947157587687;36.4886417122523;2.71067271219554;0.754800462617201
2016;2;27;8;11.6179470981046;13.222015357666;48.1821233713034;38.438414324379;37.3913935661952;2.89064694610556;1.04616794961984
2016;2;27;9;10.4924350508119;12.6404615036011;45.7644030028312;36.905437953949;36.0064537534714;2.42636375522769;1.4009356624624
2016;2;27;10;8.37379485945183;9.33774910949707;60.3890753146442;28.6989929731369;28.1393269317309;2.36129378668811;0.628687735254398
2016;2;27;11;8.40988758361061;10.8649018101807;60.7858244853802;30.8729590665182;30.3063028359095;2.50226451147898;1.60115206094814
2016;2;27;12;7.28597375254216;9.07679935766602;66.4575354550776;32.0144336679459;31.2505878032049;3.01313027837015;1.16797046526645
2016;2;27;13;7.75841820403855;9.3408083503418;69.6307066595592;33.3591203793844;32.73513921175;8.08982908412076;1.03202955671556
2016;2;27;14;7.31817206575432;8.57325502191162;75.6774589628221;30.660357728068;29.89249239645;17.2590326618681;0.818560902891298
2016;2;27;15;7.77678417973592;8.80116540148925;75.3031611743379;32.7124300511678;31.8332316404025;11.9784315022406;0.668098003936408
2016;2;27;16;7.96404979781967;8.91160256933594;75.9291992908315;29.97979862957;29.0111823835691;10.2943890205417;0.617990745858152
2016;2;27;17;9.02231993628967;9.992112;76.0388181191744;32.3341740281423;31.1475993346214;11.4411603507309;0.632495137785971
2016;2;27;18;9.50732016084496;10.3417785839233;79.2248382732491;33.8532341944377;32.5475652715047;12.8064620927446;0.544230990365449
2016;2;27;19;11.9793788316376;12.7209184525146;76.6178501197275;36.7313999360402;34.6471769371668;14.541773925456;0.48362965859502
2016;2;27;20;14.0400823981062;14.7831251386719;72.8714380646956;38.1401353410085;36.0228308650335;14.136382386784;0.484609988224588
2016;2;27;21;13.6322464309718;14.8259538686523;57.3448057704762;48.3401371100108;46.3669115368525;8.10768107060884;0.77853199518179
2016;2;27;22;17.2373197087006;18.4523296350098;51.3122318664501;51.2107580307007;49.0540627388;7.55204235077364;0.792425406960017
2016;2;27;23;18.1027748465671;19.4259199817657;47.5885441336613;52.6771704901377;51.0538937782287;6.38962425651597;0.862950828238893
2016;2;28;0;13.8045379387045;14.9422799635315;49.8240052401302;46.9610787766775;45.6422785146713;5.52168343922441;0.74203154025063
2016;2;28;1;12.1803066959747;13.1339104233398;50.9879516808689;43.6038893095652;42.4746275971095;5.75595068786602;0.621937159008571
2016;2;28;2;12.4514508096234;13.6637637956543;48.7593002938994;44.024564786911;42.9348672998428;5.53117943235286;0.790666471537948
2016;2;28;3;13.7753472633634;14.8452268613281;45.4011492110392;47.8051127792358;46.4891466409047;6.67306112713072;0.697771892605672
2016;2;28;4;11.6303925251237;12.82309575177;46.5539429372023;42.814682058843;41.9284521759669;6.60438620736816;0.777877052106648
2016;2;28;5;9.53385637040171;10.393479036499;50.1768078614215;38.055798836263;37.3621856648763;5.83651497021359;0.560643025430623
2016;2;28;6;8.09326349575976;8.8525600291748;52.6714089758532;34.4088811977386;33.7216324801763;5.42027487833846;0.495210657514936
2016;2;28;7;9.95393730538505;10.9233324963379;45.99515311608;37.9761576812744;37.0991430430094;5.8102283700439;0.632236298701989
2016;2;28;8;9.04368361546977;10.2423545401611;47.1439563056401;37.7523225789388;36.8550103804906;5.32785401386827;0.781769164796091
2016;2;28;9;8.00309711512496;9.48581439416505;46.9161008203731;36.9131507651647;35.6613584433238;5.85603353435089;0.967023246319551
2016;2;28;10;10.3932177825972;12.3372947590942;38.1018059391467;45.1787821867625;43.2591962465286;6.04031377310218;1.26792049670072
2016;2;28;11;11.4679671297735;14.9630060438232;35.4926565884352;53.5491622479972;51.6941353040146;5.13181281889037;2.27945268086822
2016;2;28;12;11.177896235556;14.4720044088135;46.1840174761313;50.2637768969218;48.132739372762;8.64419167166033;2.14840632429503
2016;2;28;13;10.4112094104129;12.6735008175049;51.8888284692705;53.9433780181367;51.0954350873656;13.9585320085672;1.47545888318187
2016;2;28;14;9.94281999321548;12.0258681168213;55.5801976172129;52.9042377370637;50.1484638658721;15.2230694436571;1.35855701366969
2016;2;28;15;16.466077055425;18.5177965546875;51.7376478593223;52.3477055285136;49.7450977060954;18.4461534237025;1.33812458973865
2016;2;28;16;15.2297171772037;17.0842553868408;50.0390494966273;59.1483195543451;57.0443205687313;11.0426920425839;1.20952361266605
2016;2;28;17;12.7306442883239;14.3762515620117;53.229482597246;62.5934430750184;60.1822172040778;10.4501307177186;1.07325955559031
2016;2;28;18;12.0012405679792;12.9032467736816;58.9995269348883;58.5571668342978;55.4444673431526;14.8549617732978;0.588285428091474
2016;2;28;19;12.3864903906835;13.9889568175049;58.0331253096931;65.242633486473;62.893966279046;11.7747097436007;1.04512323966853
2016;2;28;20;11.5889606580688;12.4091859415894;63.1318226014661;60.2156756898311;58.4080694807621;14.6591829734914;0.534948184388158
2016;2;28;21;10.24538817728;11.0674208466797;60.605833449908;61.0318502998352;59.0555284072613;12.9382013346039;0.536126955408702
2016;2;28;22;10.053159807705;11.1888710219116;55.3135667809602;60.6493970632882;59.52098453502;8.00540266380465;0.740707052361766
2016;2;28;23;23.0324483222728;24.9623072846069;42.7163039711267;50.6892089335124;50.496716931594;11.8471364649705;1.25864755545539
2016;2;29;0;15.8200936958576;16.7706873868408;48.0689812999653;44.6814943824496;44.1417602853775;7.96268215981051;0.619974023355706
2016;2;29;1;10.0092792995243;10.6782904818115;50.0166727053521;43.7092676014219;43.4643165905816;4.07756332721169;0.436326853719733
2016;2;29;2;13.6930851714438;14.3459654014893;39.6147253769848;43.4451460595308;43.1826398071006;5.35461846775962;0.425806300662462
2016;2;29;3;11.0146786885446;12.0081248904419;40.0305516789201;44.5764351415801;44.0243577653985;4.48479995242617;0.64792228753446
2016;2;29;4;9.3992251803019;10.2496966569214;39.9186731192167;33.1372972911199;33.2610550386429;3.82301620196598;0.554674650284781
2016;2;29;5;7.02652382537834;7.43859776641846;41.6487904116335;25.397468642362;25.3226804008166;3.4956231665422;0.268753245019369
2016;2;29;6;6.69458612582978;7.30491067156983;41.1988960041205;21.8137614407857;22.0378592053096;3.58118096431501;0.398051625804308
2016;2;29;7;6.63682468107953;7.24586808764648;38.9024625411542;18.0761360422134;18.478683617719;4.86067479075079;0.397216071123948
2016;2;29;8;6.94668414482702;7.9513196496582;36.4889336355934;15.3767026289304;15.6939466409047;5.1833162950048;0.655219913454231
2016;2;29;9;7.1052203578087;8.19146684674072;36.3839825207862;11.6752933557193;12.0199645122369;4.63356211096498;0.708446324109949
2016;2;29;10;5.65237506720573;6.63494597076415;38.7395524515381;12.7267309430758;13.0984718475024;3.76174174673812;0.640829454360539
2016;2;29;11;5.60773969844549;6.31311807299804;39.0747554261941;18.425385691611;18.5568534368833;2.95879443661278;0.460045414784014
2016;2;29;12;5.47323755563054;6.36910147442627;39.0198140056954;22.3093841304779;22.0344824935595;2.50819258696433;0.584279449130896
2016;2;29;13;8.11536769431083;10.1169273430786;35.0169162366369;25.3892889751707;24.4615220167296;3.35826106623577;1.3054105031451
2016;2;29;14;6.54267802750543;8.40591681750488;37.919001483967;25.5661542322452;22.5748790027912;2.67699760263751;1.21519810205508
2016;2;29;15;5.48780804380837;7.05375037957764;38.801397766167;26.1340881759099;23.7030382267066;2.6385009562146;1.02130234974073
2016;2;29;16;6.18282671766409;7.53220919714355;41.846110693411;22.8400303092533;21.6286258615211;2.60413669830002;0.88006273635507
2016;2;29;17;6.65731474119151;7.84210620440674;48.8085446088167;20.1161806487259;19.3189706690263;2.38137903658995;0.772717026479807
2016;2;29;18;6.80629659433233;7.88309953283691;47.0389406101564;23.2244006545503;21.9831886152494;2.37044133319628;0.702287272131391
2016;2;29;19;6.90674622500598;7.66712004376221;45.8117348153186;23.0086454196583;21.7842255458832;2.26438283087447;0.49591325940848
2016;2;29;20;7.02937225214265;7.59981763500977;45.7480491289332;25.3925728107452;24.2834437829971;2.23873765579628;0.372042569265322
2016;2;29;21;7.69616757280774;8.28079550366211;46.4596854112215;26.7522524959423;25.5461220069815;2.91250197219539;0.381292379589643
2016;2;29;22;6.998828874832;7.82895169342041;45.6584132205848;26.801406199602;25.0267285929093;3.6630353582547;0.54140332362957
2016;2;29;23;9.03022420678258;10.0560492700806;40.8677794999772;28.2042460524241;26.1676163220582;4.64889892380514;0.669039672558888
2016;3;1;0;7.92029434834631;8.8130963357544;38.6127955148406;30.383568350738;28.4330427147128;2.51620076259508;0.582282467729025
2016;3;1;1;8.9949275952361;9.72626751824951;38.6551510423351;24.1976926526388;22.6178824647903;2.30718639914996;0.476977449789601
2016;3;1;2;8.66119589866583;9.22211134307861;43.1812019310265;21.5731273423513;19.842575300471;2.83672264953374;0.36582717530478
2016;3;1;3;10.3571214818505;11.4195347299194;37.9085194677701;25.9191369424043;23.300646214132;3.03122548920428;0.6929023641956
2016;3;1;4;8.6649133447056;9.51732414599609;34.4768303890583;28.4703599348704;25.0207591431936;2.32813450367149;0.555939471343744
2016;3;1;5;10.5659929877256;11.4430904963989;31.8772308521542;27.2169147197723;23.9060828239441;2.24181409039391;0.572040059265533
2016;3;1;6;17.4795595424003;18.4113362628174;19.1322457682022;29.6702214265188;26.5190958920161;2.36646037236892;0.607701658138127
2016;3;1;7;13.3227276506453;14.3162912700195;26.5479369621062;22.4685579128265;20.4772916079839;2.19280418437006;0.647998866819918
2016;3;1;8;11.3892826018792;12.8258489926758;26.1809867592361;19.4448707107544;17.6967541373253;2.23609823913093;0.936923791487121
2016;3;1;9;10.012527019244;12.6294484086914;28.3099822043307;12.6001713137945;10.0712357922554;2.41775118967588;1.70674737062808
2016;3;1;10;11.2918903377825;14.5855008466797;27.947298460697;7.29916400400798;4.30771617194812;2.4762215350311;2.14808174926505
2016;3;1;11;9.81753377189053;13.6582573138428;31.0164890615932;4.84454403093656;1.5971728305459;2.37656074184017;2.50490703808287
2016;3;1;12;9.09812283608884;12.9087531679688;33.3315086737063;4.37791665727297;1.25843184184233;2.34217335054385;2.48528034720411
2016;3;1;13;8.55506159603186;11.7074053869019;34.5494640980548;4.22780266892115;1.09090732922554;2.17768786445479;2.05594806862703
2016;3;1;14;7.97452875026183;10.656264321167;36.7605871928162;4.35007400776545;1.23781817649603;2.27523304012712;1.74901896282361
2016;3;1;15;6.49216431211755;9.17010496350098;42.6637929994139;3.70483332707087;0.553259824824333;2.17463908305456;1.74654392901419
2016;3;1;16;6.92830648700376;9.56504767883301;42.6122908746868;4.85885931930542;1.805616974473;2.14943900373261;1.71967377939909
2016;3;1;17;8.19540632302932;9.86760256933594;41.9962401333209;5.71659732481639;2.70369599457185;2.35916958333035;1.09060079453156
2016;3;1;18;9.99333188788616;10.8694905255737;41.8479746118101;7.06919932807287;4.20695532100995;2.43603922575054;0.571427730751254
2016;3;1;19;10.2362296958633;11.3843539270019;39.5872152334049;9.29149062433243;6.78412512089411;2.31934674923192;0.74880278045495
2016;3;1;20;9.836145733204;10.7162246277466;38.4680230622231;10.0993219481468;7.35715439759096;2.29736698614369;0.573984509149898
2016;3;1;21;9.69809936333308;10.64984;38.3161911685465;10.2611246358554;7.62159381044706;2.35952597125922;0.620722057491452
2016;3;1;22;9.28260507118545;10.3638048029175;37.3761394889774;11.8188693669001;9.19223219366074;2.34811994023129;0.705154845957031
2016;3;1;23;10.3126308395297;11.2203808029175;31.700558952098;16.5388579879761;14.4588701737086;2.19371080397178;0.592031487627878
2016;3;2;0;10.7847246627954;11.7733313137817;29.8959612684993;18.6675086035411;16.9785063251177;2.06986524281081;0.644765948629714
2016;3;2;1;11.0065989724199;12.2555376641846;29.1643130113322;19.1011714515686;17.5232303028107;2.30965531870925;0.814553634221011
2016;3;2;2;10.6519984066147;11.7444218247681;29.1539638709566;19.0946047097524;17.4390833626747;2.14706247269248;0.712474896672219
2016;3;2;3;9.95564585844953;10.9404639416504;27.0739307284503;20.1213687388102;18.5377609424909;2.0193058325546;0.642295057401394
2016;3;2;4;9.03654173020943;10.1891244963379;23.6681954657399;28.8312641292572;23.8757776678403;2.00743005778638;0.751710622051365
2016;3;2;5;9.12696145917916;10.0863353722534;20.8492825986972;30.3938678226471;25.7211623057524;1.99647404736882;0.625700454813594
2016;3;2;6;8.93054081731809;9.89666491973877;19.8212764561074;25.819002612559;21.9477845903714;2.00023369854287;0.63010290571056
2016;3;2;7;8.97824941973444;10.0116908905029;17.2353566974218;29.1312294645945;24.6101779683113;1.86832230041655;0.674007068016897
2016;3;2;8;8.02946670178865;9.87157953283691;21.5449816677883;21.5793000751495;18.4185400504748;1.93554729296243;1.20141982234162
2016;3;2;9;7.12447771158301;9.49958081750488;29.0582300103025;15.5022440340678;13.7556981091499;2.13385423430351;1.54903429554632
2016;3;2;10;6.1961953168605;9.20222658392333;32.4217661586636;15.8483074726105;14.4045668644428;1.97434060036906;1.96052353034904
2016;3;2;11;5.47591807836561;8.78036286132813;42.9379564579352;16.1072966967265;14.7391545845032;2.27614531454397;2.15514782654512
2016;3;2;12;4.59543502631088;5.88941884674072;60.7610444247976;11.7145906681697;9.76095398708979;1.85583019648922;0.843931916357751
2016;3;2;13;-999;-999;-999;9.13911725196192;6.76148558128486;-999;-999
2016;3;2;14;-999;-999;72.3596634612302;10.4284433183034;8.14262730868657;-999;-999
2016;3;2;15;5.2278193389803;6.56519616058349;78.1179310652683;12.1552139038086;10.2087628151417;1.95772176096024;0.872232686474467
2016;3;2;16;4.92505114838521;5.98058308026123;81.1671884972983;10.7984093193054;8.49936687558492;1.85982057807919;0.688414392808262
2016;3;2;17;5.14651788850738;6.14730945983887;82.6336932190141;10.3433393493652;7.87234213204384;2.08070443405737;0.652712912892453
2016;3;2;18;5.67027207517333;6.39479874450684;84.3943260941171;12.7129866616567;10.7057984242916;2.11620739603071;0.472533868545443
2016;3;2;19;5.60664901405945;6.30394049633789;82.5183661393524;12.5710153353373;10.4430510187785;1.93825778247212;0.454771170711933
2016;3;2;20;5.17174678969594;5.89278395623779;81.8125303163009;11.7831466591517;9.60942814788818;1.98434365875664;0.470258026505065
2016;3;2;21;4.85932363605639;5.6868997810669;80.9653764612608;12.6307720170339;10.5974996701876;2.24987629859771;0.539742391646494
2016;3;2;22;8.78846143196033;10.0692038685913;72.4538033335916;16.8214873523712;14.9540595792294;3.01091527964244;0.835295930166753
2016;3;2;23;9.20119664750881;10.2631571386719;72.0274931014147;16.9784306456248;15.2446507805189;3.59255885297179;0.692607077657089
2016;3;3;0;9.21129711774519;10.3723705547485;71.0460170888696;17.3326367117564;15.8785979917844;3.42382390207245;0.757248209175301
2016;3;3;1;8.57187946567924;9.6485638102417;71.2654152306212;17.7747046346029;16.1922640610377;3.91762662682663;0.702209925559298
2016;3;3;2;8.8151473684706;10.1750521459961;71.3493757189724;18.5468133132935;17.0180414870898;4.19749969212635;0.886925343919606
2016;3;3;3;6.61321624382871;7.5594361314087;72.750237234992;17.4891859709422;15.9979726913134;4.46634583775789;0.617121443416449
2016;3;3;4;5.19222523430776;6.14272061315918;74.0418803341307;16.5238577755519;14.6823900301797;5.03750795819992;0.619909904512408
2016;3;3;5;11.1520502968146;12.0555424379272;63.5645793833213;15.2721479278564;13.7480062370936;4.45834492106951;0.589254550192167
2016;3;3;6;10.2235136825614;11.2347590510864;53.3416175753458;12.1342006468773;10.5462731493553;2.1623038313968;0.659530844430254
2016;3;3;7;5.55795553014655;6.0928556496582;69.6948517519262;4.13350532062054;1.33457934074203;2.5236196931936;0.348860067484845
2016;3;3;8;6.39219014085637;7.18835519708252;66.8254795660607;4.08596268207232;1.30688934881091;3.89412248390179;0.519256184683057
2016;3;3;9;4.85835911707032;5.68598213134766;68.7354894538929;6.14754275589976;3.74547657555136;4.06266669341504;0.539772959625437
2016;3;3;10;4.96648022257945;5.78510014599609;72.3393930482082;3.07882619763243;0.17442139023748;2.69785558441184;0.53390117390196
2016;3;3;11;6.58545475212047;7.56524856939697;68.8165771746377;2.30336073868804;-0.731197222425982;2.48947414102826;0.639018247983161
2016;3;3;12;5.07689484008784;5.94020163500976;76.2595422710814;2.40896732293765;-0.604797500733534;2.68240345569827;0.563045801918219
2016;3;3;13;4.93175481501526;5.87901759124756;77.904984930897;2.59887533204953;-0.384200506638487;2.98072898498186;0.61780161190464
2016;3;3;14;5.0468539248146;5.92674106573486;76.2119082405629;2.50874896383286;-0.477089317401935;2.77142286421478;0.573859448079272
2016;3;3;15;6.46884382823283;7.28104890515137;73.3892411039239;3.08086866835753;0.188674840595325;3.14616667042596;0.529717432488189
2016;3;3;16;6.63305362341728;7.45756475915527;72.1230057728093;2.8675833192428;-0.0622273435294627;2.94007573985453;0.537743402858407
2016;3;3;17;5.97143759605507;6.72641597082519;72.4938267304777;2.85497533439795;-0.0751493422091008;2.65112543733664;0.492394368900808
2016;3;3;18;6.72387087548859;7.3994399708252;70.7260020344319;2.87060399085681;-0.0597660125434394;2.00636262893417;0.440603902659387
2016;3;3;19;5.96118067250066;6.6123078394165;71.7581125618549;2.94270598628521;0.0199196569840113;1.89643248117235;0.424662958757351
2016;3;3;20;5.6625450111419;6.32443706573486;70.6493333667914;2.92392532813549;0.0133048299590745;2.18604375421147;0.431683782467269
2016;3;3;21;7.66176822829638;8.32454210217285;66.1387802160573;3.28771866209507;0.434654327905178;1.94446143263373;0.432258902052276
2016;3;3;22;4.92141424007558;5.74533059851074;71.0063863250124;2.9635879882892;0.0485326645394168;1.99655811183415;0.537355491092386
2016;3;3;23;3.50747423427714;4.26804293426514;73.0593591143403;2.73795733327071;-0.239597161751985;2.00446465745582;0.496040360295521
2016;3;4;0;3.52776083833794;4.18360896350098;72.1869725151355;3.25107666416168;0.37019816035827;1.94193694768845;0.4277419519238
2016;3;4;1;3.52608512774657;4.20257605105591;71.6634240200294;3.20996932932536;0.299434832159678;1.94247700938593;0.441205115777585
2016;3;4;2;3.12236105659152;3.82690625546265;72.4217113774106;3.24450999279817;0.33035532284379;1.88915309085824;0.459502020393461
2016;3;4;3;2.48265807849613;3.16153021899414;72.8449357498228;2.77197267330488;-0.22990565632383;1.83858834735518;0.442758137657437
2016;3;4;4;2.24190853522151;2.75740991241455;75.6288197962221;2.30416332894961;-0.792628003154199;1.84649262322723;0.33620827267768
2016;3;4;5;1.8621160722844;2.16361915332031;77.195117892221;2.30678999076287;-0.799396665199597;1.99113703749586;0.196639300236286
2016;3;4;6;1.90591205332105;2.54173632846069;78.4863425831223;2.29575799658696;-0.796473831902941;1.91294599780834;0.414682463963986
2016;3;4;7;1.85904714167198;2.33799359854126;78.9907821687344;2.90409399649302;-0.0968398215234278;1.99175846130772;0.312367276002085
2016;3;4;8;1.98169820667234;2.90578112408447;79.5479915127737;3.25107666885853;0.25651533091267;1.86245500838302;0.602683785571614
2016;3;4;9;2.27067837178677;3.04375102920532;79.9035873675348;3.68762866741816;0.690940677229563;1.89384369040699;0.504195399477475
2016;3;4;10;3.22782674136227;4.6238278102417;72.2489718753338;5.99239734360377;3.1367368623813;2.09191906089529;0.910467224316238
2016;3;4;11;2.61851423141735;4.24968769342041;75.29848728408;5.9272560160319;2.92383147535324;1.97043847758248;1.06384587192355
2016;3;4;12;3.17247640541109;4.44302910949707;78.4666112685408;4.76364266203245;1.49595048004786;2.09991387090134;0.828650220708796
2016;3;4;13;4.50882885271936;5.9457081459961;76.9262529797852;4.31697799549103;1.00983716651996;2.16354518462399;0.937127865437287
2016;3;4;14;5.00276592276013;6.18677315325928;77.3626696114357;4.63335999749502;1.2858141674002;2.21566518228603;0.772205552527425
2016;3;4;15;5.23259392101101;6.89283646716308;77.657665950117;4.94304400901795;1.64255368295113;2.18029143665297;1.08280463130316
2016;3;4;16;4.9783661313217;6.33789759124756;77.6275604438705;5.43554400901794;1.89453269204696;2.20386441427472;0.886681867430731
2016;3;4;17;4.34188977443064;5.41677248175049;77.2095857376125;6.74323000500997;3.52855035915375;2.13072324360929;0.701034903780261
2016;3;4;18;5.30067347357111;6.03320128466797;74.9790276116674;9.84374734986623;6.81627633392017;2.06817330098854;0.477752186421435
2016;3;4;19;6.41960387777387;7.27493055474853;71.3040351820088;11.918814004008;9.25853435211181;2.34090580477378;0.557841195704707
2016;3;4;20;9.49627461982152;10.5611232846069;63.1370692938459;16.7810366741816;15.0066706537565;2.3400740809232;0.694490734826049
2016;3;4;21;12.6596341573727;13.5404779854736;58.559281297667;18.901807222112;17.6601418169022;2.35720224857591;0.574483396256238
2016;3;4;22;12.4895991261978;13.6475501021728;60.15300037105;18.4672253203074;17.1040342787584;2.33288258021529;0.755211750544419
2016;3;4;23;12.2494410817375;13.3798701896973;57.0532230626629;19.9121546847026;18.9864928943634;2.3219154743984;0.737262080348227
2016;3;5;0;10.6502540613461;11.6633529780884;59.0585670137502;18.0938446371078;16.878976169014;2.39247692857099;0.660739722373257
2016;3;5;1;6.27152278282656;7.2135935219574;68.0924840710241;11.3521107132594;9.10500867781639;2.14957958496084;0.614415382686274
2016;3;5;2;4.87298425369808;5.8774879927063;70.2618921676254;9.68023730227153;7.3074661866188;2.31666120284726;0.655133976225551
2016;3;5;3;4.35232707734235;5.34243398535156;70.4746149251785;9.36451198196411;6.85734977641105;2.17808583074177;0.645744411238224
2016;3;5;4;3.81684578267942;4.50910786859131;72.1742926526111;7.93521132882436;5.30501763409774;2.24128052692138;0.451491015236466
2016;3;5;5;2.98018095689568;3.74522560583496;75.5076958415028;6.45442800175349;3.67546116607984;2.03268358827531;0.498959559219291
2016;3;5;6;2.70389560151169;3.33712831387329;77.1374759639723;5.67470202204386;2.85629867341518;2.05211452339594;0.412992255394832
2016;3;5;7;2.8756955368576;3.49314751095581;74.8849509294174;6.3006366616567;3.48855368661881;2.09642330609176;0.402700110722003
2016;3;5;8;3.2707362305932;4.02422465692139;75.4548311828629;6.32191265389125;3.64515598063469;2.28723635605458;0.491422629514252
2016;3;5;9;3.85671513761931;5.06343491967773;69.4732393173767;8.46553533032735;6.039879474473;2.18965168483458;0.78701860262911
2016;3;5;10;4.37337064618906;5.51986759118652;68.8312709663684;9.6869353052775;7.32100350704193;2.32012148984245;0.747741469880667
2016;3;5;11;3.57313043915966;5.00714560583496;74.8822090476688;8.46947533283234;5.61837616167863;2.30777001985551;0.935259891654867
2016;3;5;12;2.74488216282122;3.37353279562378;83.17916063915;6.69345466591517;3.35656469512781;2.08900404612112;0.410003838443926
2016;3;5;13;2.75273426850801;3.93887291973877;86.11758666923;6.54951336339315;3.29564665052891;1.93980225182505;0.773595657994117
2016;3;5;14;2.73556261182173;3.57176892703247;90.4591780811034;6.16129200576146;2.76692147828738;2.01037938706895;0.545370959763492
2016;3;5;15;2.44875290171894;3.38240450363159;90.5369286714075;6.28881668545405;3.01690065228939;2.19430966129356;0.608924449573783
2016;3;5;16;2.45373752677321;3.30990144525146;92.0769157640747;6.04309199323654;2.9162936822176;2.24185618762038;0.558387241810872
2016;3;5;17;2.60238920311088;3.21231297079468;92.6095682843763;5.84018197069168;2.81476366167863;2.10416279501271;0.397790239697536
2016;3;5;18;2.59326561963008;3.12910269345093;93.9505740657832;6.5218020157814;3.27241781367461;2.02867350511477;0.349471145949056
2016;3;5;19;2.79415979929303;3.41942076644897;96.3159041924874;7.07904934686025;3.48501551965873;1.97529980822054;0.407793109855369
2016;3;5;20;2.36966441997694;3.16887232116699;96.286479020844;7.1839846771876;3.45040301965872;1.99796062096733;0.521240717983259
2016;3;5;21;2.38963788863355;3.03671487591553;95.6151357920454;7.21681802930832;3.54931782100995;2.36533345644765;0.422021445157232
2016;3;5;22;2.47668989193398;3.25605956930542;97.2080368111076;7.30415464086533;3.90344214671453;2.32624874830005;0.508302294812856
2016;3;5;23;2.48158882224287;2.85958718249512;96.8319262238352;8.53199001502991;4.57123265903791;2.18623428023888;0.246529265290036
2016;3;6;0;2.20217368906369;2.78310715332031;97.875278063819;8.80227399524053;4.4135534850359;2.17433644131161;0.37888286084101
2016;3;6;1;2.18019178895905;2.79809726278687;97.0250453230822;8.05209804058075;4.10204100704193;2.31407039012429;0.40299588172766
2016;3;6;2;2.28036796428511;2.77484737954712;93.3376110913051;7.62460796292623;4.00158782247702;2.16114001826396;0.322497819472662
2016;3;6;3;2.23675941335874;2.86845888320923;92.7390875024642;6.00408602730433;2.79061181470156;2.01096861220626;0.411992279761277
2016;3;6;4;2.09637962791949;2.72386759372517;91.0726492660848;6.3382447727656;3.02161473099256;2.11094495769128;0.409245550920338
2016;3;6;5;1.93903798306733;2.55152573724365;85.8937131618995;4.62942001690865;1.45656916593313;2.20426006077553;0.39946246310558
2016;3;6;6;1.87830728155493;2.47779908026123;84.4417724571378;4.379755347236;1.1022910107096;2.19881461942471;0.39098654444914
2016;3;6;7;1.64138898704684;2.41386177371216;84.5926760976051;4.0952873304526;0.880463328198592;2.04171439046374;0.50380416578015
2016;3;6;8;1.52526073200167;2.40162495620728;84.6168013489379;4.32315065940221;1.0059913368543;2.06346170808454;0.57156181359016
2016;3;6;9;1.95147534932381;2.86325826275635;78.1154024569232;5.75008734923999;2.43494915713072;2.0469487288154;0.594661764147684
2016;3;6;10;1.51184631293132;2.39458881750488;78.8744562673946;5.66734732481639;1.87499585900704;1.95437185669998;0.575721706696251
2016;3;6;11;1.31891427768365;2.38510529925537;81.4089154021723;5.84950663159688;1.7833111844182;2.11626138336473;0.695366215428839
2016;3;6;12;1.8442790796986;2.67542335766601;82.3101206554277;5.62335067505837;1.79946365801096;1.95683606708309;0.542069516017453
2016;3;6;13;1.89464102494846;2.70785091238403;83.8809444224679;4.10040931930542;0.75462766417265;1.69090888062845;0.530372766544015
2016;3;6;14;1.85095151620243;2.85469246716309;81.3971633063369;4.76929000563622;1.11136717238824;1.94546943625677;0.654636488414196
2016;3;6;15;1.73438131230589;2.63106498538208;80.9154666105418;3.75460868495305;0.528031158377728;1.97274987336851;0.584814090128665
2016;3;6;16;1.59582261303527;2.34135870803833;83.4605206903369;3.25738065814972;-0.038998490170638;2.03876023777999;0.486236145642688
2016;3;6;17;1.71611425954198;2.38204612405395;87.5735233055516;3.62590200325648;0.226056336120764;2.14580687590757;0.434318532974079
2016;3;6;18;1.86467807932596;2.62800578100586;87.3312935167621;4.46013134573301;1.15705565082232;1.89921829766368;0.497839771963826
2016;3;6;19;2.53304571813965;3.23311556201172;85.5470213076052;4.2243879992485;1.12490449647903;2.01825564786032;0.456583208843343
2016;3;6;20;2.14757234244112;2.93300803646851;86.1630877687595;4.28073001127243;1.28473733509382;2.07136186700868;0.512258530571207
2016;3;6;21;2.4506484767675;3.13644480291748;84.0591417034835;5.51854666541418;2.52801835240523;2.42142367279198;0.447274068362462
2016;3;6;22;3.29039960958071;3.8642285328064;78.7566670039228;7.45124804058075;4.60646044777234;2.5483213699652;0.37424930296152
2016;3;6;23;7.8356685598301;8.97645757666015;63.988746642177;14.4615585659663;12.5241084066868;3.07225275145457;0.744018778235917
2016;3;7;0;7.16636129964719;7.91430335766602;60.638319179083;15.210027392451;13.5083340222994;3.18534329399664;0.487805306668141
2016;3;7;1;5.74057696413881;6.55938370800782;65.4305799870323;11.436032617569;9.35560317722956;3.19374374066307;0.534023017575655
2016;3;7;2;3.44446258835522;4.37236168606567;69.7094331461439;6.64170931930542;4.10173332233032;2.05709779676258;0.605172685588357
2016;3;7;3;4.2615271648742;5.00378051821899;69.300018698515;4.84073532719612;2.14943449501197;3.06945462513979;0.48409515252142
2016;3;7;4;4.91254797307693;5.57799229199219;61.6277690360869;4.54904400901794;1.81592383832137;3.06632585805874;0.434000557367849
2016;3;7;5;5.11628066372966;5.66915646716309;64.1072093362434;3.40854534034729;0.498495171874761;3.85784438019284;0.360583748368976
2016;3;7;6;4.15715333031269;4.84439614599609;67.1169195402184;2.24506333442926;-0.802473338101308;2.90742003962156;0.448217463994352
2016;3;7;7;3.08213097730541;3.57727556930542;70.4989971102813;1.94155200090806;-1.15628999926647;1.86656543869633;0.322931645514652
2016;3;7;8;2.86203473747265;3.58186431387329;71.5216380727156;2.41172533439795;-0.601413177046179;1.96580582182772;0.469470440257112
2016;3;7;9;2.32704964947413;3.04375104379272;73.4708925567275;2.75503066284657;-0.212214839861791;1.81183273586765;0.467430250374103
2016;3;7;10;3.34547812857183;4.22704964230347;72.6150079321602;2.86364333709081;-0.0816103268782296;1.90830941632182;0.574957990388778
2016;3;7;11;3.35161869288535;4.15577024816894;73.3709708069467;3.01861667136351;0.0902215076287588;2.10718953409939;0.524464952635275
2016;3;7;12;3.2560542961348;4.20379976635742;73.6519897066174;3.58925999749502;0.734936994278431;1.84850069154524;0.618116423309419
2016;3;7;13;3.66994947118298;4.78933059851074;74.3227653428457;4.17855265952746;1.41795701041619;2.31401016528685;0.730056624360731
2016;3;7;14;3.64438882610609;4.75262015328979;76.4101023328714;5.13544734986623;2.48525266784032;2.67621376666687;0.722784762028283
2016;3;7;15;4.57968993590968;5.43512767883301;75.2604336126817;6.66653131128947;4.17864999266465;3.06610320244546;0.557913632544659
2016;3;7;16;3.70500432785031;4.45190081750488;76.2465833505182;7.56261867618561;5.31501681690216;2.04855735545;0.487123390480782
2016;3;7;17;5.26324329934779;5.99098432116699;72.053632839019;9.21768129876455;7.21962730868657;2.07816223969748;0.474630258477272
2016;3;7;18;5.63381260477838;6.43670973724365;67.5360108447245;11.6515506280899;9.91940232335726;1.95460781397725;0.523646822272066
2016;3;7;19;5.30052542843267;5.79733697808838;64.1173226235066;13.3525800551097;11.8609327505906;1.97590948489882;0.324018829717921
2016;3;7;20;5.94682890667556;6.75425471533203;65.75757308049;13.2046986310959;11.7737093374411;2.2689490878936;0.526600409725224
2016;3;7;21;4.32678885806417;5.04202048175049;72.6808065213515;8.37872401402791;6.30001167546908;2.01390174242857;0.46647167088747
2016;3;7;22;4.0104740392869;4.73089986859131;71.1218956308746;8.52253403031031;6.45230662558874;2.01167475283421;0.469859314405126
2016;3;7;23;4.43661536554895;5.12217151824951;67.186022124497;10.7896100350698;9.00594003227552;2.14325218473055;0.447117428042676
2016;3;8;0;5.03885541897572;5.74655423358154;65.7722819703962;10.9780732982636;9.37806280047099;2.01045222345103;0.461558798019592
2016;3;8;1;4.51633968361587;5.1885561751709;64.2272428165828;11.669411994489;10.18338032101;2.02945077062882;0.438417345695145
2016;3;8;2;4.77714032094088;5.37004321166992;61.5943326624451;12.5413339739482;10.6887228708903;2.19609744729047;0.386689280721293
2016;3;8;3;6.27986434437081;6.89467193435669;61.5849458439629;11.6575919744492;10.046161030515;3.03831479271092;0.400975452255434
2016;3;8;4;5.90543626625953;6.48076220440674;60.0927411319785;11.0870800175349;8.95532888086637;2.9844211043305;0.37522565108241
2016;3;8;5;5.89964650910424;6.34982848175049;58.7348155763312;11.2618846897125;9.44405735856692;2.97575888784897;0.293607175674621
2016;3;8;6;5.7135254467807;6.18616131384277;60.1457271856113;10.3981053253174;8.7256556801637;2.74235516692112;0.308251530453143
2016;3;8;7;4.62201220815898;5.52751553283691;58.5071988217811;10.8965153102875;9.29222391901016;2.18637743085262;0.590566237381478
2016;3;8;8;4.20899081990277;5.16836543066406;52.4086204687209;19.145693393453;15.112969602108;1.97787020417381;0.625700909842746
2016;3;8;9;4.22598862962003;5.34090423364258;54.8068270798704;13.5696740140279;11.946156534036;2.03563849822414;0.727144225008432
2016;3;8;10;4.9452745364224;6.87937602917481;58.5387602514316;13.7149286235809;12.4738048262914;2.06894793758142;1.26141451959323
2016;3;8;11;5.55484698165834;6.95279680291748;61.9103946758288;9.5746452902476;7.60913334066869;1.9882633073115;0.911738194095266
2016;3;8;12;4.49974213744531;5.6868997956543;67.1415594879615;7.92838195816676;5.6651415531079;1.78204038185821;0.774260250934416
2016;3;8;13;3.51346455446023;4.79453116790771;73.9866113702919;7.74215132506689;5.32840038849513;1.67088372145753;0.835507357201365
2016;3;8;14;4.24760170200823;5.19712189782715;74.5985947799768;8.81173004258474;6.40400302699407;1.76003566315535;0.619273893402818
2016;3;8;15;4.06702652629548;4.8162514744873;74.7020366298463;8.83471337591807;6.42430900762876;1.77949743677048;0.48864200334477
2016;3;8;16;5.01721683098784;6.21247039416503;79.4056624321276;9.20415403156281;6.73920587441127;2.6957973463895;0.779540373055419
2016;3;8;17;4.48338874176237;5.3332563649292;79.4596168071844;10.1831126351039;7.96387305046717;2.26707959830571;0.554280819084224
2016;3;8;18;5.498030363249;6.32413122625733;75.6521838576829;13.1061987312953;11.1436080181917;2.05298730740966;0.53878021766286
2016;3;8;19;4.61637893211349;5.18182597076416;76.8632638306192;12.3078233233134;10.3419824647903;1.87627305981765;0.368782665898213
2016;3;8;20;4.66262228054932;5.04905665692139;79.6663114499843;10.9998746671677;9.10054754107793;1.83942099111498;0.25203120676567
2016;3;8;21;5.02988093257011;5.71167934307861;76.7967245072553;12.2015746796926;10.4065924911976;1.83580550707327;0.444666641163235
2016;3;8;22;4.12666666361546;4.700919605896;73.7484259277486;10.6958380556107;8.74673080105782;1.99099311946808;0.374525846769781
2016;3;8;23;4.50236722579583;5.03345475909424;70.5643142364514;13.1438913213094;11.6686411866188;2.07970990906448;0.346373511518368
2016;3;9;0;4.75943494548028;5.50793665692139;66.1141892163951;14.8401926401138;13.6586291666667;2.18135865648776;0.488170310756828
2016;3;9;1;5.97371441450055;6.67165633575439;60.9877294689752;16.0189093193054;15.0918943931898;2.58078885194355;0.455195384834486
2016;3;9;2;6.26247286223819;6.92587583941651;60.0485301293607;15.5954906305949;14.5874747617404;2.37081810838167;0.43266920111996
2016;3;9;3;5.83891406206778;6.71540287591552;61.9259720169608;14.8416373273214;13.7950793462435;2.68255078701053;0.57164307053773
2016;3;9;4;5.6014300366557;6.36175938684082;60.2413115084925;14.9832146947225;13.891994334507;2.66002319478781;0.495884257155253
2016;3;9;5;5.46787526432618;6.07817148907471;58.4499567024942;15.3181146947225;14.2771930152575;2.6014815254554;0.398033154948439
2016;3;9;6;5.30870672566597;6.03075391241455;60.4916972717762;14.563079389445;13.4855667253494;2.76456641489727;0.470916758303073
2016;3;9;7;5.35783049051587;6.19809213140869;58.7642203286443;15.1312273173014;14.1141297053973;2.79837160006225;0.548015829599033
2016;3;9;8;5.59721845882798;6.32841407299805;57.5036265899263;16.1109138748686;15.2236747350208;2.75321915084075;0.476883332045019
2016;3;9;9;5.83829035040555;6.94606656933594;56.2368350150674;16.9979993092855;16.208878059864;3.08024421254705;0.72248794194885
2016;3;9;10;5.88886245258855;7.64019903649902;57.1127339764886;17.0549979529063;16.316869066906;3.18055349580698;1.1422158578119
2016;3;9;11;6.954913968218;8.91466176641845;-999;17.2233673072815;16.4413203239441;3.10816202950105;1.27814095416107
2016;3;9;12;5.42121992936691;6.66186690509034;-999;14.8977946175397;13.8119541352321;3.16183725054165;0.809145804773599
2016;3;9;13;5.59801736489244;6.75731391241455;-999;14.5074075955358;13.3034598269791;3.30925982234997;0.756089327803387
2016;3;9;14;5.52650222419686;6.35411144519043;-999;15.7364136000811;14.6792610384408;3.17960206712239;0.539763963691938
2016;3;9;15;6.34959132268032;7.53679802923584;-999;17.7846792435727;16.9349792719049;3.526542225055;0.774292240101849
2016;3;9;16;8.70617856461083;10.0303520291748;-999;19.6850794144948;19.0358733509382;4.42585365411601;0.863621501208825
2016;3;9;17;8.44510177882109;9.32337087591553;-999;21.3985853052775;20.8632594436645;3.77062878162581;0.572804165312112
2016;3;9;18;8.52875322806663;9.39342658392334;-999;22.8186927528381;22.082696372064;3.07519133948674;0.563937068385627
2016;3;9;19;8.59399455384866;9.21507518249512;-999;22.6839447247823;22.150536899058;3.30346378229803;0.405066707072246
2016;3;9;20;9.05859243805707;9.98844096350098;-999;22.8024072471619;22.3539045551618;4.06521552207112;0.606444095830829
2016;3;9;21;8.37706059414064;9.16153924084473;-999;24.4364911753337;24.1138307141086;4.46210516176963;0.51163434751046
2016;3;9;22;10.6914019132703;11.5706591970825;-999;27.9632749643159;28.0168252557453;3.42665980854807;0.573448657381722
2016;3;9;23;19.5933314344073;20.6797330803223;-999;34.5857323697408;35.0070423767567;3.05816955533263;0.708547516974854
2016;3;10;0;22.985877956857;24.2917305985107;-999;37.3980499701606;37.7906181032817;3.87403497364003;0.851672721831728
2016;3;10;1;20.8010466847647;22.205662072998;-999;35.9319475594315;36.0340946893131;4.05523440716683;0.916085454564319
2016;3;10;2;17.7522879283481;19.0133867738037;-999;-999;-999;3.72461085405674;0.822484445754761
2016;3;10;3;17.1489875530297;18.2761196204834;-999;33.1198953165907;33.0551961162648;3.5394871021995;0.735111761566275
2016;3;10;4;13.5024036933626;14.3456594453125;-999;27.8842193543752;27.633464537557;3.00603027278511;0.549968578808339
2016;3;10;5;9.57363197856551;10.5470508613281;-999;22.442422607549;21.7811831795692;2.59589896814313;0.634860537031893
2016;3;10;6;9.78210283734958;10.394702715332;-999;22.1006931930542;21.3204521584511;3.89742446552364;0.399535589876626
2016;3;10;7;10.4575977545203;11.2325917060257;-999;21.4777281366122;20.700506253291;4.89682173116993;0.505448461049824
2016;3;10;8;9.17886614144658;10.4473209489136;-999;20.0019866867065;18.9240366866112;4.58421390068023;0.827281979556142
2016;3;10;9;7.61220862861471;9.09699001464844;-999;17.0911147448222;15.9415157100995;3.30455550636551;0.968369449991663
2016;3;10;10;6.7566294196054;8.28844350366212;-999;14.9829520470937;13.4371091872056;3.75977278887125;0.999044018210632
2016;3;10;11;5.6039570131857;6.98920132843018;-999;13.5600866992315;11.938311030515;4.4695914508881;0.903451705601394
2016;3;10;12;6.09633130194419;7.51752516784668;-999;14.228441999499;12.4622673116207;4.0529576097578;0.926897882207327
2016;3;10;13;5.15158041897089;6.39112770800782;-999;12.3509006907145;10.4096691549301;3.95374389110607;0.808428592797622
2016;3;10;14;5.30162113870987;6.01851713867187;-999;14.6538307082494;12.9339203532855;3.23256641140641;0.467557171523334
2016;3;10;15;5.17022093884681;6.07480639416504;-999;13.0834780205409;11.1842199647903;3.06724813089491;0.589967606057441
2016;3;10;16;4.98007135249235;5.71657408758545;-999;11.0241713764191;8.69442747359276;2.96846557032787;0.480344618546597
2016;3;10;17;4.39102063321061;5.00745153283691;-999;9.85228401152293;7.44576234976451;2.77217146536409;0.402034169369245
2016;3;10;18;4.509507177388;5.37455550366211;-999;10.81128000501;8.23492730868658;2.68539189093993;0.564181622836719
2016;3;10;19;7.07263155414991;7.71759683209228;-999;11.8200512812297;9.63004184624354;2.66238225207353;0.420644195394424
2016;3;10;20;5.53053910202651;6.01851708032227;-999;10.4864927152634;8.33461130164464;3.13247862398954;0.318257604045403
2016;3;10;21;4.77590448576966;5.41524283215332;-999;8.788221307532;6.41815567282836;2.70647741315788;0.416974329466747
2016;3;10;22;4.18558060012454;4.76302145983887;-999;12.670172004509;10.838402682511;2.51893607489117;0.376604995849249
2016;3;10;23;5.53038154036028;6.3287200291748;-999;17.0472493092855;15.8769058450699;2.73163145810686;0.520673690142107
2016;3;11;0;6.61702970450857;6.99868475915528;-999;20.995654609553;20.4700613931974;2.64344778112444;0.248914149134124
2016;3;11;1;6.30173932174452;6.82920518243408;-999;19.062428008016;18.4086948145549;2.64585692806108;0.344011468765626
2016;3;11;2;5.61193666038781;6.19136192700195;-999;16.4411459559123;15.3271054565748;2.55674616278607;0.377899219386941
2016;3;11;3;5.37281260826843;5.99373759124756;-999;14.9895186260859;13.824769110918;2.77372569755379;0.404965195489002
2016;3;11;4;4.63709118946612;5.19758071174622;-999;13.5912127353032;12.1341408274651;2.77211190470559;0.365549390315525
2016;3;11;5;4.60246984227594;5.08484925549316;-999;12.8535134009679;11.3471294671377;2.77011789974832;0.31460623864115
2016;3;11;6;4.04047023632759;4.64187710949707;-999;12.2169406681697;10.5810394935449;2.36205012171497;0.392235549603734
2016;3;11;7;4.60433452959797;5.25769408758545;-999;11.253873385938;9.53251149589221;2.8484391872618;0.426118916741836
2016;3;11;8;3.52862327609951;4.15301697079468;-999;9.81314664662679;7.90187817722957;2.20782582394358;0.407227477659451
2016;3;11;9;3.87307168704965;4.56264388317871;-999;8.6905093067805;6.65029015316963;1.91667518118766;0.449736678123922
2016;3;11;10;5.74135597095259;6.59701185400391;-999;8.33761669171651;6.20294282100995;2.88757157652342;0.558055902805957
2016;3;11;11;5.27830720530848;6.34156861315918;-999;8.06969666541417;5.87250885005792;2.7462083781365;0.693455531166228
2016;3;11;12;5.02678885406608;6.21858880291748;-999;8.59555535036723;6.44846077758471;2.61685727252515;0.77728793735235
2016;3;11;13;5.60479874310689;7.28074308026123;-999;9.17381600100199;6.99118489084244;1.39686492999451;1.09304528683654
2016;3;11;14;6.70758703375418;8.23827259857178;-999;9.38040334084828;7.11763583626747;2.77285449861911;0.998308001740351
2016;3;11;15;5.27685206992871;6.53123909484863;-999;10.910961994489;8.96117444659869;1.54819148306248;0.81810701886775
2016;3;11;16;5.0023542709631;5.78051135766602;-999;11.0992939714432;9.23822838614782;1.95698557038857;0.507511447237728
2016;3;11;17;5.38773922285347;6.07603005841064;-999;13.0606260110219;11.3602052623272;1.94411853093446;0.448900979048009
2016;3;11;18;5.9650822049864;6.81727427734376;-999;15.3409666290919;14.0753636543433;1.92986388932316;0.555796817065705
2016;3;11;19;6.48159569601718;7.26422332849121;-999;17.1172499749502;15.9678212546984;2.02843260546912;0.510427122225484
2016;3;11;20;7.58156726027221;8.45088700732422;-999;18.8572853553772;17.950117597421;2.7383023424752;0.566967429170427
2016;3;11;21;6.48800809004855;8.14343745983886;-999;18.660416766866;17.6978310246468;2.61447750597982;1.07966549379107
2016;3;11;22;6.70405877132822;7.61541951824951;-999;17.0389752952576;15.9330550938924;1.95190998819367;0.594386428562163
2016;3;11;23;6.33433980424639;6.88549433581543;-999;15.8789080380758;14.6222411572774;1.88863771539585;0.359461140620604
2016;3;12;0;5.99508974582975;6.60863671539307;-999;12.6345806581497;11.0346940193653;2.16294651852861;0.400153279835489
2016;3;12;1;5.36164445317853;6.07725381018066;-999;12.0489653102875;10.3101389841557;2.11771078809323;0.466718027291666
2016;3;12;2;6.16702821892777;6.85276100726318;-999;11.8229406431198;10.0493915164312;2.94561750541692;0.447232629212477
2016;3;12;3;6.90291991848604;7.33489089050293;-999;11.3343806706746;9.57327730868657;3.17279193500245;0.28173002202148
2016;3;12;4;5.8927635351275;6.68450496350098;-999;11.2207369571833;9.40957503724098;2.7349232872126;0.516371109404673
2016;3;12;5;5.6971689654563;6.46057153283691;-999;12.1784600167641;10.5223224790096;2.76739518860584;0.497888599123233
2016;3;12;6;5.5470921592526;6.08784690831071;-999;13.8655679428864;12.3346471943665;2.59485144774386;0.352678437277966
2016;3;12;7;5.42151608003666;5.97018178100586;-999;14.7291489201809;13.4282883240923;2.24771484274189;0.357837933634197
2016;3;12;8;5.65209360821758;6.52206141607666;-999;16.178062948024;14.9700909259877;2.21958681546454;0.567390092259555
2016;3;12;9;6.85450833873618;8.06359230657959;-999;17.3336023611929;16.1573803396786;3.2331148010668;0.788560516684485
2016;3;12;10;6.78144400245865;7.99047738690185;-999;19.4553585692814;18.4778978672028;2.56389797129915;0.788527526360181
2016;3;12;11;6.75497085101131;7.82711618975831;-999;17.7218967458552;16.7859910051172;2.35074871383802;0.69924960115978
2016;3;12;12;8.00231239690123;9.00368445257568;-999;17.7835854664507;16.7589808365723;3.04331974792799;0.653091502837887
2016;3;12;13;8.8023538693744;9.80213569342041;-999;19.2211025279652;18.1973418565924;3.19422678842549;0.652054359092769
2016;3;12;14;10.0590598695201;12.2277753284912;-999;19.6056413770403;18.9309920648847;4.10797674202361;1.41442896304237
2016;3;12;15;8.75067192463151;10.8658195328369;-999;19.649107554074;18.9902538744499;3.52104911853698;1.37949219007956
2016;3;12;16;7.86844632119035;9.2533151533203;-999;20.0970449156926;19.2615839740161;2.48581528620112;0.903206816770952
2016;3;12;17;7.85450593220921;9.22455874450683;-999;21.0761618817647;20.3760693931897;2.51135419175823;0.893543858229673
2016;3;12;18;8.60203940888039;9.51640637957764;-999;21.1506280831655;20.3851454741796;2.65254924585988;0.596347077646163
2016;3;12;19;8.45873457565405;9.4108640437622;-999;20.0621373273214;19.2161661244075;2.21081061614555;0.620975652055892
2016;3;12;20;7.81990483081163;8.42213058392334;-999;15.8517220170339;14.6283943967183;2.06839473644264;0.39276962036104
2016;3;12;21;8.50321394637358;9.32581821899413;-999;14.9804566942215;13.567405965964;3.13263910907592;0.536499753116019
2016;3;12;22;7.59997031626804;8.52950849633788;-999;14.7747885584513;13.2418946643194;2.71261647677734;0.606241689616679
2016;3;12;23;7.04209625436366;7.57748538690185;-999;14.8225940090179;13.4141880534013;2.19449427188406;0.349179000143889
2016;3;13;0;7.80745060083488;8.49004477374268;-999;14.5100205855052;13.1322115839164;2.58696042431349;0.44518563473641
2016;3;13;1;9.35946466270616;10.0346348759155;-999;14.8623880681356;13.5329474201838;2.85357843917496;0.440343753071173
2016;3;13;2;10.1457762795596;11.1934598685913;-999;15.6741593443553;14.4268728415489;3.04987564711201;0.683295729875813
2016;3;13;3;11.9292679611073;12.5428729926758;-999;16.8897806706746;15.8370629213651;3.2387818400731;0.400191147680882
2016;3;13;4;11.9490628093628;12.5905964088135;-999;16.8339640290578;15.6976899589221;3.22686212902258;0.418406066168945
2016;3;13;5;12.6080322864859;13.4499256934814;-999;14.9183359834671;13.5024884125551;3.78182320884;0.549080061989258
2016;3;13;6;12.0046471533525;12.8799968466797;-999;12.2935079253515;10.6378040017605;3.60146179007251;0.570900139947193
2016;3;13;7;11.0849206492727;11.9989472554321;-999;12.0153439589183;10.1581516930739;3.08233438346643;0.596125093033904
2016;3;13;8;9.49411682449866;11.0799635620117;-999;10.4998886711756;8.6418164724191;2.68119423220058;1.03428393393242
2016;3;13;9;9.33594850161128;10.9364870219116;-999;12.7058946872075;11.0596150176048;2.67249755141607;1.04386586548877
2016;3;13;10;8.57227870447183;10.4057158831787;-999;12.9327072596868;11.462350644954;2.68694318779619;1.19576159092442
2016;3;13;11;9.11913277404779;11.9276678248291;-999;13.1705520220439;11.780785686032;3.79505260178122;1.83171715916543
2016;3;13;12;7.86501397317647;10.7920927591553;-999;14.2292300551097;12.9276131302834;3.2874393231255;1.90903098646212
2016;3;13;13;7.8567362034258;9.86852029199219;-999;15.111001996994;13.965219034036;3.08297111406329;1.31207884855768
2016;3;13;14;7.63552157174623;9.60298173724365;-999;14.7483907307943;13.5166409483592;3.53020260466905;1.2831709342967
2016;3;13;15;7.93868002115251;9.1107564963379;-999;14.1946893243154;12.9159219107946;3.09243825839824;0.764424353847373
2016;3;13;16;8.75233619518406;10.3653344087524;-999;15.1840232982635;14.0704410070419;2.40238171958364;1.0519920357321
2016;3;13;17;9.78468837201855;11.1668447153931;-999;17.5046833082835;16.7505252711296;2.29554410226611;0.901437740684112
2016;3;13;18;9.97813053386475;10.8697963942261;-999;17.6672739388784;16.9628154061;2.37849305263375;0.581541489472054
2016;3;13;19;7.51843824083367;8.44323906567382;-999;16.6715047348022;15.7021511983554;2.95445071785227;0.603152002393131
2016;3;13;20;7.24443333311475;8.08867781018067;-999;15.56291999499;14.3694930445989;2.46338583854142;0.550613422019453
2016;3;13;21;7.4369214781182;8.13793090509033;-999;15.0970806456248;13.6683206684272;2.39033002087861;0.457196001796157
2016;3;13;22;6.66950553959731;7.34926910949706;-999;13.8432413338343;12.3292014841557;2.46495713122944;0.443339524929385
2016;3;13;23;6.72353147212286;7.51201855474853;-999;14.6624986811956;13.522640482982;2.35764173358719;0.514248636001158
2016;3;14;0;6.69440486178653;7.43798592700196;-999;15.7800139288584;14.8331467018763;2.12254099633503;0.484961081759223
2016;3;14;1;7.79664271133714;8.62006080291748;-999;17.5757346646627;16.8371336009344;3.68334347188294;0.53703052311751
2016;3;14;2;7.58219468786494;8.13089468615723;-999;18.389082002004;17.7555186420123;3.98440411715496;0.357860302233517
2016;3;14;3;6.73392397972216;7.35385794158936;-999;18.8559720170339;18.293935161972;3.70672839497451;0.404318854837028
2016;3;14;4;6.37630828980221;7.00403843063354;-999;18.36031999499;17.7033690046946;3.26130019441595;0.409403496661442
2016;3;14;5;4.78808140012653;5.63734076644897;-999;17.8603341242472;17.130493733565;2.31280521132695;0.553884116006321
2016;3;14;6;5.61381321364839;6.51533118249512;-999;17.6675366366069;16.9300488603274;3.16348618018048;0.587967001648472
2016;3;14;7;5.70316966338887;6.39051591235352;-999;17.7735227077484;17.0529617194812;3.17377720269625;0.448284922834162
2016;3;14;8;5.02612559106584;6.02861248175049;-999;17.4914186386108;16.7003756889661;3.08544177996755;0.653818594499873
2016;3;14;9;4.35637672133924;5.46633151824951;-999;17.5439520470937;16.8052900176048;2.64424281293356;0.723908803215014
2016;3;14;10;4.02045966090911;4.99919169342041;-999;16.5463440090179;15.6547704448382;2.56144419693507;0.638325755513383
2016;3;14;11;3.27484579610794;4.51094335766601;-999;15.9422106506348;14.8002265246391;2.36009430429456;0.806178692083118
2016;3;14;12;3.43867533596634;5.02305344525146;-999;16.0995479529063;14.8829887276967;2.81772932736143;1.03332609951807
2016;3;14;13;3.6393737367069;4.93433664233398;-999;15.2506093318303;13.9342986332099;2.78124106202532;0.844570472446116
2016;3;14;14;3.3074240949914;4.39622337225342;-999;14.109716616567;12.5670278327465;2.62897180887178;0.710111244113877
2016;3;14;15;3.0167478404514;3.9036921897583;-999;12.445985995992;10.6616481566906;2.42343439599094;0.578462135766582
2016;3;14;16;2.97800859031487;3.84893250363159;-999;12.1254013689041;10.2859872141997;2.12757492819257;0.568013661038677
2016;3;14;17;3.23644181453227;4.13680324813843;-999;12.7007726451238;10.9628538075129;2.19064681464952;0.587212713235818
2016;3;14;18;4.16506530760402;4.8838598175354;-999;14.9245085910161;13.4923353268782;2.48947628707747;0.468795373370521
2016;3;14;19;5.34900917187533;6.07113534307862;-999;16.7566086536408;15.6212348028183;2.62527926230059;0.47096827170005
2016;3;14;20;5.86146181136612;6.351664;-999;18.4477880180359;17.3138630093892;2.86854914553652;0.319708226582869
2016;3;14;21;5.97629434667255;6.68358716790773;-999;18.0377653353373;16.5846929859161;3.06782663077027;0.46129401050223
2016;3;14;22;6.40110804269457;7.22720703649902;-999;18.6176019468943;16.4293214307467;3.57005406758555;0.538778998574348
2016;3;14;23;7.41241711286956;8.18779588317872;-999;19.9632434435527;18.2396320140839;3.49698148890291;0.505699438585523
2016;3;15;0;8.31320188736784;9.05997366430665;-999;19.7510086536407;17.8995065633774;4.77145210560509;0.48704205326501
2016;3;15;1;6.23562043165449;6.93444160583496;-999;20.8954472621918;19.3116964049339;3.34248795096949;0.455768830650128
2016;3;15;2;6.47604869466586;7.11309884674073;-999;23.2829559408824;22.4088230211258;3.20547623272764;0.415481976797784
2016;3;15;3;7.57642476476315;8.63535681750488;-999;24.893102612559;23.9483869025866;3.99638629749925;0.690631940255721
2016;3;15;4;8.06522980168801;9.15236162042236;-999;25.8179520470937;25.0132213133812;4.25733270652812;0.709023733243586
2016;3;15;5;8.33744986167879;9.45155143060303;-999;25.6220026376088;24.6681731126785;4.05222876784376;0.726613314042113
2016;3;15;6;12.1997673885784;13.4725638248291;-999;28.9239851800283;27.9029801925023;5.93149743273592;0.830113575316249
2016;3;15;7;7.88716606176632;8.77393856933594;-999;23.2038932682037;21.6999590222995;3.97279771865952;0.578350061160734
2016;3;15;8;8.42576203373738;9.86117820440674;-999;24.71764122111;23.5458051561038;3.7913019557797;0.936173621770233
2016;3;15;9;10.9127343965721;13.4129094306641;-999;31.2401799799601;30.8150455915451;3.50786767280741;1.63060578844808
2016;3;15;10;11.4835669182397;14.8531807445679;-999;32.7398753203074;32.19339226408;3.49176284735672;2.19765085848914
2016;3;15;11;11.0177820810809;14.2927352701416;-999;34.9625608510335;34.3132154976527;2.92704975541943;2.135913507719
2016;3;15;12;10.3660807106714;12.586007532959;-999;31.4409887838999;31.2585470316887;2.86552532284383;1.44782884277856
2016;3;15;13;10.0287356523882;11.8184544379272;-999;21.536353993988;20.5946664870898;2.48055899241907;1.16724860123807
2016;3;15;14;8.67564422764426;10.4005152408447;-999;19.9473520721436;19.1157128298124;2.23551889173206;1.12495510118253
2016;3;15;15;8.10581797041407;9.56015297808837;-999;21.0740606756846;20.4245269166628;2.02429586744153;0.948512423938208
2016;3;15;16;7.92857799136359;9.34478528466797;-999;21.7194326676687;21.4207515575091;2.12632603784372;0.923645656250288
2016;3;15;17;7.59276721671984;8.561936;-999;19.6641973373413;19.244317564551;2.09953097487805;0.632088636375708
2016;3;15;18;6.38325888336275;7.25045694891358;-999;8.38227005135218;6.06772324824333;1.72006390285135;0.565583675597221
2016;3;15;19;6.08818901765612;6.75027779559326;-999;6.74296734485626;4.3866326737086;1.95649244003586;0.431812084773853
2016;3;15;20;6.28411188403387;7.18743743066407;-999;8.22178070198695;6.07449194513162;1.87732081450174;0.589145897828375
2016;3;15;21;6.1750285830069;6.78545849639893;-999;9.36740136890411;7.38961309360663;2.31861862375194;0.398120346234237
2016;3;15;22;7.20051366786044;7.99200703649903;-999;9.76783668670654;7.85142084800402;3.0092790789614;0.516209325675901
2016;3;15;23;6.39099778257545;7.12105278833007;-999;12.2854966466268;10.0107793755849;2.26641792838181;0.476139431054397
2016;3;16;0;6.068404331288;6.94973759124756;-999;11.726541999499;10.0743125146707;1.95596023424607;0.574802602076132
2016;3;16;1;7.6612537250823;8.57998524090576;-999;13.0347532782237;11.5875709688981;2.16786392976071;0.599193619368126
2016;3;16;2;7.891870386348;8.56224185406494;-999;13.9810100475947;12.6976322852135;2.29541411685769;0.437214027323759
2016;3;16;3;8.47367644781933;9.26708159124756;-999;14.4106013313293;13.2558935393174;2.49250125787426;0.517456178794455
2016;3;16;4;7.95897118685824;9.09362499267578;-999;12.6890376494165;11.3103633271199;2.17089662607225;0.740017414149831
2016;3;16;5;9.45776088950977;10.3931731094971;-999;11.9755901911989;10.5320922405866;2.62804185151743;0.610072718788782
2016;3;16;6;8.86999732273316;9.84955328466797;-999;10.8818909674252;9.26709472383237;2.18867873608667;0.638863119525478
2016;3;16;7;8.22890011577789;9.38057786865234;-999;11.407533314546;9.90490344190598;2.11598410257757;0.751120375436422
2016;3;16;8;7.0594278162389;8.30618696343994;-999;11.3768888471391;9.88655032733634;2.03540269151693;0.813132142552143
2016;3;16;9;6.79096464645411;8.30343354748535;-999;11.5292354798494;10.0702957140075;1.89872263432817;0.986427154595167
2016;3;16;10;7.41053989569157;8.91496764965821;-999;12.4182746421178;11.0840745199521;1.91456439400745;0.981182745395605
2016;3;16;11;6.39011599165872;7.87392189782714;-999;13.54536827949;12.4108551086722;1.73197631941671;0.967733245288714
2016;3;16;12;6.96435775700138;8.65615944519043;-999;14.5391766265869;13.5309474823952;1.88458548973354;1.10338739810238
2016;3;16;13;7.9322560180511;9.556176;-999;15.2095220644676;14.3260181379803;1.45810964378243;1.05911517651166
2016;3;16;14;6.88509570995988;8.52889661315917;-999;16.3593253453573;15.6052362100919;0.724692877946119;1.07208144680414
2016;3;16;15;7.00157660983326;8.38847940142822;-999;18.0472213513692;17.5470742230097;1.79301165302325;0.904533358325794
2016;3;16;16;7.89350694289805;9.04039484674073;-999;19.4834826676687;18.975263068072;2.38844333068647;0.747996451930864
2016;3;16;17;9.60992055271363;10.8089183649902;-999;20.1591927277883;19.7639664870898;2.50027581858008;0.781982359785
2016;3;16;18;11.9983039338298;13.1935648758545;-999;20.6830814114888;20.4489863896688;2.34549671230388;0.779545185515082
2016;3;16;19;10.5953192420254;11.7184185839233;-999;21.0425406806946;20.7738822265307;2.8366466341813;0.732481631457518
2016;3;16;20;9.29785496325783;10.2496966715088;-999;20.7747519719442;20.334534440136;3.20540045078163;0.620787976040243
2016;3;16;21;9.01774433119073;9.94836535772704;-999;20.4384072722117;19.9191843227704;3.32097394257073;0.60694791845752
2016;3;16;22;9.25926576942753;10.3668639708252;-999;19.616917382431;19.0686398086866;2.80633902935906;0.722371839509878
2016;3;16;23;9.67402871017536;10.6094586130981;-999;19.7854180230459;19.2252421173732;3.07819479089418;0.610084251540121
2016;3;17;0;9.32133018294531;10.3726765109253;-999;20.176397387441;19.6635132218361;3.54020322614458;0.685684555957657
2016;3;17;1;8.16803898807093;9.1196281897583;-999;20.7056705855052;20.2690013485909;3.66692768640142;0.620623292104686
2016;3;17;2;8.47165833018399;9.49774527008056;-999;22.4170754205068;22.0631595610301;3.45509921944722;0.669210467599907
2016;3;17;3;11.8133015195968;13.1596077809448;-999;26.8784687638601;26.9681352241834;3.69313934468728;0.878056437186701
2016;3;17;4;15.2967286153139;16.9156934306641;-999;30.7689561162313;30.91503743426;4.3073328677688;1.05588343344231
2016;3;17;5;17.9750893545347;19.5479055474853;-999;32.3386518717448;32.3123053356806;5.01441998836021;1.02578545638572
2016;3;17;6;16.7589855716583;18.5265151824951;-999;30.7440026626587;30.7678187042236;4.06665859010944;1.15277689577065
2016;3;17;7;14.9386785881829;17.1280018978271;-999;29.6000893994649;29.7651330328623;4.50718637279318;1.42786933427111
2016;3;17;8;12.6562434705491;16.457119357666;-999;28.8028958807627;28.7929062957764;5.47676727484592;2.47891853098052
2016;3;17;9;9.38705618763811;12.5847839416504;-999;25.4625639288584;25.2207426232338;4.86601782609048;2.08554733747558
2016;3;17;10;7.64108401572545;9.98262845257568;-999;24.2745226325989;23.6596418169022;3.91106631193647;1.52714744390807
2016;3;17;11;6.41644957998769;7.86841537225342;-999;21.5460727077484;20.5243646877925;3.52199869996756;0.946967229579167
2016;3;17;12;5.56953275075568;6.86010296356201;-999;17.2361065814972;15.6895368697166;3.58891589658974;0.841705572891993
2016;3;17;13;5.62019490586835;6.98032963500977;-999;17.3041373523712;15.7546082453092;3.39558536066442;0.887075317593805
2016;3;17;14;5.94100479721714;7.12411205834961;-999;17.2185080631256;15.7443015281677;3.11595958115426;0.771618595518931
2016;3;17;15;5.7710035292459;7.06048062774658;-999;17.1211899899801;15.3935614812215;2.75327911877442;0.840992647400813
2016;3;17;16;6.07095728287167;7.32296;-999;17.4893172822317;15.8364476913134;2.44393258800459;0.816551981307019
2016;3;17;17;6.10134407442108;7.21282878833008;-999;17.8118720170339;16.2487209835688;2.60965296231395;0.72490660996052
2016;3;17;18;7.57690913377212;8.78862277368163;-999;20.5235113413493;18.9671098908424;3.10850041313437;0.790275580003745
2016;3;17;19;7.84331662363773;9.097296;-999;21.8674453653971;20.4848294377963;3.52756631264701;0.81784115184296
2016;3;17;20;8.25885672234859;9.36925884674072;-999;24.0494174325307;22.8735535070419;3.40101482226298;0.724200548701356
2016;3;17;21;8.31301261157455;9.82263232116699;-999;26.5296472621918;25.6437841431936;2.96961947127313;0.984568921475824
2016;3;17;22;8.8168512350836;10.7400864233398;-999;27.9374091940562;27.1970393579801;2.44401159105763;1.2543275521734
2016;3;17;23;8.74660209801877;10.1358944087524;-999;28.2464365865072;27.307184139665;2.73642995780324;0.906091794709665
2016;3;18;0;8.56267769671943;10.0067962189331;-999;28.4947880180359;27.5390106748899;2.92213544633934;0.941849266318229
2016;3;18;1;10.4336158121971;12.1950418978271;-999;31.4849853052775;31.1654777300517;3.66561757324577;1.14879619706102
2016;3;18;2;15.7355441062509;17.6459244671631;-999;36.2709035036723;35.8435493732452;5.6880364190109;1.24594367680831
2016;3;18;3;17.2535359227553;19.1862317371826;-999;35.7355886586507;35.4814258098602;10.5537927795369;1.26049774089483
2016;3;18;4;25.850615567167;28.0340498978271;-999;43.7532260360718;43.3173881596247;10.4139179130243;1.42402856188974
2016;3;18;5;20.7290294145789;23.0255276496582;-999;37.5552119318644;37.480951469485;8.55325917251773;1.49776846189531
2016;3;18;6;15.1767434259649;16.8866310948486;-999;33.5621533032735;33.3451422676086;6.27576817352944;1.11518301417263
2016;3;18;7;16.2646538811394;18.5330923504639;-999;31.0107407307943;30.3526224530538;9.19512627865691;1.47946797659395
2016;3;18;8;15.9087101222307;20.1024620438232;-999;32.0008626225789;31.0845615399043;8.57716497187975;2.7351509655993
2016;3;18;9;14.4665587809142;20.715525605957;-999;34.000412772878;33.3743706244151;5.54670795013172;4.0755552462492
2016;3;18;10;14.3278957724987;20.3943098685303;-999;36.3226487187703;36.0559934037527;4.41718566856867;3.95649496744319
2016;3;18;11;11.5148527991246;15.2621959123535;-999;31.957653993988;31.583134960111;4.51154161583859;2.44400463504001
2016;3;18;12;10.9523757975901;13.6836486131592;-999;27.5678374275208;26.6284713133812;3.97837057271432;1.78132698797834
2016;3;18;13;9.82334612961639;11.951529532898;-999;22.6168332832336;21.4498260481199;3.59045789302329;1.38799409199378
2016;3;18;14;9.27185514435535;11.099848321167;-999;19.9405227578481;18.6997475410779;3.52512567126683;1.19221103111094
2016;3;18;15;8.65391977507871;10.3546271970825;-999;16.9558413964589;15.2634183779399;2.90509251781128;1.10919568788637
2016;3;18;16;8.82992857089535;10.5106464379272;-999;16.4961745544434;14.6011661537488;2.96228996542748;1.09615856704434
2016;3;18;17;8.8927900107194;10.6859386276856;-999;17.192372607549;15.2581882476489;3.0872650346558;1.16948552581422
2016;3;18;18;10.126601436644;11.9353158831787;-999;21.0019585784912;18.9889540493011;3.56737059420182;1.17963750775565
2016;3;18;19;10.5410241871756;12.279169927002;-999;22.7393673573812;20.4463711924871;3.71046892468845;1.13361283345369
2016;3;18;20;10.0357499108289;11.9117599708252;-999;21.0161427528381;18.465766996479;3.58617291987046;1.223527481598
2016;3;18;21;10.3189434944285;12.1179501167603;-999;24.9904206606547;23.0575381302834;3.67821192673303;1.17330609730529
2016;3;18;22;11.1915476498412;13.1235091094971;-999;25.1593153353373;24.0142276091576;3.51816157447226;1.26001879717094
2016;3;18;23;11.6573828119098;13.6708;-999;26.240845390447;25.1122899002393;3.25364205230356;1.3131439506007
2016;3;19;0;14.0177749039532;16.4467181313477;-999;32.7855791890462;31.3400785105705;4.44278636862256;1.58414864255274
2016;3;19;1;20.0512677359437;22.6140652263184;-999;35.7497726325989;33.8930966431936;5.32925681667822;1.67144794482072
2016;3;19;2;18.2357852133053;20.7611079123535;-999;28.4429113663991;26.8999870821635;5.93624698372172;1.64700701135622
2016;3;19;3;15.216547930962;17.3396984526367;-999;22.8880366616567;20.802033872064;3.79315124172193;1.38471166345623
2016;3;19;4;14.4194238679447;16.8725586278076;-999;23.9241253704071;21.9653214342753;4.48976531319197;1.59992627905285
2016;3;19;5;16.5933780516637;18.8668512408447;-999;26.2193065814972;24.4801888485908;5.90891319788013;1.48275160403179
2016;3;19;6;14.8626684509246;17.0747718831787;-999;21.3530126476288;19.2864677769979;4.57083427779071;1.44272645398584
2016;3;19;7;12.9122684200182;15.2628077371826;-999;18.0271273674011;15.7509164835612;3.9231929874411;1.53301387474058
2016;3;19;8;14.4134807042359;18.0384198540039;-999;22.1151398897807;20.0870165457725;3.60569020329294;2.36417317979115
2016;3;19;9;13.3265469699624;17.7481016643066;-999;30.8158419619242;29.7257517077446;3.66385674055693;2.88372317146821
2016;3;19;10;13.0851749102211;17.3944582481689;-999;32.2513154856364;31.1268659119606;3.52372934315326;2.81050016863018
2016;3;19;11;15.6683176142767;28.8566948013771;-999;47.2946293142954;47.5056543791135;22.4748222019319;8.6014154562313
2016;3;19;12;8.34252966470758;10.5002451240845;-999;23.757332002004;22.1749964014053;4.09704711356543;1.40725480012709
2016;3;19;13;7.93912647368019;9.88687544531249;-999;20.430133383433;18.7645112723033;2.76102648706412;1.27031535963676
2016;3;19;14;8.51427535633024;10.4938208175049;-999;20.683081386439;19.206166728878;3.06718825103601;1.29105292368451
2016;3;19;15;8.76494521727991;10.3176108759155;-999;20.1285919368744;18.7155924436569;3.11559472631501;1.01264334535492
2016;3;19;16;12.2669371405155;14.3790047591553;-999;24.9968560661316;23.6450276971817;3.17236487208882;1.37748343119445
2016;3;19;17;11.5330157396732;13.5031558248291;-999;22.7928200450897;21.4229051267624;2.90308095198146;1.28491876892752
2016;3;19;18;12.1422761735067;13.8387501313477;-999;23.3672720671336;21.4781313544591;2.79728114412945;1.10643463672994
2016;3;19;19;12.9710269658792;14.9128350949707;-999;22.6742260110219;21.2532270082156;2.89538743601551;1.26644076201729
2016;3;19;20;13.1602883114796;15.2221203503418;-999;25.8345;24.2603609424909;2.88573446699847;1.3447199542161
2016;3;19;21;11.3036049701938;13.2419002335205;-999;22.7259713263194;21.7961048849742;2.57321783539452;1.26414968272407
2016;3;19;22;10.0750615545736;11.8224313139038;-999;22.1273540190379;21.5770462218285;2.39307554190065;1.13962870809873
2016;3;19;23;8.78000305004972;10.2047263504028;-999;21.7741986686707;21.1361597441355;2.23243686921867;0.929199767542012
2016;3;20;0;10.8516585241748;12.3464722628174;-999;23.9078400400798;23.6021080363909;2.85037412856306;0.974912516782055
2016;3;20;1;15.4729214458881;17.4440171971436;-999;26.0816694044749;26.0171377089183;4.30638541855453;1.28554205115875
2016;3;20;2;18.855373793659;20.7277624818115;-999;23.7820226325989;23.2818270997683;6.17732214720445;1.22116563500323
2016;3;20;3;15.2305033456933;16.9404729051514;-999;21.3141380180359;20.8006493403753;4.57935467148581;1.11523642293106
2016;3;20;4;11.9915518873187;13.6518330218506;-999;22.2665673573812;21.6219654096285;3.58202520099633;1.08282979851528
2016;3;20;5;10.2904068020316;11.9423519416504;-999;24.3560806456248;24.0182274260521;3.28154912231781;1.07739309053587
2016;3;20;6;9.8780689700011;11.8513407482147;-999;23.8078040565879;23.5186288553335;3.14261475689271;1.28696124865711
2016;3;20;7;9.08023932359259;11.1279213914977;-999;23.3987118898812;23.0280308498447;2.65146553512088;1.33549139052177
2016;3;20;8;9.92622518299992;12.3672748613281;-999;24.4087453653971;23.9663854917844;2.88461942263645;1.59204442932807
2016;3;20;9;9.73821511365238;12.657287036499;-999;25.2989226325989;24.8116996408463;2.40985500574417;1.90380893712853
2016;3;20;10;9.33630032916657;11.7496223795776;-999;22.2732653353373;21.5547404354413;2.56095727578096;1.57396056321265
2016;3;20;11;9.45161824224207;11.6780372261963;-999;21.5073292140961;20.6532770082156;2.30316150129846;1.45206300888646
2016;3;20;12;9.71777856853519;11.729737678772;-999;21.4729200200399;20.4872909154892;1.79117530951572;1.31219299710526
2016;3;20;13;10.7443349287461;12.9237433284912;-999;22.6533440090179;21.6331953239441;2.44134912099533;1.42140286322287
2016;3;20;14;11.3595739221514;13.5784122043457;-999;24.6291225824992;23.4161237394333;3.09201526188803;1.4471189005734
2016;3;20;15;13.0186853375792;15.2089657810059;-999;29.9391919118245;28.5920000880241;3.31703790385319;1.42849357372022
2016;3;20;16;15.1463323324465;17.7346413430176;-999;26.8845097344716;24.8249293169022;3.18842135598077;1.68808647289858
2016;3;20;17;14.2251807076515;16.5913766572597;-999;14.1049864483203;11.2982652423018;2.56295522185498;1.54322507801324
2016;3;20;18;12.2265773289542;14.1101010657349;-999;10.7399659133275;7.53267814788819;2.29354600110927;1.22842787644638
2016;3;20;19;11.059125952697;12.4492615036011;-999;12.6156686511358;9.71495783861478;2.35405065331718;0.90664175312624
2016;3;20;20;10.1860048266306;11.6624352700195;-999;13.9661692917506;11.0437701296965;2.46940156481465;0.962922993151648
2016;3;20;21;10.1003354837341;11.6572345985107;-999;13.8959058907827;11.3635896877925;2.6818932092142;1.01540439127955
2016;3;20;22;10.1686172108231;11.727902072998;-999;14.7679593443553;12.2718216872056;2.95621182019264;1.01696036774692
2016;3;20;23;10.1058063884354;11.8447634453125;-999;14.9326513188044;12.4827270997683;2.96328559767018;1.13414197171851
2016;3;21;0;10.3040835232486;12.0748154597778;-999;12.8047886711756;10.4924315193653;2.70356113444411;1.15486544186819
2016;3;21;1;10.5769076021304;12.1295749927368;-999;17.9236366491318;16.2061091872056;2.68878421582612;1.01264447494051
2016;3;21;2;11.4536508470129;13.1112722628174;-999;27.1104033283234;26.5649381596247;3.09839395309399;1.08109513886413
2016;3;21;3;11.8651471420613;13.5634219854736;-999;25.5404446997325;24.7160152593931;2.81866491852209;1.10760916827155
2016;3;21;4;14.2691305769318;16.3619782189941;-999;25.9599789382159;25.4736680269726;3.50999544436899;1.36494822680533
2016;3;21;5;11.6371051786908;13.6827309196777;-999;31.4388494629941;31.8063866292663;2.51623960426976;1.33415026098887
2016;3;21;6;11.0596189986179;13.0806803795166;-999;29.5525466967265;29.7465193309784;2.12397917122761;1.31812946756314
2016;3;21;7;11.1784418293098;13.1256504234619;-999;26.5381839238485;26.4227961924871;2.31419993531916;1.26996292725299
2016;3;21;8;10.8400864343182;12.9011053138428;-999;24.7444332943669;24.4735398017742;2.40354698340922;1.34418961441799
2016;3;21;9;10.7705994918957;13.0038942774658;-999;23.6877629183361;23.2456873704706;2.42967013957324;1.45654738368512
2016;3;21;10;10.5267440082892;12.9329210218506;-999;24.4479656129804;23.8317488658303;1.99459904270776;1.56930059409573
2016;3;21;11;10.8093376123875;13.4609390072021;-999;25.2457326927185;24.8061615727742;2.12857788387186;1.72936555404488
2016;3;21;12;11.5565055979344;14.1670022481689;-999;28.2354045344035;27.5365494025866;2.15237280633671;1.70255717721885
2016;3;21;13;13.3311393180484;16.0973574306641;-999;33.3152705760609;32.6053717797713;2.32913695321211;1.80411819374047
2016;3;21;14;-999;-999;-999;-999;-999;-999;-999
2016;3;21;15;13.7914670225136;17.0246009926758;-999;32.7049406806946;32.1949304859161;2.4813570874318;2.10863915313404
2016;3;21;16;13.2588201934627;16.1784262189942;-999;31.0018099098206;30.7136694225311;2.30289419349372;1.90415727711177
2016;3;21;17;13.2492473664559;15.9248185985107;-999;33.5206519719442;33.4525179859161;2.10489560418839;1.74499860165919
2016;3;21;18;14.0625683797195;16.5335993284912;-999;34.0463791389465;34.3953624413172;2.36119476966965;1.61159811355558
2016;3;21;19;14.1951176712619;16.6596384816895;-999;34.6434208610535;35.0045423591614;2.09529374862688;1.60735222311878
2016;3;21;20;14.8656376057336;17.6373586861572;-999;35.9185359458923;36.7356291924795;2.08840223484499;1.80770721092481
2016;3;21;21;14.4928448518292;17.1824556204834;-999;35.4135592692057;35.9947674507141;2.30286480045881;1.75415514043502
2016;3;21;22;14.1393118080516;16.769769605835;-999;35.178603993988;35.8097060281754;2.22993945015692;1.71557577083461
2016;3;21;23;14.2607871219733;17.0487686715088;-999;36.1045038937887;36.846389204216;2.17886816020617;1.81831223445126
2016;3;22;0;14.3385898679499;17.0983277080078;-999;37.7654766766866;38.3904142957687;2.14360671287593;1.79989178166959
2016;3;22;1;14.2270307079673;16.9472031824951;-999;36.6924834335327;37.4611070727666;2.40785563183968;1.77408738270719
2016;3;22;2;15.3978167412509;18.2668655474854;-999;38.4841325424194;39.3566413661957;2.41712290750474;1.87118402791548
2016;3;22;3;15.9856170395144;19.0389311679077;-999;39.8398866867065;40.7376032652537;2.52885335255855;1.99136125423977
2016;3;22;4;13.9868251476451;16.7587565255127;-999;38.8429354054769;39.9052110891978;2.22673162200682;1.80784436621387
2016;3;22;5;15.6902571301673;18.5321746861572;-999;38.9134611910502;39.8173721525828;3.88218733523703;1.8534891173219
2016;3;22;6;15.6071302421579;18.4728262189941;-999;37.3721334335327;37.7218544084549;3.31810954607586;1.86899732380484
2016;3;22;7;14.1942905808039;16.7299471634227;-999;34.9613428918871;35.7541672332247;2.53853231531707;1.65374673563057
2016;3;22;8;13.0891275435159;15.8626074453299;-999;34.5296653707404;35.0889483790481;2.19730114309748;1.8117317769128
2016;3;22;9;12.2159537069917;15.1933637956543;-999;30.3682581883748;30.6969012347539;2.01783112567701;1.94185689359953
2016;3;22;10;10.3516796614747;12.9785586993741;-999;28.9800385827637;29.3887336676025;2.08700809842724;1.71324171561745
2016;3;22;11;6.95546619862326;8.2489798394165;-999;-999;-999;2.28547508842526;0.84362526677258
2016;3;22;12;-999;-999;-999;-999;-999;-999;-999
2016;3;22;13;-999;-999;-999;-999;-999;-999;-999
2016;3;22;14;-999;-999;-999;-999;-999;-999;-999
2016;3;22;15;-999;-999;23.7627551714023;20.5190022745486;19.1731267670879;2.53565238900836;-999
2016;3;22;16;-999;-999;33.1702456769433;22.0031126225789;20.4066822230021;2.48642526678611;-999
2016;3;22;17;-999;-999;41.5806695894696;20.2075233984629;18.2459392077446;2.21015731766804;-999
2016;3;22;18;-999;-999;45.9908890529316;18.2354221172333;16.2257997617404;2.04972573032026;-999
2016;3;22;19;-999;-999;57.1653595079951;19.1831233483632;17.2231012899081;1.9511676638879;-999
2016;3;22;20;-999;-999;57.5828762498716;19.2260692541758;17.2452532687823;2.02615746831413;-999
2016;3;22;21;-999;-999;55.6920469768837;21.8017786987305;20.1608564460119;1.89781561306238;-999
2016;3;22;22;-999;-999;54.8091282430026;21.1507593193054;19.5539840222994;1.90022000925892;-999
2016;3;22;23;-999;-999;59.3243911073002;17.265788005511;15.4067912453016;1.87423929825082;-999
2016;3;23;0;-999;-999;63.1647866964883;16.4322153353373;14.4968669377963;1.99251015131091;-999
2016;3;23;1;-999;-999;62.0563737911036;15.6214946872075;13.8833796467145;2.14010460911017;-999
2016;3;23;2;-999;-999;61.6101133591464;13.9581579879761;12.233055665493;2.36029640166148;-999
2016;3;23;3;-999;-999;63.4029472517276;14.025925998497;12.5641049911976;1.89641852732917;-999
2016;3;23;4;-999;-999;64.9119195131504;14.4067926902135;12.9511495968342;1.59912245579634;-999
2016;3;23;5;-999;-999;61.9848859952254;14.8782793017705;13.4734137752374;2.33124616098107;-999
2016;3;23;6;-999;-999;58.7347052761023;15.795511391449;14.290576469485;2.32993260844443;-999
2016;3;23;7;-999;-999;58.0256420443429;17.4732947247823;16.2411832417806;1.90138231925323;-999
2016;3;23;8;-999;-999;57.892462289956;16.7441319769541;15.3752553943634;2.10624390784346;-999
2016;3;23;9;-999;-999;54.4882801811135;17.0102133633931;15.4250973615011;2.67461702172876;-999
2016;3;23;10;-999;-999;56.4713804352155;16.9964233233134;15.0926634600957;2.59093085568234;-999
2016;3;23;11;-999;-999;-999;15.1471186761856;13.2740457306385;-999;-999
2016;3;23;12;-999;-999;-999;14.9191642287949;12.9595087652206;-999;-999
2016;3;23;13;-999;-999;-999;16.0426806706746;14.6116267664274;-999;-999
2016;3;23;14;-999;-999;-999;16.4397369114504;15.1072828622592;-999;-999
2016;3;23;15;-999;-999;77.3204214345571;15.7909146446228;14.2215053063393;-999;-999
2016;3;23;16;7.60038347252417;10.118304925932;79.8697494772133;14.6481833082835;12.8333132658482;1.61512275161036;1.6421799437236
2016;3;23;17;9.52840799393283;12.0659514078348;79.9997626667856;14.7141126977285;12.8120843521118;2.49021694054187;1.65497732067768
2016;3;23;18;10.3454462147583;12.9549239577304;79.9196131995496;15.5698805955251;13.7878490287622;2.53026199952639;1.7018926493129
2016;3;23;19;12.1313014686082;16.3820830917827;78.3418289058495;16.532948003006;14.5683995199521;2.57354057097953;2.7723455460767
2016;3;23;20;10.6636696275553;12.8122121418423;76.4192036051975;16.1599612912496;14.0867474788666;2.34794528509345;1.40127223604386
2016;3;23;21;14.289233119337;16.857235053957;71.056754917044;17.5320006406148;15.3960228122075;2.2782166715542;1.67484226593679
2016;3;23;22;14.4393432409928;17.3870350046982;69.8616687771463;15.6225454029719;13.511102982982;2.50937111281328;1.92247470153802
2016;3;23;23;11.5836299237381;13.6295126661415;71.1405451284403;13.390535380427;11.2912880387306;2.79766185011328;1.33431787645239
2016;3;24;0;13.6414942738768;16.6434201008588;68.9857953303476;13.2555246922175;11.4412754947186;2.10219610501842;1.95784597607035
2016;3;24;1;13.1752013873864;16.086618025189;67.3026844382731;12.6881646821976;10.8642466872056;1.97445481092983;1.89881618584723
2016;3;24;2;12.5846300248578;15.2868404990396;66.6204080937106;11.6795246796926;9.59573693192799;2.27754725970076;1.76237262620539
2016;3;24;3;12.3065731131107;15.1088625076408;68.3905662220801;10.684543380928;8.60812696420352;2.41048647465866;1.82764376306434
2016;3;24;4;11.0568826011389;13.8194454962938;66.5778958527826;11.3496153353373;9.35791062734921;2.40540599624035;1.80173427314754
2016;3;24;5;13.8424739967285;17.2416995712953;66.6222648890597;13.3885653979619;11.7449424911976;2.68271441743494;2.21696354157158
2016;3;24;6;13.3083144911834;15.9085200664208;63.9752506869522;16.0979719669342;14.814225267601;4.0336840576692;1.69584537255283
2016;3;24;7;15.6142096043708;19.0364653553886;62.61993072827;17.9833933433533;16.9014358215968;4.88828778064747;2.23198374556443
2016;3;24;8;15.4836600722501;18.9579653494206;60.343810771326;21.6474619569143;21.1783101326307;4.41907701603802;2.26593027229687
2016;3;24;9;17.2122686343324;21.8108730070221;59.1852419056989;14.6645999248505;13.0872921760559;3.12550768082756;2.99919437905023
2016;3;24;10;18.693046616299;24.4220685370225;62.3681544671256;12.9461033658981;11.1605296320438;2.98435045429887;3.73644892005346
2016;3;24;11;19.3581440117268;24.9155878820039;67.7130157466338;11.625546609052;9.12362255574862;2.38845604438598;3.62454628987215
2016;3;24;12;15.2099419580917;19.7003800187366;65.5614192414946;10.3191739952405;7.98571728227933;2.33790127030378;2.9286486723976
2016;3;24;13;-999;-999;79.9957151917266;7.02441467593511;4.12434684477647;1.71310711408548;-999
2016;3;24;14;-999;-999;80.4938007646378;6.72405535662969;3.68546033421357;1.86906207168667;-999
2016;3;24;15;-999;-999;77.3338186214381;6.93235002504985;3.93174751173655;2.10756199878377;-999
2016;3;24;16;-999;-999;81.0493515260962;6.4097746609052;3.12658385739326;1.7784297817161;-999
2016;3;24;17;-999;-999;83.2076664125965;6.91054868119558;3.89221234976451;1.81425296762472;-999
2016;3;24;18;-999;-999;81.514365958878;7.40882731103897;4.26125847623348;2.05912277777343;-999
2016;3;24;19;-999;-999;80.7918916730509;7.8820213388443;4.88012999853293;1.75657835481609;-999
2016;3;24;20;-999;-999;78.6111906805957;8.33078733358383;5.51100049471855;1.75347048813059;-999
2016;3;24;21;-999;-999;78.8337206608028;9.16317798296611;6.68028766490618;2.19649842853852;-999
2016;3;24;22;-999;-999;76.9834737240951;9.96943335838318;7.60251852464676;1.97469068458181;-999
2016;3;24;23;-999;-999;72.5756553168313;11.3648500375748;8.93302297711372;2.23088277005377;-999
2016;3;25;0;-999;-999;72.0051376248642;12.0138993593852;9.42698186384837;3.56131435970355;-999
2016;3;25;1;-999;-999;72.1017948038199;12.0669579629262;9.89801948474248;4.03435339894111;-999
2016;3;25;2;-999;-999;70.3554472018314;11.79825;9.66465433157286;2.85602630397032;-999
2016;3;25;3;-999;-999;71.0807085553717;11.9153993092855;9.83925517077446;2.50227358228467;-999
2016;3;25;4;-999;-999;67.8737839157274;12.529251381429;10.5331973615011;2.88929616675127;-999
2016;3;25;5;-999;-999;65.4842173097172;13.7187373398463;11.773863100942;2.52967882679794;-999
2016;3;25;6;-999;-999;63.8561077144672;14.1635633132935;12.384581534036;2.06104477537961;-999
2016;3;25;7;-999;-999;65.864982779094;13.471174001503;11.8140136250019;2.32662980978944;-999
2016;3;25;8;-999;-999;61.4618654598108;13.8318152727127;12.1362944554011;2.62078426373327;-999
2016;3;25;9;-999;-999;44.8023019705249;22.0144073473612;20.5535930152575;3.3411969469501;-999
2016;3;25;10;-999;-999;49.4803729011756;24.1631520220439;22.873861063385;2.44047914900495;-999
2016;3;25;11;-999;-999;57.2359162418703;25.8984592692057;25.8300762312253;2.80196625813561;-999
2016;3;25;12;-999;-999;61.1628375967169;19.8835240140279;18.6034478708903;2.38598568132843;-999
2016;3;25;13;-999;-999;68.725292198194;18.4669626476288;15.6026209835688;2.21920090718627;-999
2016;3;25;14;-999;-999;78.045566569888;17.1307773423513;13.4224949501197;2.08157698832669;-999
2016;3;25;15;-999;-999;83.3024652607718;14.842556619072;12.1249108215968;1.79202957080942;-999
2016;3;25;16;-999;-999;83.0474180037504;13.0260853553772;10.0135483215968;1.7108492220289;-999
2016;3;25;17;-999;-999;81.6890557800907;12.8075466967265;9.45928685504596;1.94003940591258;-999
2016;3;25;18;-999;-999;84.1542170720093;14.3038274175008;11.0196183303992;1.8007082358861;-999
2016;3;25;19;-999;-999;80.2282824355381;15.6038959559123;12.5054944407304;2.02795109526216;-999
2016;3;25;20;-999;-999;80.2860751394903;15.6144026501338;12.8733099237124;2.35620064013061;-999
2016;3;25;21;-999;-999;79.3552808310159;15.9491713513692;12.9048458920161;2.59206561274322;-999
2016;3;25;22;-999;-999;75.8264834047785;16.6286899649302;13.3726531003475;2.61974118518524;-999
2016;3;25;23;-999;-999;75.9463744379352;16.9454660260518;14.2498105833371;2.41951564578275;-999
2016;3;26;0;-999;-999;72.207981734242;20.2301126476288;17.7222904976527;2.46427570467774;-999
2016;3;26;1;-999;-999;67.4119824420298;20.7000232732137;18.5416068931898;2.36790007411875;-999
2016;3;26;2;-999;-999;69.5891512870767;19.2474766516368;17.4875407394409;2.52239567813536;-999
2016;3;26;3;-999;-999;67.1721079223637;20.8389739388784;18.7355907359123;3.46428642786916;-999
2016;3;26;4;-999;-999;59.7969361256775;24.6955771920522;22.8320185246468;3.29266875479906;-999
2016;3;26;5;-999;-999;58.8787899936394;24.3415027127584;22.4286674471855;3.22803193521798;-999
2016;3;26;6;-999;-999;58.9952513250001;23.676562007014;21.9587066255887;3.34865687225677;-999
2016;3;26;7;-999;-999;54.7940413027262;23.4819259609222;22.045468733565;3.26697694771656;-999
2016;3;26;8;-999;-999;52.9105939388802;23.5833154104869;22.0985411866188;3.33455488464447;-999
2016;3;26;9;-999;-999;51.1718051939619;26.1054406806946;24.9018459248861;4.49964566432649;-999
2016;3;26;10;-999;-999;50.3448240563274;29.0533488941193;28.382171372064;4.37831308120721;-999
2016;3;26;11;-999;-999;58.4884967178832;27.8810672822317;27.2974926525752;3.62519058582256;-999
2016;3;26;12;-999;-999;61.2182345616176;17.8138419744492;16.417476169014;3.24568069750934;-999
2016;3;26;13;-999;-999;63.7645718705386;16.9270793393453;15.7139964307467;2.33236601965345;-999
2016;3;26;14;-999;-999;59.90366845794;13.6616073724111;12.0318416666667;2.12207506724813;-999
2016;3;26;15;-999;-999;67.035958128483;12.0182332957586;10.1804574941317;2.14329979157241;-999
2016;3;26;16;-999;-999;64.6629245299199;10.7727993593852;8.57766800058683;2.53579546912524;-999
2016;3;26;17;-999;-999;65.7410400392558;12.6436427403132;10.6128829888503;2.83341186935009;-999
2016;3;26;18;-999;-999;69.4438384636273;14.3802633007685;12.124295503521;2.56984055720621;-999
2016;3;26;19;-999;-999;73.199955161392;14.643849384435;12.7797793609142;2.16977732690235;-999
2016;3;26;20;-999;-999;70.4273806985553;16.0895666917165;14.5923974970659;2.09167102485188;-999
2016;3;26;21;-999;-999;65.3645470277057;20.2335273173014;19.2421639072736;2.26183492536212;-999
2016;3;26;22;-999;-999;60.482143871679;25.9199981032054;25.6828578239441;2.57117815917895;-999
2016;3;26;23;-999;-999;58.5598849431287;27.4866734235128;27.6802298556328;3.02108492863257;-999
2016;3;27;0;-999;-999;61.0873601381455;21.5128453152974;21.0037092934291;2.40853752609024;-999
2016;3;27;1;-999;-999;59.6698927279018;18.7767780330658;17.8784313251178;2.10903154119374;-999
2016;3;27;2;-999;-999;61.0033738426534;16.1859653353373;15.0626660070419;2.15963997189287;-999
2016;3;27;3;-999;-999;59.7653896848025;16.972783383433;15.983358571593;-999;-999
2016;3;27;4;-999;-999;56.5944525954679;17.4680412962596;16.5962305152575;-999;-999
2016;3;27;5;-999;-999;50.5917468719117;19.962061391449;19.506911030515;-999;-999
2016;3;27;6;-999;-999;47.8928704370683;23.2954325925191;23.3812034777006;-999;-999
2016;3;27;7;-999;-999;40.3046587512052;28.5445632882436;28.8376719694773;-999;-999
2016;3;27;8;-999;-999;30.1666426184425;31.376503993988;31.6260550903638;-999;-999
2016;3;27;9;-999;-999;44.5278850338203;22.238199384435;21.6708844730059;-999;-999
2016;3;27;10;-999;-999;59.0986556669829;18.8571539188385;18.0027285692533;-999;-999
2016;3;27;11;-999;-999;63.9444024654868;18.5898907057444;17.4769263192495;-999;-999
2016;3;27;12;-999;-999;75.0260134431752;16.6432680480957;14.5033280269941;-999;-999
2016;3;27;13;-999;-999;79.7247188768013;17.5450213695254;15.201907212019;-999;-999
2016;3;27;14;-999;-999;81.5840963563475;17.4187291080408;15.0970922325201;-999;-999
2016;3;27;15;-999;-999;83.3176092154497;17.0022427824612;14.3101663671691;-999;-999
2016;3;27;16;-999;-999;87.4706950493525;17.6613096043817;14.9639049411149;-999;-999
2016;3;27;17;-999;-999;86.7261400357511;17.9630365614573;15.1434285070419;-999;-999
2016;3;27;18;-999;-999;88.1569187620843;18.6509450908596;15.8655508474576;-999;-999
2016;3;27;19;-999;-999;96.4524509024808;20.0022130682057;17.2002703120462;-999;-999
2016;3;27;20;-999;-999;-999;19.9896411710103;17.6198374706586;-999;-999
2016;3;27;21;-999;-999;-999;19.7753053503672;17.5084622875532;-999;-999
2016;3;27;22;-999;-999;-999;18.0225306706746;16.0904264988263;-999;-999
2016;3;27;23;-999;-999;-999;17.0673432682037;15.3698712805112;-999;-999
2016;3;28;0;-999;-999;-999;17.8167314114888;16.435320803992;-999;-999
2016;3;28;1;-999;-999;-999;18.6543753704071;17.4524668169022;-999;-999
2016;3;28;2;-999;-999;-999;18.3412766015371;17.2184862723033;-999;-999
2016;3;28;3;-999;-999;-999;18.992164619573;17.8852000586828;-999;-999
2016;3;28;4;-999;-999;-999;19.1020906556447;17.8641249377886;-999;-999
2016;3;28;5;-999;-999;-999;20.3128526626587;19.1477101326307;-999;-999
2016;3;28;6;-999;-999;-999;19.6614393744151;18.4909956537565;-999;-999
2016;3;28;7;-999;-999;-999;19.0911899649302;17.8267432863871;-999;-999
2016;3;28;8;-999;-999;-999;19.1883767518361;17.7972073145549;-999;-999
2016;3;28;9;-999;-999;-999;-999;-999;-999;-999
2016;3;28;10;-999;-999;-999;-999;-999;-999;-999
2016;3;28;11;-999;-999;-999;-999;-999;-999;-999
2016;3;28;12;-999;-999;-999;-999;-999;-999;-999
2016;3;28;13;-999;-999;-999;-999;-999;-999;-999
2016;3;28;14;-999;-999;-999;-999;-999;-999;-999
2016;3;28;15;-999;-999;-999;-999;-999;-999;-999
2016;3;28;16;-999;-999;-999;-999;-999;-999;-999
2016;3;28;17;-999;-999;-999;-999;-999;-999;-999
2016;3;28;18;-999;-999;-999;-999;-999;-999;-999
2016;3;28;19;-999;-999;-999;-999;-999;-999;-999
2016;3;28;20;-999;-999;-999;-999;-999;-999;-999
2016;3;28;21;-999;-999;-999;-999;-999;-999;-999
2016;3;28;22;-999;-999;-999;-999;-999;-999;-999
2016;3;28;23;-999;-999;-999;-999;-999;-999;-999
2016;3;29;0;-999;-999;-999;-999;-999;-999;-999
2016;3;29;1;-999;-999;-999;-999;-999;-999;-999
2016;3;29;2;-999;-999;-999;-999;-999;-999;-999
2016;3;29;3;-999;-999;-999;-999;-999;-999;-999
2016;3;29;4;-999;-999;-999;-999;-999;-999;-999
2016;3;29;5;-999;-999;-999;-999;-999;-999;-999
2016;3;29;6;-999;-999;-999;-999;-999;-999;-999
2016;3;29;7;-999;-999;-999;-999;-999;-999;-999
2016;3;29;8;-999;-999;-999;-999;-999;-999;-999
2016;3;29;9;-999;-999;-999;-999;-999;-999;-999
2016;3;29;10;-999;-999;-999;-999;-999;-999;-999
2016;3;29;11;-999;-999;81.341428264491;10.8684100100199;8.13170517077446;-999;-999
2016;3;29;12;-999;-999;80.3903763483764;12.1372213012695;9.77649117194811;-999;-999
2016;3;29;13;-999;-999;77.7211361528289;12.8410366741816;10.5236596672535;-999;-999
2016;3;29;14;-999;-999;79.2302792387042;12.5326659759521;10.0673900176048;-999;-999
2016;3;29;15;-999;-999;80.7603616469805;11.5257333208084;8.47367669307391;-999;-999
2016;3;29;16;-999;-999;80.1176822116407;10.2633573473612;6.71336181103388;-999;-999
2016;3;29;17;-999;-999;80.1277486557805;9.85504198697408;6.60521706983248;-999;-999
2016;3;29;18;-999;-999;81.9737635569888;9.6411;6.21986450821559;-999;-999
2016;3;29;19;-999;-999;82.4472400254353;10.292382002004;6.71397711443901;-999;-999
2016;3;29;20;-999;-999;84.4178782163395;11.666259997495;8.20154543016752;-999;-999
2016;3;29;21;-999;-999;88.8592727431473;13.9626233233134;10.6994911426067;-999;-999
2016;3;29;22;-999;-999;89.8341262934016;15.9990780455907;13.2398947852135;-999;-999
2016;3;29;23;-999;-999;90.5414708734633;18.2317445995331;15.6670772171338;-999;-999
2016;3;30;0;-999;-999;85.5318724516509;21.079445390447;18.1648690046946;-999;-999
2016;3;30;1;-999;-999;83.5277270708741;21.2562199699402;18.4679207124392;-999;-999
2016;3;30;2;-999;-999;80.9322777782755;20.3971685885112;17.2298700821559;-999;-999
2016;3;30;3;-999;-999;80.200618024025;15.6511760110219;12.3130489812215;-999;-999
2016;3;30;4;-999;-999;79.4503098966831;13.6287516884714;10.2243000033217;-999;-999
2016;3;30;5;-999;-999;79.8547875089977;11.224676931748;7.99631997156143;-999;-999
2016;3;30;6;-999;-999;77.4738273116978;12.1468595268094;8.82378883299536;-999;-999
2016;3;30;7;-999;-999;75.7560951144259;-999;-999;-999;-999
2016;3;30;8;-999;-999;70.7456328039532;11.2331752072144;8.04214339929581;-999;-999
2016;3;30;9;-999;-999;62.13367040105;14.4889884409904;11.3145937185628;-999;-999
2016;3;30;10;-999;-999;63.1706123610447;13.989773068724;10.6118007801155;-999;-999
2016;3;30;11;-999;-999;73.2044172285324;10.2571992798558;6.00089132791979;-999;-999
2016;3;30;12;-999;-999;72.4121932316706;9.92200749369021;6.44461501597475;-999;-999
2016;3;30;13;-999;-999;74.0434382027099;9.35581478698165;6.09814813999777;-999;-999
2016;3;30;14;-999;-999;77.0417878966055;8.07140401903788;4.75860165639718;-999;-999
2016;3;30;15;-999;-999;75.8904630692721;7.73177597344716;4.14711417106787;-999;-999
2016;3;30;16;-999;-999;74.790483230008;7.5974220170339;3.93282434771061;-999;-999
2016;3;30;17;-999;-999;76.8534769608063;8.73818335838318;4.97981398415565;-999;-999
2016;3;30;18;-999;-999;78.4105284797933;8.62405460955302;5.17872051085631;-999;-999
2016;3;30;19;-999;-999;78.8454412805728;9.30160332832337;5.70975315522353;-999;-999
2016;3;30;20;-999;-999;76.207276933782;9.93883266766866;6.55060616021156;-999;-999
2016;3;30;21;-999;-999;76.3514252329403;9.54154929676056;6.12756451555093;-999;-999
2016;3;30;22;-999;-999;75.7878061342543;10.0972206731796;6.66459661385218;-999;-999
2016;3;30;23;-999;-999;77.2654035933011;10.3918013563792;6.83981281514168;-999;-999
2016;3;31;0;-999;-999;75.9446226572787;11.0118260235469;7.55775293896993;-999;-999
2016;3;31;1;-999;-999;79.0497293556969;11.2005519844691;7.68112729401588;-999;-999
2016;3;31;2;-999;-999;81.7833083871316;10.5050106631597;7.01487517957687;-999;-999
2016;3;31;3;-999;-999;81.4332751740597;10.9080726826986;7.61605584506989;-999;-999
2016;3;31;4;-999;-999;80.5010516769073;11.6577233734131;8.43291086560886;-999;-999
2016;3;31;5;-999;-999;79.5056931109939;12.0479146821976;9.03347616901398;-999;-999
2016;3;31;6;-999;-999;79.8892796704961;13.8217025875092;10.5930385627906;-999;-999
2016;3;31;7;-999;-999;79.6344130916924;13.4974406556447;10.3975163221836;-999;-999
2016;3;31;8;-999;-999;73.7920756822508;14.147277995491;10.0084718814532;-999;-999
2016;3;31;9;-999;-999;74.1936312482409;12.4059293518702;8.76011429929733;-999;-999
2016;3;31;10;-999;-999;72.2935294961595;13.3788466967265;8.69258147535324;-999;-999
2016;3;31;11;-999;-999;71.4930583683918;12.6121227077484;8.2520028474172;-999;-999
2016;3;31;12;-999;-999;75.537663343553;10.8196852927526;6.07464584800402;-999;-999
2016;3;31;13;-999;-999;80.096144190496;8.76313666791916;4.20618617341518;-999;-999
2016;3;31;14;-999;-999;86.8696849768002;9.54995467844009;5.08688200674852;-999;-999
2016;3;31;15;-999;-999;90.9121010238549;10.1827186761856;5.66329553286235;-999;-999
2016;3;31;16;-999;-999;94.1943992495865;11.0168166290919;6.278475;-999;-999
2016;3;31;17;-999;-999;98.2535552175317;12.8254079879761;7.49575808040301;-999;-999
2016;3;31;18;-999;-999;98.0304777642678;13.9469947498322;8.54459386912981;-999;-999
2016;3;31;19;-999;-999;98.5570911741284;14.9900440465927;9.37575530633926;-999;-999
2016;3;31;20;-999;-999;94.7696797335899;16.6068885584513;10.9736220939;-999;-999
2016;3;31;21;-999;-999;90.2740836634649;16.654562772878;11.8304737723033;-999;-999
2016;3;31;22;-999;-999;91.3626257762416;16.5139047348022;11.7629409190178;-999;-999
2016;3;31;23;-999;-999;93.1851792852457;16.3871680981954;11.3348227828662;-999;-999
2016;4;1;0;-999;-999;93.1174475969091;15.8787765013377;10.9587003298124;-999;-999
2016;4;1;1;-999;-999;88.2858434768505;14.87145;10.2972170551618;-999;-999
2016;4;1;2;-999;-999;85.7079257764193;14.358461994489;9.65450126056671;-999;-999
2016;4;1;3;-999;-999;84.8178327595182;13.441229992485;8.95455972593625;-999;-999
2016;4;1;4;-999;-999;85.0022645680785;13.7865053628922;8.89271870422363;-999;-999
2016;4;1;5;-999;-999;85.5677742123648;12.919574001503;8.52613381338119;-999;-999
2016;4;1;6;-999;-999;86.7116117600717;13.7012699699402;9.20192366607984;-999;-999
2016;4;1;7;-999;-999;84.5042481570655;14.3748787112554;9.69849769131342;-999;-999
2016;4;1;8;-999;-999;79.7473894059754;15.2247365364075;10.4764328532855;-999;-999
2016;4;1;9;-999;-999;-999;-999;-999;-999;-999
2016;4;1;10;-999;-999;78.7501465356091;17.6951165539424;9.88202086267471;-999;-999
2016;4;1;11;-999;-999;76.7544319330805;18.4364933433533;10.2433753444831;-999;-999
2016;4;1;12;-999;-999;82.7414909496354;17.7596013062795;9.55158686971664;-999;-999
2016;4;1;13;-999;-999;84.8362682118284;16.6167387338003;8.52721059800784;-999;-999
2016;4;1;14;-999;-999;86.9078336244731;16.825952612559;8.72473261502585;-999;-999
2016;4;1;15;-999;-999;90.018998011391;16.5829859709422;9.30791480868657;-999;-999
2016;4;1;16;-999;-999;85.4474912774293;19.2994846897125;11.3115940193653;-999;-999
2016;4;1;17;-999;-999;85.1288223126016;21.2051313363393;12.7582426561038;-999;-999
2016;4;1;18;-999;-999;88.6711613147804;23.0820159759521;13.8356915275733;-999;-999
2016;4;1;19;-999;-999;91.5540415537581;24.0705621072133;15.1028165457725;-999;-999
2016;4;1;20;-999;-999;70.8065490737387;27.3431261112213;19.6664361807505;-999;-999
2016;4;1;21;-999;-999;38.9216710083226;24.9611333583832;19.3746143286387;-999;-999
2016;4;1;22;-999;-999;46.1175494757554;18.5028166416168;13.5758668462435;-999;-999
2016;4;1;23;-999;-999;58.8098616365707;12.1594167167664;7.94249013849894;-999;-999
2016;4;2;0;-999;-999;61.5552917023518;8.62418600851695;4.60384531660875;-999;-999
2016;4;2;1;-999;-999;63.4708162523721;7.51835933183034;3.64638665346305;-999;-999
2016;4;2;2;-999;-999;68.8108216076747;5.82297736113866;2.41956587147713;-999;-999
2016;4;2;3;-999;-999;72.5031633622281;4.64360400651296;1.45564616681337;-999;-999
2016;4;2;4;-999;-999;72.7616428490437;4.70927069822947;1.55256115874449;-999;-999
2016;4;2;5;-999;-999;73.2738318882431;5.02932998622259;1.9162231823643;-999;-999
2016;4;2;6;-999;-999;73.6820004695982;5.0591426776886;1.96145016490618;-999;-999
2016;4;2;7;-999;-999;69.5086160875731;6.20292464211782;2.9516753518184;-999;-999
2016;4;2;8;-999;-999;63.3341071810453;8.24463265514374;4.69137652083238;-999;-999
2016;4;2;9;-999;-999;65.6671272461494;9.31762599223455;5.46977314201991;-999;-999
2016;4;2;10;-999;-999;64.9057450035757;10.7678086536407;7.4534539724191;-999;-999
2016;4;2;11;-999;-999;66.3587780027873;22.2223079504013;20.6448161132654;-999;-999
2016;4;2;12;-999;-999;66.4296443850635;14.030785380427;10.4375129653772;-999;-999
2016;4;2;13;-999;-999;66.4066195502219;17.6671427027384;14.2742700710138;-999;-999
2016;4;2;14;-999;-999;65.0233233486837;23.4447588289897;18.4503837805112;-999;-999
2016;4;2;15;-999;-999;63.2297781840524;26.1929087538401;20.1330125915527;-999;-999
2016;4;2;16;-999;-999;70.2414039936531;28.657247387441;21.1241608802795;-999;-999
2016;4;2;17;-999;-999;76.1885400878667;26.9933854054769;20.5526699941317;-999;-999
2016;4;2;18;-999;-999;81.7343062393817;26.6877726576487;21.2846089929581;-999;-999
2016;4;2;19;-999;-999;76.9480060745374;33.1485846897125;28.1054250035286;-999;-999
2016;4;2;20;-999;-999;74.3362657189548;32.9651119318644;27.5036293720563;-999;-999
2016;4;2;21;-999;-999;75.2816463824785;30.4570394495646;25.2462789542198;-999;-999
2016;4;2;22;-999;-999;74.116556132475;31.0010222925822;26.7120028180758;-999;-999
2016;4;2;23;-999;-999;72.9782824827761;29.6918914465586;25.1164434953054;-999;-999
2016;4;3;0;-999;-999;74.0823404764551;28.2145228079478;22.9512393873215;-999;-999
2016;4;3;1;-999;-999;72.3015191335965;29.2319619569143;23.9803842934291;-999;-999
2016;4;3;2;-999;-999;71.5666093675321;28.1221954906464;24.3543532359123;-999;-999
2016;4;3;3;-999;-999;60.9846920797008;34.842128158315;31.6854347957611;-999;-999
2016;4;3;4;-999;-999;55.5458252966743;35.0199532531738;31.2456250293414;-999;-999
2016;4;3;5;-999;-999;49.6750883958195;32.4512046346029;29.7938998497645;-999;-999
2016;4;3;6;-999;-999;48.3492236711042;29.8433186386108;27.6670001795769;-999;-999
2016;4;3;7;-999;-999;40.4737980480182;32.5201546346029;29.7672868368467;-999;-999
2016;4;3;8;-999;-999;37.1351488766639;33.0798974375407;30.0424944554011;-999;-999
2016;4;3;9;-999;-999;43.454206532078;35.0036678476969;32.1087838427226;-999;-999
2016;4;3;10;-999;-999;57.2697379749734;31.1964462064107;27.7782216431936;-999;-999
2016;4;3;11;-999;-999;65.2038234499002;28.1785374275208;23.8711626795769;-999;-999
2016;4;3;12;-999;-999;74.4365120690893;26.3558933433533;21.6251960422516;-999;-999
2016;4;3;13;-999;-999;80.7168581612695;22.8932899899801;17.2684822816849;-999;-999
2016;4;3;14;-999;-999;83.0652567535327;20.9070046847026;14.4034901678403;-999;-999
2016;4;3;15;-999;-999;89.4752415692936;18.9609074475606;12.1567542875608;-999;-999
2016;4;3;16;-999;-999;94.6056771083623;18.2933399148305;11.7746323585669;-999;-999
2016;4;3;17;-999;-999;88.0041702017474;18.007952612559;11.5032703532855;-999;-999
2016;4;3;18;-999;-999;85.980511251696;21.0526533283234;14.2874998644352;-999;-999
2016;4;3;19;-999;-999;90.5390898691222;22.8265728329976;15.9279784777005;-999;-999
2016;4;3;20;-999;-999;89.9736848925482;23.8005406806946;16.8203656478882;-999;-999
2016;4;3;21;-999;-999;87.1209322399542;23.3438946496328;17.0660375293414;-999;-999
2016;4;3;22;-999;-999;87.1729087648038;19.3566146947225;14.1833546320438;-999;-999
2016;4;3;23;-999;-999;86.893774246356;13.2116592817307;8.85764473767281;-999;-999
2016;4;4;0;-999;-999;86.9329920435868;11.3937433057785;7.34315548591614;-999;-999
2016;4;4;1;-999;-999;86.7677140542799;11.1854486561457;7.038565482982;-999;-999
2016;4;4;2;-999;-999;84.8735625397628;10.5601706857046;6.15494685211182;-999;-999
2016;4;4;3;-999;-999;84.408241468725;11.9478386586507;7.20132119982243;-999;-999
2016;4;4;4;-999;-999;86.0530422772691;11.2719972997665;6.84135116901398;-999;-999
2016;4;4;5;-999;-999;88.1793180885278;11.2596519844691;6.80658481748899;-999;-999
2016;4;4;6;-999;-999;86.8247417987196;11.4806860460917;7.20747451995214;-999;-999
2016;4;4;7;-999;-999;83.0125240373453;10.8741886336009;7.19870600997607;-999;-999
2016;4;4;8;-999;-999;80.5679673174663;11.5430693418503;7.50883399295807;-999;-999
2016;4;4;9;-999;-999;76.4811830653555;13.325919229126;7.55975287675858;-999;-999
2016;4;4;10;-999;-999;82.3366767067102;12.5825726451238;6.03664894454479;-999;-999
2016;4;4;11;-999;-999;84.6764303993077;12.7965146821976;6.20878850410779;-999;-999
2016;4;4;12;-999;-999;82.6608061932094;13.8888139413834;7.01395211443901;-999;-999
2016;4;4;13;-999;-999;82.4274488300034;14.475874001503;6.96395636912982;-999;-999
2016;4;4;14;-999;-999;83.160979946642;14.1609366240819;6.78274058920543;-999;-999
2016;4;4;15;-999;-999;83.9926788035058;15.0788252827326;7.0436420404911;-999;-999
2016;4;4;16;-999;-999;84.6411494795584;15.0932720546087;6.50491763409774;-999;-999
2016;4;4;17;-999;-999;86.1177897095348;17.2111533283234;8.45460136326154;-999;-999
2016;4;4;18;-999;-999;86.2558234569356;18.1669973373413;9.40559898122152;-999;-999
2016;4;4;19;-999;-999;85.8784995386156;19.2193713764191;10.8727074647903;-999;-999
2016;4;4;20;-999;-999;84.8873197459986;18.6349380430857;10.9760834688981;-999;-999
2016;4;4;21;-999;-999;-999;18.4774693293254;10.4538193491777;-999;-999
2016;4;4;22;-999;-999;-999;18.9979432682037;10.8008673409621;-999;-999
2016;4;4;23;-999;-999;-999;18.209417997996;10.7776384747664;-999;-999
2016;4;5;0;-999;-999;-999;17.6654353303274;10.7251813397884;-999;-999
2016;4;5;1;-999;-999;-999;15.544008000501;9.19315518544515;-999;-999
2016;4;5;2;-999;-999;-999;14.7728186887105;8.84856855398814;-999;-999
2016;4;5;3;-999;-999;-999;15.2498214014689;9.03809109859467;-999;-999
2016;4;5;4;-999;-999;-999;13.8525660135269;8.48336816549301;-999;-999
2016;4;5;5;-999;-999;-999;12.4474306706746;7.92710684917768;-999;-999
2016;4;5;6;-999;-999;-999;11.7032959433873;7.41038066549301;-999;-999
2016;4;5;7;-999;-999;-999;11.8820406431198;7.31285031514168;-999;-999
2016;4;5;8;-999;-999;-999;13.458130541082;7.5986079441539;-999;-999
2016;4;5;9;-999;-999;85.3094050486394;16.2838041083895;8.45277654443938;-999;-999
2016;4;5;10;-999;-999;84.9801573827597;17.8002965335846;8.11922345556062;-999;-999
2016;4;5;11;-999;-999;81.3314683745873;19.3250947247823;7.63928462324143;-999;-999
2016;4;5;12;-999;-999;77.897090112279;23.96103000501;9.26053415786426;-999;-999
2016;4;5;13;-999;-999;82.3254765127996;39.3966367869059;14.3828764988263;-999;-999
2016;4;5;14;-999;-999;86.3494260210976;51.4618358957926;18.2943966725349;-999;-999
2016;4;5;15;-999;-999;90.3613033973792;63.851822782898;23.0063116901398;-999;-999
2016;4;5;16;-999;-999;91.0540317236976;63.2172199699402;22.1646893321673;-999;-999
2016;4;5;17;-999;-999;92.343324854772;71.2864711008708;23.8980834248861;-999;-999
2016;4;5;18;-999;-999;91.293184788276;76.1683940841675;25.4519539577484;-999;-999
2016;4;5;19;-999;-999;92.0713377767978;74.5265957555135;25.62655479695;-999;-999
2016;4;5;20;-999;-999;93.0589295041761;58.4628219418844;21.5330497617404;-999;-999
2016;4;5;21;-999;-999;93.6656177448213;52.3718444241842;19.156017029349;-999;-999
2016;4;5;22;-999;-999;95.0364297978029;36.282329389445;14.7217713573933;-999;-999
2016;4;5;23;-999;-999;98.8236431707334;32.8991828430176;12.5354919671377;-999;-999
2016;4;6;0;-999;-999;97.7820119740428;33.9811068069458;12.0519938838005;-999;-999
2016;4;6;1;-999;-999;99.857751065903;34.9544182985942;11.3580517077446;-999;-999
2016;4;6;2;-999;-999;100.477238478179;35.6678209111532;11.1969881156127;-999;-999
2016;4;6;3;-999;-999;99.8404129339937;32.4141686386108;11.1631447852135;-999;-999
2016;4;6;4;-999;-999;100.958640116741;24.6533496612848;9.49078649958442;-999;-999
2016;4;6;5;-999;-999;99.7998391089875;24.4488261077258;9.84323287654409;-999;-999
2016;4;6;6;-999;-999;97.4128415220813;25.2000192298889;10.2104549880539;-999;-999
2016;4;6;7;-999;-999;96.7092313981396;36.558917223782;14.0163942636914;-999;-999
2016;4;6;8;-999;-999;86.012134488319;30.2698249136007;12.0917206112124;-999;-999
2016;4;6;9;-999;-999;67.3795689405701;31.3803127227783;12.6879409008185;-999;-999
2016;4;6;10;-999;-999;65.3681200456984;35.6996033032735;13.6369386250019;-999;-999
2016;4;6;11;-999;-999;79.9324495664486;42.5902694796244;16.8642082124392;-999;-999
2016;4;6;12;-999;-999;83.5591078151817;46.698375835673;18.0318031478882;-999;-999
2016;4;6;13;-999;-999;86.9432814058522;40.9734247047424;14.1701250586828;-999;-999
2016;4;6;14;-999;-999;89.4464961437347;42.5142272171021;15.1566582124392;-999;-999
2016;4;6;15;-999;-999;89.4981683972989;43.858817997996;15.3135681361516;-999;-999
2016;4;6;16;-999;-999;88.4511979620253;44.8432927528381;14.3108825234731;-999;-999
2016;4;6;17;-999;-999;94.4559027743393;44.0535853553772;15.0412831684272;-999;-999
2016;4;6;18;-999;-999;97.8585126427743;38.9367071970622;17.0163493110339;-999;-999
2016;4;6;19;-999;-999;94.2496821836698;35.2412499499003;16.3499433450699;-999;-999
2016;4;6;20;-999;-999;88.2180178945431;29.3365031780243;13.6309392224153;-999;-999
2016;4;6;21;-999;-999;79.8436819629407;20.8590679729462;8.80718732042313;-999;-999
2016;4;6;22;-999;-999;74.3607587766591;17.6021327052434;7.62359364554088;-999;-999
2016;4;6;23;-999;-999;70.6608004886641;14.4897952902476;5.58145620422363;-999;-999
2016;4;7;0;-999;-999;65.6834477244758;12.5027220420837;4.73429604225159;-999;-999
2016;4;7;1;-999;-999;62.0351342411384;12.4855174074809;5.5196151311636;-999;-999
2016;4;7;2;-999;-999;58.4660020238826;12.3143900150299;6.47968902816772;-999;-999
2016;4;7;3;-999;-999;60.1356363549959;12.9282419744492;7.26239302992821;-999;-999
2016;4;7;4;-999;-999;57.9584008095694;12.5792893493652;7.43745533568065;-999;-999
2016;4;7;5;-999;-999;59.6755045247975;12.8200233483632;7.70635599530538;-999;-999
2016;4;7;6;-999;-999;58.4356002896727;13.7418519844691;8.49444421361288;-999;-999
2016;4;7;7;-999;-999;59.3953804353484;13.1985261112213;8.05740362793605;-999;-999
2016;4;7;8;-999;-999;65.9364078019744;11.0203627227783;6.06849249853293;-999;-999
2016;4;7;9;-999;-999;70.6760881997872;9.52592067317963;4.36078866167863;-999;-999
2016;4;7;10;-999;-999;71.0857464504809;11.7491313112895;4.86597736003399;-999;-999
2016;4;7;11;-999;-999;75.8483916338695;15.2722793142955;6.21294198914369;-999;-999
2016;4;7;12;-999;-999;80.4713178246866;20.3527780330658;8.41260482629141;-999;-999
2016;4;7;13;-999;-999;83.0552381648602;25.6695452150981;10.3301373204231;-999;-999
2016;4;7;14;-999;-999;83.5736122300502;26.1507506907145;10.4776634894371;-999;-999
2016;4;7;15;-999;-999;90.7747411120946;23.3382471870422;9.10823919307391;-999;-999
2016;4;7;16;-999;-999;97.5641825820678;22.649798003006;9.17792571830749;-999;-999
2016;4;7;17;-999;-999;102.283834684082;23.3097481032054;9.31991384859086;-999;-999
2016;4;7;18;-999;-999;103.986461957076;25.6711212511698;12.278897962443;-999;-999
2016;4;7;19;-999;-999;105.231543584597;34.2821226826986;20.0624031772296;-999;-999
2016;4;7;20;-999;-999;106.004654606334;31.9827385083516;18.5923718521118;-999;-999
2016;4;7;21;-999;-999;103.981284617977;31.6420601102193;16.8302108544668;-999;-999
2016;4;7;22;-999;-999;90.0881564797845;26.6418060410817;13.8612276971817;-999;-999
2016;4;7;23;-999;-999;82.6481115850505;22.0457959559123;10.4516656185468;-999;-999
2016;4;8;0;-999;-999;76.1261053563104;21.4188106255849;9.82710229401588;-999;-999
2016;4;8;1;-999;-999;72.4594995145517;20.3384626726786;9.49974497946103;-999;-999
2016;4;8;2;-999;-999;68.9025118765974;19.4346266516368;10.8502478122075;-999;-999
2016;4;8;3;-999;-999;66.7398494532287;19.2196339488983;11.4971170551618;-999;-999
2016;4;8;4;-999;-999;69.1022719037901;17.9303346646627;11.5234224677245;-999;-999
2016;4;8;5;-999;-999;70.6997802000109;16.8101927152634;11.5929552147865;-999;-999
2016;4;8;6;-999;-999;72.8462076503265;17.0789006656647;11.8989296613852;-999;-999
2016;4;8;7;-999;-999;68.7654460453718;17.4763152852376;12.2282867963632;-999;-999
2016;4;8;8;-999;-999;68.1506246861643;18.8043580130259;11.6820245968342;-999;-999
2016;4;8;9;-999;-999;68.2496878079552;16.4239413964589;10.5871928503513;-999;-999
2016;4;8;10;-999;-999;60.2950213887682;14.530902612559;11.1409927916686;-999;-999
2016;4;8;11;-999;-999;59.8310587996122;12.9287673699061;10.360442520539;-999;-999
2016;4;8;12;-999;-999;53.4153698660055;13.1608333082835;10.3389058303992;-999;-999
2016;4;8;13;-999;-999;42.8891064846114;14.6912607508341;12.1578311748823;-999;-999
2016;4;8;14;-999;-999;42.4705628490446;14.6470013188044;12.6602507951895;-999;-999
2016;4;8;15;-999;-999;50.6698899941228;12.5313526626587;10.1626128151417;-999;-999
2016;4;8;16;-999;-999;48.5040958662189;12.4407326676687;10.0949261396726;-999;-999
2016;4;8;17;-999;-999;37.4156259021683;13.3550753453573;10.886091051054;-999;-999
2016;4;8;18;-999;-999;51.9233457372721;12.0645940215429;9.67034614847501;-999;-999
2016;4;8;19;-999;-999;52.7915636600595;13.7654919619242;11.4755802916686;-999;-999
2016;4;8;20;-999;-999;39.7157397652265;18.9312260861715;15.7846058157285;-999;-999
2016;4;8;21;-999;-999;-999;13.7289813613892;11.8646248497645;-999;-999
2016;4;8;22;-999;-999;-999;13.3800286361059;11.4049707893213;-999;-999
2016;4;8;23;-999;-999;-999;11.6128073724111;9.3949845316887;-999;-999
2016;4;9;0;-999;-999;-999;10.5215586411158;8.08032482042313;-999;-999
2016;4;9;1;-999;-999;-999;11.0472859709422;8.4024518433094;-999;-999
2016;4;9;2;-999;-999;-999;13.5939706230799;10.2415293755849;-999;-999
2016;4;9;3;-999;-999;-999;19.04693060805;14.9088327323914;-999;-999
2016;4;9;4;-999;-999;-999;16.6126672571818;12.188751546367;-999;-999
2016;4;9;5;-999;-999;-999;16.2898500250499;12.0976823292255;-999;-999
2016;4;9;6;-999;-999;-999;19.9656074225108;16.0221245933056;-999;-999
2016;4;9;7;-999;-999;-999;19.217401381429;15.2489581977685;-999;-999
2016;4;9;8;-999;-999;-999;12.5647113663991;9.69942068309784;-999;-999
2016;4;9;9;-999;-999;-999;12.4673933433533;9.49020731455485;-999;-999
2016;4;9;10;-999;-999;-999;11.3527672571818;8.3441490105629;-999;-999
2016;4;9;11;-999;-999;-999;10.723024001503;7.75819779753684;-999;-999
2016;4;9;12;-999;-999;-999;10.4707327052434;7.79742530047099;-999;-999
2016;4;9;13;-999;-999;-999;-999;-999;-999;-999
2016;4;9;14;-999;-999;-999;-999;-999;-999;-999
2016;4;9;15;-999;-999;-999;-999;-999;-999;-999
2016;4;9;16;-999;-999;-999;-999;-999;-999;-999
2016;4;9;17;-999;-999;-999;-999;-999;-999;-999
2016;4;9;18;-999;-999;-999;-999;-999;-999;-999
2016;4;9;19;-999;-999;-999;-999;-999;-999;-999
2016;4;9;20;-999;-999;-999;-999;-999;-999;-999
2016;4;9;21;-999;-999;-999;-999;-999;-999;-999
2016;4;9;22;-999;-999;-999;-999;-999;-999;-999
2016;4;9;23;-999;-999;-999;-999;-999;-999;-999
2016;4;10;0;-999;-999;-999;-999;-999;-999;-999
2016;4;10;1;-999;-999;-999;-999;-999;-999;-999
2016;4;10;2;-999;-999;-999;-999;-999;-999;-999
2016;4;10;3;-999;-999;-999;-999;-999;-999;-999
2016;4;10;4;-999;-999;-999;-999;-999;-999;-999
2016;4;10;5;-999;-999;-999;-999;-999;-999;-999
2016;4;10;6;-999;-999;-999;-999;-999;-999;-999
2016;4;10;7;-999;-999;-999;-999;-999;-999;-999
2016;4;10;8;-999;-999;-999;-999;-999;-999;-999
2016;4;10;9;-999;-999;-999;-999;-999;-999;-999
2016;4;10;10;-999;-999;-999;-999;-999;-999;-999
2016;4;10;11;-999;-999;-999;-999;-999;-999;-999
2016;4;10;12;-999;-999;-999;-999;-999;-999;-999
2016;4;10;13;-999;-999;-999;-999;-999;-999;-999
2016;4;10;14;-999;-999;-999;-999;-999;-999;-999
2016;4;10;15;-999;-999;-999;-999;-999;-999;-999
2016;4;10;16;-999;-999;-999;-999;-999;-999;-999
2016;4;10;17;-999;-999;-999;-999;-999;-999;-999
2016;4;10;18;-999;-999;-999;-999;-999;-999;-999
2016;4;10;19;-999;-999;-999;-999;-999;-999;-999
2016;4;10;20;-999;-999;-999;-999;-999;-999;-999
2016;4;10;21;-999;-999;-999;-999;-999;-999;-999
2016;4;10;22;-999;-999;-999;-999;-999;-999;-999
2016;4;10;23;-999;-999;-999;-999;-999;-999;-999
2016;4;11;0;-999;-999;-999;-999;-999;-999;-999
2016;4;11;1;-999;-999;-999;-999;-999;-999;-999
2016;4;11;2;-999;-999;-999;-999;-999;-999;-999
2016;4;11;3;-999;-999;-999;-999;-999;-999;-999
2016;4;11;4;-999;-999;-999;-999;-999;-999;-999
2016;4;11;5;-999;-999;-999;-999;-999;-999;-999
2016;4;11;6;-999;-999;-999;-999;-999;-999;-999
2016;4;11;7;-999;-999;-999;-999;-999;-999;-999
2016;4;11;8;-999;-999;-999;-999;-999;-999;-999
2016;4;11;9;-999;-999;-999;-999;-999;-999;-999
2016;4;11;10;-999;-999;62.5173099600882;14.70899061807;12.5416453239441;-999;-999
2016;4;11;11;-999;-999;59.6847298124515;14.5010900150299;11.7623256596247;-999;-999
2016;4;11;12;-999;-999;60.6982526288762;15.1790326300939;12.1135271584511;-999;-999
2016;4;11;13;-999;-999;61.2995680564757;15.0572867869059;11.2646748350938;-999;-999
2016;4;11;14;-999;-999;66.4522922979848;13.7997699574153;9.45051833039919;-999;-999
2016;4;11;15;-999;-999;70.8077977988454;13.060494612058;8.10863014143308;-999;-999
2016;4;11;16;-999;-999;73.5478523055921;12.7515986811956;7.48714348063469;-999;-999
2016;4;11;17;-999;-999;76.0358301480142;13.4635567192713;8.25200283274651;-999;-999
2016;4;11;18;-999;-999;86.8422556541873;14.3403380430857;9.14392850704193;-999;-999
2016;4;11;19;-999;-999;89.5588306518313;10.5404706418673;5.2196401971817;-999;-999
2016;4;11;20;-999;-999;99.2593655249023;8.60067734861374;4.27095000733535;-999;-999
2016;4;11;21;-999;-999;97.1183319913171;9.07833667418162;4.70060649002393;-999;-999
2016;4;11;22;-999;-999;95.2084537850694;9.8710646446228;5.4025480064551;-999;-999
2016;4;11;23;-999;-999;95.8187622160692;10.4966053253174;5.99803678902785;-999;-999
2016;4;12;0;-999;-999;92.4953522423963;9.84689925918579;5.25317586120764;-999;-999
2016;4;12;1;-999;-999;94.6750275025397;11.3418666791916;6.93365119102001;-999;-999
2016;4;12;2;-999;-999;93.1724273301774;14.2141267518361;9.65988541843096;-999;-999
2016;4;12;3;-999;-999;92.0728936746339;14.0866019719442;9.49666833039919;-999;-999
2016;4;12;4;-999;-999;96.1739666286283;15.7480999499003;10.7425644495328;-999;-999
2016;4;12;5;-999;-999;92.4055069460783;14.8555586661657;9.96524467899005;-999;-999
2016;4;12;6;-999;-999;92.1697309608485;13.5683606381098;8.85041456689835;-999;-999
2016;4;12;7;-999;-999;84.910752232488;12.7363640290578;7.96233469659487;-999;-999
2016;4;12;8;-999;-999;67.0086525847647;12.1560020345688;7.31054287235737;-999;-999
2016;4;12;9;-999;-999;63.4538610079026;13.3642686887105;7.37546052112579;-999;-999
2016;4;12;10;-999;-999;69.4036503709317;10.9837206356049;4.35848118955294;-999;-999
2016;4;12;11;-999;-999;87.9678644429315;10.4376366992315;2.97290434624354;-999;-999
2016;4;12;12;-999;-999;84.4333989476592;10.5219527002335;2.66646833406687;-999;-999
2016;4;12;13;-999;-999;89.6102428190837;10.4175426651637;2.00236982922554;-999;-999
2016;4;12;14;-999;-999;97.8529991038655;9.81853131128947;1.88914851584435;-999;-999
2016;4;12;15;-999;-999;100.922812585794;9.44068533658982;2.14635783494711;-999;-999
2016;4;12;16;-999;-999;106.725208619613;10.0647813613892;2.33726498826345;-999;-999
2016;4;12;17;-999;-999;110.186379916551;9.82916927922567;2.55140098210176;-999;-999
2016;4;12;18;-999;-999;112.104953487691;7.90053933684031;1.65747548371553;-999;-999
2016;4;12;19;-999;-999;108.83637602618;8.72386802930832;2.06159567943017;-999;-999
2016;4;12;20;-999;-999;106.404418666896;9.08017533283234;2.64308567136129;-999;-999
2016;4;12;21;-999;-999;104.837904188177;9.47903471476237;2.92829265610377;-999;-999
2016;4;12;22;-999;-999;109.465532288013;10.2569220295588;4.10911735563278;-999;-999
2016;4;12;23;-999;-999;109.186906125307;13.4577779203415;7.71543213497797;-999;-999
2016;4;13;0;-999;-999;110.650682584711;16.0070892992655;10.3735183450699;-999;-999
2016;4;13;1;-999;-999;106.5725450345;14.4149353553772;8.8753355064551;-999;-999
2016;4;13;2;-999;-999;110.708734864692;13.5608746922175;6.93365115434329;-999;-999
2016;4;13;3;-999;-999;110.256551827751;12.6042426776886;5.81851326584816;-999;-999
2016;4;13;4;-999;-999;105.576159525449;12.2617253203074;5.59683950088024;-999;-999
2016;4;13;5;-999;-999;101.220252094407;12.0284773548762;5.85866380457878;-999;-999
2016;4;13;6;-999;-999;104.788985199919;12.4529466716766;5.60745400909583;-999;-999
2016;4;13;7;-999;-999;98.5032675220007;12.4733033157984;5.21625585974058;-999;-999
2016;4;13;8;-999;-999;91.3199213379456;12.252006619072;5.7263671907266;-999;-999
2016;4;13;9;-999;-999;85.4100502740696;13.8329972997665;6.0574164724191;-999;-999
2016;4;13;10;-999;-999;83.185157616004;14.4974126852035;5.81835944366455;-999;-999
2016;4;13;11;-999;-999;81.9911398537257;16.8746773674011;5.74390418133736;-999;-999
2016;4;13;12;-999;-999;89.9375409287909;17.4584539438883;5.64498932130337;-999;-999
2016;4;13;13;-999;-999;91.3030775432876;16.6658572722117;4.8930519935449;-999;-999
2016;4;13;14;-999;-999;91.0512190987702;18.5439240891775;5.40562459683418;-999;-999
2016;4;13;15;-999;-999;94.8931505448121;21.5625888836302;6.77323484367338;-999;-999
2016;4;13;16;-999;-999;97.6446049964815;24.2335013772372;7.64610637870328;-999;-999
2016;4;13;17;-999;-999;96.8118190335649;24.373561276452;7.90991667044365;-999;-999
2016;4;13;18;-999;-999;95.4586604518929;-999;-999;-999;-999
2016;4;13;19;-999;-999;97.5309547312582;26.4368655291337;9.50134248781204;-999;-999
2016;4;13;20;-999;-999;95.621719161555;28.4557820771535;10.3989009125551;-999;-999
2016;4;13;21;-999;-999;96.3808173220344;26.0484420871735;9.85433083039919;-999;-999
2016;4;13;22;-999;-999;97.3527829730887;25.4028071970622;9.80556573591232;-999;-999
2016;4;13;23;-999;-999;103.109021555378;27.3614537588975;9.7077382934669;-999;-999
2016;4;14;0;-999;-999;103.013081649026;27.0063873774211;9.58973757335345;-999;-999
2016;4;14;1;-999;-999;102.810707207904;24.6628871962114;9.91400413764607;-999;-999
2016;4;14;2;-999;-999;99.482103604622;24.3058490858915;10.0443959519403;-999;-999
2016;4;14;3;-999;-999;94.3506290755614;20.7901849538695;9.49600077996164;-999;-999
2016;4;14;4;-999;-999;79.9317285337233;11.6306686605295;5.70959937705199;-999;-999
2016;4;14;5;-999;-999;79.1531974451833;5.09630999749502;1.5256403474172;-999;-999
2016;4;14;6;-999;-999;73.8997646680914;10.4361920370738;5.78297781807581;-999;-999
2016;4;14;7;-999;-999;72.5566039288546;9.40890270649592;5.14349264876842;-999;-999
2016;4;14;8;-999;-999;64.2364022683958;9.20664934059779;5.29071112206777;-999;-999
2016;4;14;9;-999;-999;42.4424716218776;11.7367860085169;7.33546386326154;-999;-999
2016;4;14;10;-999;-999;52.1762415408012;7.4809293393453;3.58408413952589;-999;-999
2016;4;14;11;-999;-999;49.3595711289663;8.18161145567894;4.12607200578281;-999;-999
2016;4;14;12;-999;-999;50.2947028110367;4.90206801052094;1.41749549985329;-999;-999
2016;4;14;13;-999;-999;50.0154845748757;3.9411020157814;0.534338328198593;-999;-999
2016;4;14;14;-999;-999;45.1439590081282;4.49472541290219;0.905441699092671;-999;-999
2016;4;14;15;-999;-999;45.4604671047471;4.46091933245659;0.850773515844346;-999;-999
2016;4;14;16;-999;-999;43.5384413081492;5.11101933558782;1.25750882438421;-999;-999
2016;4;14;17;-999;-999;41.1339752905779;5.65342599849701;1.66762848870357;-999;-999
2016;4;14;18;-999;-999;45.2951149590052;6.5053853553772;2.34849486956994;-999;-999
2016;4;14;19;-999;-999;50.32516888043;8.49298398647308;4.13957634125551;-999;-999
2016;4;14;20;-999;-999;51.0088310471973;7.53464464963277;3.2721101546367;-999;-999
2016;4;14;21;-999;-999;53.8901241319679;7.23546731980642;3.04720586707592;-999;-999
2016;4;14;22;-999;-999;46.7553362105579;12.8110927027384;7.27177686531544;-999;-999
2016;4;14;23;-999;-999;44.5421084130863;9.41468128623962;4.88274518837929;-999;-999
2016;4;15;0;-999;-999;45.4546892511466;11.7165606255849;6.88827033861478;-999;-999
2016;4;15;1;-999;-999;34.5028830577354;14.0074079629262;8.60889619248708;-999;-999
2016;4;15;2;-999;-999;35.5071325321128;12.8804366741816;8.27000130457878;-999;-999
2016;4;15;3;-999;-999;28.9215807679195;14.0617800175349;9.31822161385218;-999;-999
2016;4;15;4;-999;-999;29.0305333343486;12.6594026501338;8.29953730575244;-999;-999
2016;4;15;5;-999;-999;33.1462748176771;10.3508253578822;6.09510569483439;-999;-999
2016;4;15;6;-999;-999;26.5968023971924;10.5113146634102;6.25309251320362;-999;-999
2016;4;15;7;-999;-999;22.4480636907457;10.4335653228124;6.36169883098602;-999;-999
2016;4;15;8;-999;-999;9.6653254908524;13.434137992986;9.036860440437;-999;-999
2016;4;15;9;-999;-999;9.85333772445015;16.7272901664346;11.2657256123171;-999;-999
2016;4;15;10;-999;-999;24.8443969749831;11.5538387463252;7.31485012089411;-999;-999
2016;4;15;11;-999;-999;34.7254359692827;11.5607993343353;5.72744396435023;-999;-999
2016;4;15;12;-999;-999;52.3392836950174;7.67018067067464;1.00229933303992;-999;-999
2016;4;15;13;-999;-999;59.1600129961493;8.36151933558782;1.34411700014671;-999;-999
2016;4;15;14;-999;-999;-999;-999;-999;-999;-999
2016;4;15;15;-999;-999;89.5787932058834;8.47024063886445;0.775962759303636;-999;-999
2016;4;15;16;-999;-999;94.3155745108471;6.71381826829074;0.405685099687493;2.03908955450024;-999
2016;4;15;17;-999;-999;97.4874484898237;5.75707518899852;0.284226552786498;1.95651538800056;-999
2016;4;15;18;-999;-999;102.156216760104;5.89652396392822;0.93030533751448;1.9501393120807;-999
2016;4;15;19;-999;-999;104.516492954723;6.47451507822672;1.2355754331915;2.09828943692684;-999
2016;4;15;20;-999;-999;101.279073997532;6.8758209993718;1.93169252267934;2.22558313054703;-999
2016;4;15;21;-999;-999;104.392722889794;7.47501934811274;2.4854064936916;2.11406041951149;-999
2016;4;15;22;-999;-999;101.92370133505;7.61670033980252;2.8807824607732;1.93314628237663;-999
2016;4;15;23;-999;-999;97.8909512842891;7.60371932356236;2.86626918894558;2.26052493543604;-999
2016;4;16;0;-999;-999;106.826799327956;7.144408816871;2.37660984900846;2.32694797282783;-999
2016;4;16;1;-999;-999;110.037799513895;6.67801263237;1.90094507320304;2.26395428107173;-999
2016;4;16;2;-999;-999;111.164004166253;5.97132965854119;1.31289413307453;2.28727295566466;-999
2016;4;16;3;-999;-999;109.387072013434;5.8778371259485;1.41508911295874;2.20693132864335;-999
2016;4;16;4;-999;-999;107.355258644667;5.83387798922857;1.36780733656089;1.95788957104749;-999
2016;4;16;5;-999;-999;98.0926949094949;5.65158733984629;1.21674298591614;2.07582720194829;-999
2016;4;16;6;-999;-999;95.1676183637104;6.47636066315969;1.76146683157285;2.04603514808138;-999
2016;4;16;7;-999;-999;84.042113386795;6.86326865739822;2.31342083700101;2.07499549333648;-999
2016;4;16;8;-999;-999;75.6641048781606;8.08046598847707;3.0059784850359;2.08096583159183;-999
2016;4;16;9;-999;-999;77.3224398638594;8.62930802555084;3.57731549765269;2.15548159712969;-999
2016;4;16;10;-999;-999;74.863033421218;10.139116001002;4.67906984389623;2.21807808486536;-999
2016;4;16;11;-999;-999;78.9676251070709;10.22028000501;4.94520149882635;2.12910615982462;-999
2016;4;16;12;-999;-999;79.6062998036398;8.8574339676857;2.73261667400201;2.16828656553901;-999
2016;4;16;13;-999;-999;88.002037548342;8.51806868871053;1.62332451628447;2.36244603389586;-999
2016;4;16;14;-999;-999;98.2453109391022;10.9518066816966;2.96675099677245;2.44931520469497;-999
2016;4;16;15;-999;-999;98.5646831673497;9.40023461456299;1.32411867488225;2.30158577992591;-999
2016;4;16;16;-999;-999;98.7667930901778;10.1401444062702;1.69499779377549;2.27392190245115;-999
2016;4;16;17;-999;-999;101.137085001774;6.94430136890411;1.02891250733535;1.90520772986525;-999
2016;4;16;18;-999;-999;103.201115660305;7.83878371633109;1.66402256907851;1.92267486150216;-999
2016;4;16;19;-999;-999;101.968152434616;8.21902266391118;2.43787200234731;2.34080604429087;-999
2016;4;16;20;-999;-999;101.315964281094;8.79518200200399;3.23103666813374;2.1662440524466;-999
2016;4;16;21;-999;-999;102.417605685229;9.29884534034729;3.6994591651996;2.31954131016194;-999
2016;4;16;22;-999;-999;100.429231969522;9.25287869246801;3.83575550058683;2.19947768175912;-999
2016;4;16;23;-999;-999;101.823081860798;9.37605151166754;4.15972068184513;2.22503757624575;-999
2016;4;17;0;-999;-999;102.757998105668;9.64188799298604;4.46908732775847;2.20120319350705;-999
2016;4;17;1;-999;-999;108.068410988545;9.75255526035115;4.62638323048414;2.34556482100165;-999
2016;4;17;2;-999;-999;108.889361163604;9.93660004405318;4.36468225139585;2.5150515350137;-999
2016;4;17;3;-999;-999;109.458044732391;11.0482142846706;4.49685033838628;2.49632938201317;-999
2016;4;17;4;-999;-999;109.640296352108;11.6204246671677;4.82459617781639;2.29790978216797;-999
2016;4;17;5;-999;-999;111.030240029495;11.7589813112895;5.06457619102001;2.43205733566622;-999
2016;4;17;6;-999;-999;110.25488955561;13.1301013438543;5.50623167693615;2.63008201681022;-999
2016;4;17;7;-999;-999;105.512448210193;14.0713673198064;6.11525782394409;2.56409261149065;-999
2016;4;17;8;-999;-999;91.9503058691551;14.7865992706844;6.67585951049839;2.5368534780389;-999
2016;4;17;9;-999;-999;85.2635153817345;15.9744311450676;7.19754373108899;2.35034830276325;-999
2016;4;17;10;-999;-999;86.1207671332229;16.3265074250464;7.2869881697075;2.37207913293654;-999
2016;4;17;11;-999;-999;90.297526521615;16.9079192971124;7.30283408255047;2.41893530175903;-999
2016;4;17;12;-999;-999;91.9701828801085;16.6344514364566;7.51799429976265;2.1510852920573;-999
2016;4;17;13;-999;-999;91.9999674319743;16.4463554943226;7.650497483695;2.20603207740615;-999
2016;4;17;14;-999;-999;87.0168787816311;17.8257407687378;8.24483415563584;2.1902862632795;-999
2016;4;17;15;-999;-999;89.6199158304053;17.0247476009793;8.18836714553834;2.20179588943612;-999
2016;4;17;16;-999;-999;86.5814072637103;16.6652279222596;7.96782623505143;2.2814447340357;-999
2016;4;17;17;-999;-999;90.1967543607575;15.991119261322;7.09680681619644;2.34193073700763;-999
2016;4;17;18;-999;-999;94.8571666169912;14.8090666843489;5.70666742543613;2.33172205158251;-999
2016;4;17;19;-999;-999;94.2995737173292;16.1909850404527;6.69091926447551;2.15158593966035;-999
2016;4;17;20;-999;-999;97.9732994313172;18.341163461751;8.02469551602726;2.23762566961864;-999
2016;4;17;21;-999;-999;101.171704243563;19.4023770548503;9.1072990447327;2.2248603395149;-999
2016;4;17;22;-999;-999;102.986646818888;18.1173812471755;8.75201674333532;2.22657502215992;-999
2016;4;17;23;-999;-999;103.12753327108;18.3346312432861;8.5566235795784;2.02215572988311;-999
2016;4;18;0;-999;-999;104.201774643864;18.3575152185731;8.27254616674327;2.18315591294325;-999
2016;4;18;1;-999;-999;102.307886260315;18.7382787431989;7.73994663669382;2.16783451691579;-999
2016;4;18;2;-999;-999;106.59173840682;18.1566293670366;7.62875431039198;2.48812975374042;-999
2016;4;18;3;-999;-999;104.075048980735;19.0946753811469;8.2918576002121;2.42084845379929;-999
2016;4;18;4;-999;-999;102.707330753003;18.7262725403349;8.11000419253009;2.29180879433478;-999
2016;4;18;5;-999;-999;100.952132068601;18.4691952902476;7.95925795950889;2.50733712527034;-999
2016;4;18;6;-999;-999;97.9218184954891;18.3907892742157;8.03340560681025;2.33272157267106;-999
2016;4;18;7;-999;-999;90.1386048592413;17.3610045845032;7.90418575938543;2.41706815284494;-999
2016;4;18;8;-999;-999;64.5043755287488;19.6812704853058;12.3387391637325;2.20837330043089;-999
2016;4;18;9;-999;-999;53.1997288518683;14.8300799799601;7.52283283861478;1.91065423985486;-999
2016;4;18;10;-999;-999;58.7759975972568;12.3954226576487;5.11303364847501;2.17346880257171;-999
2016;4;18;11;-999;-999;59.1250862337354;9.88275334084829;3.77899101437728;2.173905951874;-999
2016;4;18;12;-999;-999;59.002073959177;11.0484679666837;4.34955885005792;2.27060634270377;-999
2016;4;18;13;-999;-999;67.3268684226304;10.3281046784401;3.60223649589221;1.99034125443504;-999
2016;4;18;14;-999;-999;71.7467503092048;8.87385066566467;3.25272718045712;1.9916280883285;-999
2016;4;18;15;-999;-999;69.2799367920485;9.12666733233134;3.68469114260674;1.99802738549009;-999
2016;4;18;16;-999;-999;68.8670165885294;10.3069599724452;5.42685362793605;2.1339181654193;-999
2016;4;18;17;-999;-999;69.3812748187292;10.3722326801936;5.35809015316963;1.72414712553494;-999
2016;4;18;18;-999;-999;61.4095643393815;10.2248766704241;5.38393417987029;2.34351947925599;-999
2016;4;18;19;-999;-999;51.4130325033505;6.9471906932195;3.3433350190719;2.55651935931457;-999
2016;4;18;20;-999;-999;51.0786656591201;6.07421798547109;2.90444851584434;2.02107548179252;-999
2016;4;18;21;-999;-999;51.5217712936349;6.06896465714773;3.09766315228939;1.84131977640905;-999
2016;4;18;22;-999;-999;48.9457149717972;7.68278866491318;4.97396834506988;2.94080560418595;-999
2016;4;18;23;-999;-999;51.8175925352262;7.21471666666667;4.46370317722956;3.09290115250154;-999
2016;4;19;0;-999;-999;51.4422648452855;7.14327132631938;4.31848448767662;3.50060107870224;-999
2016;4;19;1;-999;-999;56.4222101912622;6.50105135011673;3.78452903843721;3.97518717207606;-999
2016;4;19;2;-999;-999;55.5334799246458;6.37707267017365;3.60485167106787;3.26037820869427;-999
2016;4;19;3;-999;-999;47.3871431350929;6.19937867368062;3.43794249853293;3.89951749350991;-999
2016;4;19;4;-999;-999;48.7371646587094;5.71482207077947;2.97811347923608;2.63109602930273;-999
2016;4;19;5;-999;-999;53.7976856170759;7.22520070546249;4.57760877458803;2.91108792077835;-999
2016;4;19;6;-999;-999;69.4462505695343;8.97064325567881;6.5198394935449;-999;-999
2016;4;19;7;-999;-999;71.1011462843164;11.3704973122915;9.18654034741719;-999;-999
2016;4;19;8;-999;-999;72.8985174188917;15.8217780706406;13.7636973028183;-999;-999
2016;4;19;9;-999;-999;72.18971078168;17.6366734235128;15.6963054565748;-999;-999
2016;4;19;10;-999;-999;74.2728133830765;16.3375239138285;14.0887473286311;-999;-999
2016;4;19;11;-999;-999;66.9965391140433;16.8191233233134;13.7732349383831;-999;-999
2016;4;19;12;-999;-999;72.9692230148696;15.9473326551437;12.4339620492935;-999;-999
2016;4;19;13;-999;-999;75.8236445803005;15.7716087037404;12.3762745052814;-999;-999
2016;4;19;14;-999;-999;64.9420921805652;16.7810367869059;13.2851218374411;-999;-999
2016;4;19;15;-999;-999;61.3904847780005;16.4190819894791;12.8782326590379;-999;-999
2016;4;19;16;-999;-999;61.1649117813589;16.0661893117905;12.3198177294572;-999;-999
2016;4;19;17;-999;-999;55.7485480470915;16.6170013313294;13.266969602108;-999;-999
2016;4;19;18;-999;-999;62.7203621817267;19.0362925649643;15.9633601473014;-999;-999
2016;4;19;19;-999;-999;67.4880388585336;16.7166833082835;13.163285762914;-999;-999
2016;4;19;20;-999;-999;63.6342625625969;21.4270846396128;18.5629896877925;-999;-999
2016;4;19;21;-999;-999;49.2283368233756;22.6476966466268;20.6475853380203;-999;-999
2016;4;19;22;-999;-999;-999;24.0878980781555;22.4314364812215;-999;-999
2016;4;19;23;-999;-999;-999;18.5376198822657;16.1371918609142;-999;-999
2016;4;20;0;-999;-999;-999;11.9492833208084;8.61566487470468;-999;-999
2016;4;20;1;-999;-999;-999;8.98364530903499;5.63422101291021;-999;-999
2016;4;20;2;-999;-999;-999;9.7481366616567;6.28816647975445;-999;-999
2016;4;20;3;-999;-999;-999;11.850651996994;8.5449015721798;-999;-999
2016;4;20;4;-999;-999;-999;12.0501473373413;8.82933932863872;-999;-999
2016;4;20;5;-999;-999;-999;12.3817639914831;9.34514246185621;-999;-999
2016;4;20;6;-999;-999;-999;13.9223040566127;10.8254806068102;-999;-999
2016;4;20;7;-999;-999;-999;14.4387065940221;11.7660177147865;-999;-999
2016;4;20;8;-999;-999;-999;14.5571693293254;11.2660593080997;-999;-999
2016;4;20;9;-999;-999;-999;15.0559733608882;12.1304488603274;-999;-999
2016;4;20;10;-999;-999;-999;14.2181979153315;10.6861076443672;-999;-999
2016;4;20;11;-999;-999;-999;16.5945433433533;11.1194562042236;-999;-999
2016;4;20;12;-999;-999;73.7780914324773;14.0837314833232;10.3795618089778;2.09221163169077;-999
2016;4;20;13;-999;-999;78.6943256212904;14.0322300175349;10.4427433010578;1.85313651441747;-999
2016;4;20;14;-999;-999;78.5805387898765;13.3971020345688;9.75926186971665;1.77899514330632;-999
2016;4;20;15;-999;-999;81.2661887089461;12.2015746796926;8.34814863673845;1.68823224325921;-999
2016;4;20;16;-999;-999;81.424394249291;11.3431799799601;7.42484091901779;1.8045787590843;-999
2016;4;20;17;-999;-999;88.9575867241518;11.8221526751836;7.79034893720945;1.62559975805599;-999
2016;4;20;18;-999;-999;96.6379798284831;12.4487439714432;8.32399689612389;1.95630787519814;-999
2016;4;20;19;-999;-999;104.723121413716;13.4098412461599;9.09900918720563;1.92477956640078;-999
2016;4;20;20;-999;-999;99.6019419063083;14.7381467217763;10.3825945140839;1.79352790180692;-999
2016;4;20;21;-999;-999;97.0197109965963;15.934067997996;11.8155519788742;1.6401127365533;-999
2016;4;20;22;-999;-999;97.4060549215027;15.4607426902135;11.543882402579;1.62775992199604;-999
2016;4;20;23;-999;-999;91.7368828577605;17.1104205855052;12.9920692904949;1.8250873656702;-999
2016;4;21;0;-999;-999;90.993305237521;17.5204433684031;13.7406224055131;1.97596463567367;-999
2016;4;21;1;-999;-999;90.8399115207441;17.7204641042074;13.9233763779322;1.82339793641746;-999
2016;4;21;2;-999;-999;82.5382800561915;19.9099220170339;16.5319281185468;2.657358375153;-999
2016;4;21;3;-999;-999;83.4815623587301;21.1546992842356;17.0148110011737;1.97652500289726;-999
2016;4;21;4;-999;-999;85.1040183775516;19.6384560911814;15.4864767406146;1.98324622870019;-999
2016;4;21;5;-999;-999;81.2550663749683;18.774282617569;14.8148404683113;2.07659442784017;-999
2016;4;21;6;-999;-999;75.0148152724971;19.5747593193054;15.7195344694773;3.37057616917389;-999
2016;4;21;7;-999;-999;58.9052757175421;20.3429279579163;16.6660707453092;4.0154544121912;-999
2016;4;21;8;-999;-999;44.5026578240192;20.898336611557;17.4826182241758;2.23261933212202;-999
2016;4;21;9;-999;-999;57.562346653957;21.3057325925191;18.0825681361516;2.39502079867769;-999
2016;4;21;10;-999;-999;70.7001361398174;16.8321252952576;13.1555941989422;1.95133316578971;-999
2016;4;21;11;-999;-999;83.9156877626469;14.9850533157984;10.5655023086866;1.87078534106161;-999
2016;4;21;12;-999;-999;88.2207992795863;15.458903993988;9.47067054753304;1.76551386313668;-999
2016;4;21;13;-999;-999;95.3190658299807;13.6698812862396;7.54129283568064;1.64404320635127;-999
2016;4;21;14;-999;-999;99.2575475302922;12.1481220420837;6.58152663439115;1.6500171513311;-999
2016;4;21;15;-999;-999;106.643971358789;11.7835406932195;6.59752531514168;1.95521394152156;-999
2016;4;21;16;-999;-999;109.820250534191;11.1326527002335;6.36246797124545;1.97994514963949;-999
2016;4;21;17;-999;-999;106.14326829376;11.3761446746826;5.90850586707592;1.94329616636569;-999
2016;4;21;18;-999;-999;102.166400986779;11.372729992485;5.55192015903791;1.82821609180616;-999
2016;4;21;19;-999;-999;105.4964010959;11.9404840616226;6.30293450234731;1.92285325259007;-999
2016;4;21;20;-999;-999;105.036300586817;12.3498499749502;7.03902696420352;2.0724802148903;-999
2016;4;21;21;-999;-999;101.915725931915;12.4164360460917;6.878425;2.04989870858516;-999
2016;4;21;22;-999;-999;100.112584606907;13.5854339238485;7.41868766490618;2.35980773743958;-999
2016;4;21;23;-999;-999;97.9722009236765;13.7597133759181;7.95818114554088;2.56826955919454;-999
2016;4;22;0;-999;-999;96.7225667855802;13.3264447122574;7.38115232335727;2.51755605501488;-999
2016;4;22;1;-999;-999;95.4532597980545;13.0444719669342;7.46114566842715;2.4442496322655;-999
2016;4;22;2;-999;-999;95.910757549398;11.8556427277883;7.0424113603274;2.29591472417873;-999
2016;4;22;3;-999;-999;99.1859098399782;12.6177700576146;8.22262066842715;2.11560528357183;-999
2016;4;22;4;-999;-999;97.2211269441731;14.0219859333674;9.59850598063469;2.12669955720106;-999
2016;4;22;5;-999;-999;98.4664007182331;15.048093393453;10.5970381596247;2.2418105467669;-999
2016;4;22;6;-999;-999;97.7257079303408;16.6151626977285;12.245516127936;2.35095591569225;-999
2016;4;22;7;-999;-999;79.4343387303404;15.6425080380758;11.3069790017605;2.54365933040499;-999
2016;4;22;8;-999;-999;65.1527271957779;16.1329067317963;11.8367809953054;2.5931256488416;-999
2016;4;22;9;-999;-999;67.5572233908117;18.8567598847707;13.0631403474172;2.82590856660425;-999
2016;4;22;10;-999;-999;72.9900731748356;17.5941213764191;11.8750854917844;2.62129196779284;-999
2016;4;22;11;-999;-999;76.7298494565439;15.6271420495987;9.86602215258281;2.65328133199877;-999
2016;4;22;12;-999;-999;93.5276030126017;16.5385953278224;11.3002102828662;2.84215934326684;-999
2016;4;22;13;-999;-999;94.7035392634402;14.4107327302933;9.07208830986023;2.43161931622931;-999
2016;4;22;14;-999;-999;105.210738291991;12.3464353303274;7.12717348650296;2.56379677810229;-999
2016;4;22;15;-999;-999;108.139512053371;11.9792273173014;6.72059196713766;2.40222878895433;-999
2016;4;22;16;-999;-999;115.405409728204;11.4147566942215;6.48568844542503;2.26709105710567;-999
2016;4;22;17;-999;-999;122.029629331759;12.9464973122915;7.81834665786425;2.49391908700728;-999
2016;4;22;18;-999;-999;123.643889884077;13.9417413087845;8.41352787675858;2.46664683565727;-999
2016;4;22;19;-999;-999;124.118239396427;16.7591040440877;11.1126874266465;2.73270524377874;-999
2016;4;22;20;-999;-999;119.409241308267;16.1914501807003;10.6247881803513;2.56610910446824;-999
2016;4;22;21;-999;-999;120.027064375861;13.85190938193;8.39106819483439;2.31873922999598;-999
2016;4;22;22;-999;-999;118.321172260093;14.9159720420837;9.56097060974439;2.58054069338637;-999
2016;4;22;23;-999;-999;116.891894160397;16.2416506907145;11.7001770522277;2.49869180197121;-999
2016;4;23;0;-999;-999;115.476042606529;16.2354779328664;11.8273971379121;2.30427921770165;-999
2016;4;23;1;-999;-999;111.830434126799;15.3839126225789;11.1471461338043;2.59849229039738;-999
2016;4;23;2;-999;-999;117.212320811455;12.3572047348023;7.76988911972046;2.39426983085296;-999
2016;4;23;3;-999;-999;115.864629745226;12.9342833458583;8.13832000880242;2.60150662280686;-999
2016;4;23;4;-999;-999;114.028275851653;13.7970119694392;9.11639234096209;2.58233344957343;-999
2016;4;23;5;-999;-999;102.849075863743;13.677892615064;9.4362117816925;2.10436045045889;-999
2016;4;23;6;-999;-999;99.135298190496;13.2304399649302;9.65757804166477;2.48983455753606;-999
2016;4;23;7;-999;-999;87.5264238429568;13.5467084796712;10.1171381534964;2.53547349309634;-999
2016;4;23;8;-999;-999;73.0419480606576;13.9524617015386;10.2349379201501;2.61309316274824;-999
2016;4;23;9;-999;-999;71.9274407354803;13.6808020766953;9.48089384041802;2.74700114186334;-999
2016;4;23;10;-999;-999;81.5906812501487;11.5777136794642;7.0726598196197;2.69499413090814;-999
2016;4;23;11;-999;-999;85.7487428066066;10.7319269690263;5.7919568346927;2.11977215316762;-999
2016;4;23;12;-999;-999;89.1454053175503;11.4404358068767;6.13929634389543;2.14622148759069;-999
2016;4;23;13;-999;-999;93.5546012924517;11.0244945656703;6.25291494989395;2.37863342527494;-999
2016;4;23;14;-999;-999;90.2974667054531;10.8484680390609;6.27952757721616;2.21447102076418;-999
2016;4;23;15;-999;-999;88.0154436517803;9.4592033220609;5.27409718192418;2.26650716236937;-999
2016;4;23;16;-999;-999;92.2050696191469;7.06469817088734;3.4142381866195;2.08912089629778;-999
2016;4;23;17;-999;-999;96.7575812832067;5.3394881406881;2.0554370928336;2.01151856342268;-999
2016;4;23;18;-999;-999;88.5459931489373;6.37304280859964;3.04271230849885;2.12283001609907;-999
2016;4;23;19;-999;-999;92.839909569902;5.76217000281811;2.61103338594096;2.12497268933938;-999
2016;4;23;20;-999;-999;91.7378692402761;5.32204481203803;2.2336662155472;2.10408693016593;-999
2016;4;23;21;-999;-999;91.28058340534;5.70667032202359;2.58742982515796;2.17062448308309;-999
2016;4;23;22;-999;-999;95.659452819185;4.96752542054451;1.92965884056334;2.03246166402779;-999
2016;4;23;23;-999;-999;92.7614614970633;5.18385402045334;2.19419997606361;2.37577589641361;-999
2016;4;24;0;-999;-999;84.9725190062171;6.43552983906395;3.4761984639837;2.34955282085739;-999
2016;4;24;1;-999;-999;77.2730045263915;7.12615723179127;4.16751035696885;-999;-999
2016;4;24;2;-999;-999;65.2577327167025;8.08663861481349;5.42131566989422;-999;-999
2016;4;24;3;-999;-999;77.0122448408336;12.213263388443;9.75449297124545;-999;-999
2016;4;24;4;-999;-999;69.8151166769555;15.0002345548727;12.9748400340161;-999;-999
2016;4;24;5;-999;-999;70.1936687822526;13.1486193293254;11.0851513779322;-999;-999
2016;4;24;6;-999;-999;65.732207679588;10.5857806706746;8.31215166373253;-999;-999
2016;4;24;7;-999;-999;53.5799451949769;5.77556600726445;2.78738129210869;-999;-999
2016;4;24;8;-999;-999;49.6642185932421;2.96122399367491;-0.271748339935144;-999;-999
2016;4;24;9;-999;-999;54.9189931796145;3.47591933715344;0.195904994865258;-999;-999
2016;4;24;10;-999;-999;62.2704259152846;6.85109612769411;3.12999242772554;-999;-999
2016;4;24;11;-999;-999;64.6186617836519;10.5802271369525;6.5949321680069;-999;-999
2016;4;24;12;-999;-999;61.4640714736144;12.2200338070968;7.7751671594258;-999;-999
2016;4;24;13;-999;-999;62.9305264426891;12.2230020308414;7.54650492301229;-999;-999
2016;4;24;14;-999;-999;62.3629531635452;12.2067193435143;7.38496102112737;-999;-999
2016;4;24;15;-999;-999;63.4976834732678;12.0904666541417;7.32715683450699;-999;-999
2016;4;24;16;-999;-999;66.8294039879448;10.5356113288244;6.03434151643117;-999;-999
2016;4;24;17;-999;-999;65.5629416668399;10.1806172884941;5.85343350557486;-999;-999
2016;4;24;18;-999;-999;-999;9.38145398772557;5.59176299471855;-999;-999
2016;4;24;19;-999;-999;-999;6.67086532907486;3.2035005020539;-999;-999
2016;4;24;20;-999;-999;-999;6.77383067067464;3.64700204489231;-999;-999
2016;4;24;21;-999;-999;-999;6.91462000751495;4.03066235709985;-999;-999
2016;4;24;22;-999;-999;-999;7.02191933558782;4.06635167106787;-999;-999
2016;4;24;23;-999;-999;-999;7.31571199448903;4.28110303432941;-999;-999
2016;4;25;0;-999;-999;-999;7.37310467844009;4.3012551927805;-999;-999
2016;4;25;1;-999;-999;-999;6.95402000751495;3.97328247946103;-999;-999
2016;4;25;2;-999;-999;-999;6.47583533658981;3.48040049471855;-999;-999
2016;4;25;3;-999;-999;-999;7.35616268520355;4.48200933010578;-999;-999
2016;4;25;4;-999;-999;-999;7.46871531028748;4.67291650176048;-999;-999
2016;4;25;5;-999;-999;-999;7.68646596342723;4.97919865874449;-999;-999
2016;4;25;6;-999;-999;-999;9.44081667919159;6.77028015610377;-999;-999
2016;4;25;7;-999;-999;-999;8.58426071952184;5.79959180956682;-999;-999
2016;4;25;8;-999;-999;-999;9.00085003757477;5.78836201995214;-999;-999
2016;4;25;9;-999;-999;-999;6.75557534535726;3.64269469366074;-999;-999
2016;4;25;10;-999;-999;68.8577657894427;6.10954666541417;3.04197552405993;2.87833080715438;-999
2016;4;25;11;-999;-999;78.2418567170225;7.00642201077143;3.32225983215968;2.39713597936381;-999
2016;4;25;12;-999;-999;81.6981287088151;6.27042998622259;3.10673930663268;2.07633864593424;-999
2016;4;25;13;-999;-999;84.2522261320113;5.83808066754341;2.43741050278743;2.55799558147846;-999
2016;4;25;14;-999;-999;86.3106527343473;5.58762800175349;2.35187919234037;2.11304706402982;-999
2016;4;25;15;-999;-999;84.7818932401923;5.44999069948196;1.91945369395415;2.16041255459856;-999
2016;4;25;16;-999;-999;86.2125284020846;4.91113001440366;1.3167346525828;2.24873474586409;-999
2016;4;25;17;-999;-999;80.8657302103597;4.91769668107033;1.00676051012278;2.50173868189375;-999
2016;4;25;18;-999;-999;79.5424970195051;4.63756266015371;1.12275083553394;1.99192379602082;-999
2016;4;25;19;-999;-999;81.1003295079024;6.53848133320808;2.82660883171956;2.00899892207072;-999
2016;4;25;20;-999;-999;78.5270125506037;8.42994397770564;4.95504683010578;1.9202663510088;-999
2016;4;25;21;-999;-999;78.7410152238289;7.40698867117564;4.21233950088024;1.84134597942858;-999
2016;4;25;22;-999;-999;76.2909409529587;7.89922601728439;4.41263052259286;1.77522292069616;-999
2016;4;25;23;-999;-999;77.0242488011575;7.17465999749502;3.87113714084625;1.78504280111686;-999
2016;4;26;0;-999;-999;74.6541446074433;8.4526647260348;5.02827150762876;1.83027603184643;-999
2016;4;26;1;-999;-999;74.3920989903103;8.84942270774842;5.40439402670066;1.76329734028726;-999
2016;4;26;2;-999;-999;73.8218699629788;8.72413068946203;5.41070117634932;1.79402482982335;-999
2016;4;26;3;-999;-999;75.7593822270721;7.37862066691717;4.22956880311171;1.86869895901246;-999
2016;4;26;4;-999;-999;70.683128063868;8.40221196067542;5.44963716456765;1.67243769121152;-999
2016;4;26;5;-999;-999;72.0839458736145;8.0703755445642;5.17236119807777;1.92247614720973;-999
2016;4;26;6;-999;-999;65.8925983251974;9.25721267267863;6.26386081426144;2.5795749873535;-999
2016;4;26;7;-999;-999;58.0950314672193;9.67474155117916;7.00427248239517;2.41446110443531;-999
2016;4;26;8;-999;-999;57.7234099027488;10.3585517054864;7.49988263553044;2.04026829081127;-999
2016;4;26;9;-999;-999;58.320295106041;9.86340693290417;6.99699495971203;2.09958863878108;-999
2016;4;26;10;-999;-999;67.163540312783;8.40180588249365;5.10991851269205;2.11538584612403;-999
2016;4;26;11;-999;-999;74.7281931138268;6.18497656804211;2.52822152803529;2.05480496218531;-999
2016;4;26;12;-999;-999;79.4532732143729;-999;-999;2.17386514737535;-999
2016;4;26;13;-999;-999;80.2646677688485;6.39059999149251;2.27831490516213;2.00233891326949;-999
2016;4;26;14;-999;-999;83.0485078329684;6.38888693038277;1.67752065408748;2.1141475371131;-999
2016;4;26;15;-999;-999;92.5457911342163;5.82844646212033;1.0303958843691;2.17176398836299;-999
2016;4;26;16;-999;-999;90.631007069849;5.08922636650978;0.554205743931709;2.23151621769512;-999
2016;4;26;17;-999;-999;93.8509892564865;5.41061453725641;0.700618173815988;2.07961318606968;-999
2016;4;26;18;-999;-999;97.3942743979581;5.20940408009899;1.11994102813273;1.95928593102447;-999
2016;4;26;19;-999;-999;94.9745653989185;5.62108771947714;1.54934251320362;2.29001213965166;-999
2016;4;26;20;-999;-999;94.0692899380974;5.89970516556281;1.93883665998335;2.33397821985059;-999
2016;4;26;21;-999;-999;92.5466201664049;5.66473076923077;1.99877249932289;1.96955370239944;-999
2016;4;26;22;-999;-999;97.4168708731513;4.96341077689024;1.22984247511625;1.88634773897596;-999
2016;4;26;23;-999;-999;96.927340127876;5.06464928276198;1.16868108038817;2.08436757395885;-999
2016;4;27;0;-999;-999;95.1085886141165;5.35606858914239;1.33943606294053;1.80400087206758;-999
2016;4;27;1;-999;-999;97.8457180916176;4.93844732794762;1.04321901569764;1.90557624408685;-999
2016;4;27;2;-999;-999;99.9189047809853;4.57294668107033;0.928766981808345;1.90174394408356;-999
2016;4;27;3;-999;-999;98.2834278047638;4.50622934247653;0.810315321743488;2.06306917001623;-999
2016;4;27;4;-999;-999;96.4407163294808;4.41232599536578;0.739398178696632;1.94657108993083;-999
2016;4;27;5;-999;-999;92.6047762788924;4.65529269960721;0.915383498239517;2.14417513364419;-999
2016;4;27;6;-999;-999;90.0275634015029;4.73829533408483;1.19905217678944;2.0443206033414;-999
2016;4;27;7;-999;-999;87.0824404234718;5.26113331454595;1.91191584213575;2.10194492639049;-999
2016;4;27;8;-999;-999;76.3423849671467;7.77025668169657;2.96475117634932;2.15231634798449;-999
2016;4;27;9;-999;-999;80.4068040979466;7.9305771074295;3.44156857803038;2.19485243396313;-999
2016;4;27;10;-999;-999;82.8267194332294;8.01782000214713;3.72308357677289;2.05828852297977;-999
2016;4;27;11;-999;-999;76.3532780151823;11.947969893225;2.56047718779246;2.14807917732329;-999
2016;4;27;12;-999;-999;77.574267828172;2.61135200638771;-0.512805167106787;2.48782172621378;-999
2016;4;27;13;-999;-999;77.4974553565779;2.08391733781099;-1.03783833278318;1.93725977072281;-999
2016;4;27;14;-999;-999;68.8858237818451;2.29339399962425;-0.842931502860784;1.70978039668674;-999
2016;4;27;15;-999;-999;64.625333485337;3.67423267627955;0.25297716349413;1.80838053801105;-999
2016;4;27;16;-999;-999;61.9984052877001;3.94609266242385;0.479573648199936;1.92832301753478;-999
2016;4;27;17;-999;-999;68.0126117485452;3.10779199793339;-0.133144501247008;1.77296914284558;-999
2016;4;27;18;-999;-999;73.9376698083947;2.34894799361229;-0.716480499669909;1.55871109244955;-999
2016;4;27;19;-999;-999;68.3573229585011;3.89605467530886;0.766472836047411;1.50578970050463;-999
2016;4;27;20;-999;-999;65.9149775637303;5.65867933464845;1.88914850667516;1.69701474329631;-999
2016;4;27;21;-999;-999;56.2058958633243;14.1764340945005;8.59305126606822;1.5322629939596;-999
2016;4;27;22;-999;-999;55.0698766231523;17.6163167042414;12.3010499266465;1.76702940899276;-999
2016;4;27;23;-999;-999;63.3280588376895;15.0943226920923;9.88279001026948;1.67185006960859;-999
2016;4;28;0;-999;-999;65.0012404618135;10.3185173354626;6.29139704269171;1.6338673997346;-999
2016;4;28;1;-999;-999;58.9206661816679;15.7289254486879;11.4718881906609;1.6176528368199;-999
2016;4;28;2;-999;-999;52.3537462476292;17.9938999749501;14.0679797274033;1.62480769983846;-999
2016;4;28;3;-999;-999;56.6979506549259;11.9893399179618;8.26107896508376;1.28226040099471;-999
2016;4;28;4;-999;-999;62.7463072519006;4.79555666917165;1.82161565155586;1.57583752446236;-999
2016;4;28;5;-999;-999;55.4457872542845;7.34499935312271;4.26110464304685;1.62493215545119;-999
2016;4;28;6;-999;-999;47.4759356574039;12.6798906118075;8.65043116754691;1.56474928259842;-999
2016;4;28;7;-999;-999;40.488477374729;21.0913966842016;17.2100253846884;1.73635811792883;-999
2016;4;28;8;-999;-999;44.4937665026225;6.8691786611557;4.10219486590226;1.5814077642456;-999
2016;4;28;9;-999;-999;19.5670404348877;21.719169844691;16.4374744465987;1.7837558030984;-999
2016;4;28;10;-999;-999;22.6442773246485;11.4544193418503;9.65111695246696;2.16369075570193;-999
2016;4;28;11;-999;-999;31.6595676973396;13.6960166917165;12.3087417106787;1.51312255662783;-999
2016;4;28;12;-999;-999;31.2539980786094;13.89826999499;12.1181421613852;2.21579378047433;-999
2016;4;28;13;-999;-999;42.9803190497396;14.7942861174891;12.588431532585;2.42265473632782;-999
2016;4;28;14;-999;-999;46.1456020970097;18.4158739639282;16.8669772171338;2.03737090446178;-999
2016;4;28;15;-999;-999;47.6017251525479;18.9660292892456;17.2846347406069;2.07324106327933;-999
2016;4;28;16;-999;-999;45.2053431026564;19.5509880180359;17.943810462443;1.9148668003929;-999
2016;4;28;17;-999;-999;34.2234154924316;25.8681214515686;25.3422708626747;1.78680150532102;-999
2016;4;28;18;-999;-999;42.1974751478869;22.3696639539083;21.3373737723033;1.77485497624917;-999
2016;4;28;19;-999;-999;36.3164417265991;25.2721307458242;24.777702605629;1.63824724294488;-999
2016;4;28;20;-999;-999;36.2879983645516;27.4760354806264;26.9392147171338;1.65490368428262;-999
2016;4;28;21;-999;-999;40.3977711960629;27.5243661012014;27.3184139952977;1.82440028406579;-999
2016;4;28;22;-999;-999;40.1778308968806;26.6062145945231;26.1943536866188;1.78043372798701;-999
2016;4;28;23;-999;-999;38.9999773989639;29.1907233734131;29.3634740140915;1.79837246794942;-999
2016;4;29;0;-999;-999;38.4078206794754;28.5779221923828;28.5550801819166;2.05155605577559;-999
2016;4;29;1;-999;-999;43.0745046336767;24.5668707608541;24.1256030563355;1.97983911397629;-999
2016;4;29;2;-999;-999;41.7008704966443;23.5594125474294;22.9567774260521;1.88335717097919;-999
2016;4;29;3;-999;-999;40.7314881687816;23.4508000250498;23.0395396584511;2.09983061821449;-999
2016;4;29;4;-999;-999;38.9885905783519;22.2972993593852;21.7736451737086;1.94442819907532;-999
2016;4;29;5;-999;-999;42.4112004785389;19.2615293393453;18.2791671467145;1.84794374015254;-999
2016;4;29;6;-999;-999;44.2566613012451;16.9956354054769;15.6269267957687;1.77878378048041;-999
2016;4;29;7;-999;-999;41.2035867665526;15.6274047097524;13.8584586191336;2.07425326335643;-999
2016;4;29;8;-999;-999;38.0245544037163;15.9930366616567;14.0915161866188;2.05803809170774;-999
2016;4;29;9;-999;-999;40.5351107605116;15.5978546471278;12.9363817136129;2.49142920581258;-999
2016;4;29;10;-999;-999;48.8914196697425;13.7457919619242;10.7221046467145;2.50083576925816;-999
2016;4;29;11;-999;-999;61.4314936373315;11.700143996493;8.25200281807582;2.18146582202495;-999
2016;4;29;12;-999;-999;76.8015726541234;9.09435934435527;4.92951052112579;2.39753252787317;-999
2016;4;29;13;-999;-999;87.7256770811395;6.92158063309987;3.03489918280443;2.05210866626904;-999
2016;4;29;14;-999;-999;91.8283620134871;6.60414800300598;2.70523432277044;1.77841396101919;-999
2016;4;29;15;-999;-999;93.1919853118998;6.96964867493312;2.87845063395103;1.79037714125198;-999
2016;4;29;16;-999;-999;97.8407789978813;7.17649868119558;3.01259333773454;1.75921315599987;-999
2016;4;29;17;-999;-999;101.218436721581;6.98501468846003;2.80937949647904;1.86341006187792;-999
2016;4;29;18;-999;-999;95.1728013195628;6.72694465589523;2.46771566255887;1.9953648565615;-999
2016;4;29;19;-999;-999;105.367841620126;6.92079265890121;2.5524778474172;1.92064585554515;-999
2016;4;29;20;-999;-999;99.6156944945212;11.7651539877256;7.71081714671453;1.80749382332681;-999
2016;4;29;21;-999;-999;95.0123787827323;14.3764546471278;10.7274888192495;1.80237800507115;-999
2016;4;29;22;-999;-999;89.6888069187417;15.9033359458923;12.4225783274651;2.24777464053371;-999
2016;4;29;23;-999;-999;82.875894734037;15.0118453653971;11.6241832893213;1.96423715865052;-999
2016;4;30;0;-999;-999;74.5152439181106;15.752828008016;12.5334921907266;1.81478386860393;-999
2016;4;30;1;-999;-999;74.4357789393105;17.6199939338684;14.3398032065709;2.37592197966907;-999
2016;4;30;2;-999;-999;63.4397816983751;19.3472899148305;16.2576433157285;3.69250935507614;-999
2016;4;30;3;-999;-999;65.9889800521904;15.275693996493;12.285666696008;3.99958055727971;-999
2016;4;30;4;-999;-999;65.236215169258;13.2518094976393;10.3194159698001;3.53070540594786;-999
2016;4;30;5;-999;-999;55.7399223580382;12.761913900343;9.85228411076433;3.17669989610354;-999
2016;4;30;6;-999;-999;53.2011166111581;12.504121365317;9.79526412518271;3.55637663156938;-999
2016;4;30;7;-999;-999;46.2763441022236;11.9795579087488;9.2654939989057;3.77334749923166;-999
2016;4;30;8;-999;-999;32.6174552891498;15.9636179729462;13.3926513045788;3.0281406996458;-999
2016;4;30;9;-999;-999;46.2166293275994;13.6008000590461;10.6904150018862;2.88273117253208;-999
2016;4;30;10;-999;-999;63.8594937060083;11.841690214836;8.68820896872828;2.5246568673854;-999
2016;4;30;11;-999;-999;84.4556937927663;10.4616216903299;7.16134796073073;2.24023674147555;-999
2016;4;30;12;-999;-999;85.9351765435219;10.6304339739482;7.02179768397808;2.08180053110068;-999
2016;4;30;13;-999;-999;84.3850630712497;11.4657347531904;8.06626121756905;2.6477005115302;-999
2016;4;30;14;-999;-999;86.4145856251655;10.4637585992328;7.40774204344669;2.89799021655344;-999
2016;4;30;15;-999;-999;85.8366219872439;10.6025267648859;7.28180726486141;2.55291572073539;-999
2016;4;30;16;-999;-999;84.7896333821131;11.758917937772;8.66443001092714;2.42010222760523;-999
2016;4;30;17;-999;-999;87.2107992230337;16.0036564978238;13.6156885065539;2.56661200484712;-999
2016;4;30;18;-999;-999;83.4030982799788;18.029903463824;16.6257823749411;3.39820239546643;-999
2016;4;30;19;-999;-999;79.0919001233679;18.6491149147435;17.3268659290849;4.3681923640191;-999
2016;4;30;20;-999;-999;79.3955464655273;19.9118504872908;18.9971721868013;4.97173579380574;-999
2016;4;30;21;-999;-999;75.7684951744205;20.9814050622668;20.4102643548761;5.0486524359475;-999
2016;4;30;22;-999;-999;72.1640513108156;22.1302778725875;21.6881218309904;4.67136785791583;-999
2016;4;30;23;-999;-999;72.9941103004055;21.4100113663991;20.8551063251177;-999;-999
2016;5;1;0;-999;-999;71.9798387200527;20.7002859458923;20.1113222406069;-999;-999
2016;5;1;1;-999;-999;73.2530301641407;20.1978046346029;19.6367464014053;-999;-999
2016;5;1;2;-999;-999;70.8030845185864;20.0170898897807;19.1918603122075;-999;-999
2016;5;1;3;-999;-999;55.3732183838451;22.0560399945346;21.3880688053825;-999;-999
2016;5;1;4;-999;-999;56.7811764939551;23.6661867288958;23.0298723980753;-999;-999
2016;5;1;5;-999;-999;62.1620195003099;24.2005819769541;23.3479754800479;-999;-999
2016;5;1;6;-999;-999;68.0187969146544;25.0719785985311;24.4771121115049;-999;-999
2016;5;1;7;-999;-999;70.4427205939629;25.6037472371419;25.4873356713613;-999;-999
2016;5;1;8;-999;-999;71.9593207882156;24.787116616567;24.6698654061;-999;-999
2016;5;1;9;-999;-999;66.3646697795707;26.3213526877085;26.4243345023473;-999;-999
2016;5;1;10;-999;-999;59.0295480700688;28.9107205103556;29.3671662159602;-999;-999
2016;5;1;11;-999;-999;55.9900286758197;28.2712587287903;28.8808989225388;-999;-999
2016;5;1;12;-999;-999;52.2449238520274;27.416147387441;27.6926901713689;-999;-999
2016;5;1;13;-999;-999;47.6899216837214;24.4013907057444;24.2829745199521;-999;-999
2016;5;1;14;-999;-999;47.2698666368998;21.0656553754171;20.7721901384989;-999;-999
2016;5;1;15;-999;-999;-999;20.6239813112895;20.2490030269941;-999;-999
2016;5;1;16;-999;-999;-999;22.9684126977285;22.0808503591537;-999;-999
2016;5;1;17;-999;-999;-999;26.2874686386108;23.1753745492935;-999;-999
2016;5;1;18;-999;-999;-999;22.744883233134;20.2386960751216;-999;-999
2016;5;1;19;-999;-999;-999;18.9781119569143;17.551843165493;-999;-999
2016;5;1;20;-999;-999;-999;13.3978899774551;10.9028588573933;-999;-999
2016;5;1;21;-999;-999;-999;8.21193068319957;4.63538118955294;-999;-999
2016;5;1;22;-999;-999;-999;9.47456933558782;6.11602696420352;-999;-999
2016;5;1;23;-999;-999;-999;10.466135995992;7.0404115105629;-999;-999
2016;5;2;0;-999;-999;-999;9.15240871626536;5.60853083773454;-999;-999
2016;5;2;1;-999;-999;-999;9.27389199949901;5.57038017077446;-999;-999
2016;5;2;2;-999;-999;-999;6.43288932431539;2.96305897828738;-999;-999
2016;5;2;3;-999;-999;-999;6.46204531529744;2.80753347623348;-999;-999
2016;5;2;4;-999;-999;-999;4.64123999624252;1.20351332086325;-999;-999
2016;5;2;5;-999;-999;-999;3.13655400651296;-0.197292996002237;-999;-999
2016;5;2;6;-999;-999;-999;2.91972267017365;-0.268517823760709;-999;-999
2016;5;2;7;-999;-999;-999;4.01780068445206;0.853388665346304;-999;-999
2016;5;2;8;-999;-999;-999;5.49359334022204;1.758631894702;-999;-999
2016;5;2;9;-999;-999;-999;4.40076867618561;1.52110226474404;-999;-999
2016;5;2;10;-999;-999;76.2860989051511;5.34387331078847;2.23435049838622;2.05534157658346;-999
2016;5;2;11;-999;-999;75.0886579721204;5.8676306769371;2.87875831866264;1.96605211524599;-999
2016;5;2;12;-999;-999;83.5028967624626;5.57567668294907;2.45233236590227;1.90966118246649;-999
2016;5;2;13;-999;-999;78.6936905603907;7.73269532155991;4.71768199941317;1.86523303635556;-999
2016;5;2;14;-999;-999;83.2603490890923;8.72636330076853;5.88712295510769;1.8968596479302;-999
2016;5;2;15;-999;-999;79.7049036931228;9.64385801302592;6.6227539724191;1.97078816801475;-999
2016;5;2;16;-999;-999;79.1835569651365;12.3008626852036;9.51974334506988;2.07035528602964;-999
2016;5;2;17;-999;-999;75.2534369689667;13.7151913714091;10.8284035070419;2.44253519306417;-999
2016;5;2;18;-999;-999;73.0583490783924;13.7623400776545;10.6219591138522;2.42930263159022;-999
2016;5;2;19;-999;-999;63.8212621084172;20.8845465464274;18.370236598587;2.81644926456536;-999
2016;5;2;20;-999;-999;57.6550221608768;21.200403228124;18.8809632769903;2.01527188106466;-999
2016;5;2;21;-999;-999;66.0809724327116;15.2867259609222;12.6697884894371;2.11228071415816;-999
2016;5;2;22;-999;-999;78.663127419207;12.1247446872075;9.07608802405993;1.84949380004278;-999
2016;5;2;23;-999;-999;72.1917765997918;12.7748446997325;9.46667078932126;2.13922233056894;-999
2016;5;3;0;-999;-999;70.9063381700125;14.6244119569143;11.2126791666667;2.64945077932325;-999
2016;5;3;1;-999;-999;70.219270219043;16.0585719418844;12.9159218080997;2.36657822775829;-999
2016;5;3;2;-999;-999;68.8649214351337;20.8582799048106;17.7542877711296;3.05971611688622;-999
2016;5;3;3;-999;-999;70.9581737258259;22.9167986436208;20.3286885809898;4.27463483667098;-999
2016;5;3;4;-999;-999;72.7424069745635;21.111662799046;18.2924339497336;3.62725207779389;-999
2016;5;3;5;-999;-999;70.4501078803835;18.2502814350128;14.8758904149873;2.56063971282163;-999
2016;5;3;6;-999;-999;65.4991493233176;16.5945321932001;12.8368593906629;2.32775318079664;-999
2016;5;3;7;-999;-999;68.5090413051048;15.2200042224095;11.7135127300887;2.28844918018681;-999
2016;5;3;8;-999;-999;68.7753158533106;15.1826420627462;12.3322410836549;2.16068346157515;-999
2016;5;3;9;-999;-999;67.2657423411665;15.7487566315969;12.932535762914;2.25770380805087;-999
2016;5;3;10;-999;-999;58.0678616237398;16.6213675051995;12.9238137975009;2.86554025090042;-999
2016;5;3;11;-999;-999;64.464746324516;15.1287320896784;11.6166455181917;2.75987682434054;-999
2016;5;3;12;-999;-999;81.4627995095559;14.0574460686366;10.463972317489;2.41714575133846;-999
2016;5;3;13;-999;-999;89.3358788252388;14.8211493218104;10.8853218227704;2.35348099613784;-999
2016;5;3;14;-999;-999;93.7196023291161;11.691213388443;7.84219094483058;2.29964467125879;-999
2016;5;3;15;-999;-999;92.5549011608731;10.3542400275548;7.40791933450698;1.70004498063845;-999
2016;5;3;16;-999;-999;84.2892464107674;9.23922000751495;5.93450363527139;1.89194587145932;-999
2016;5;3;17;-999;-999;74.4277514370464;10.2990800453445;6.98676013666896;1.9522158739316;-999
2016;5;3;18;-999;-999;77.2776974834465;11.4925060661316;7.74804485856692;2.11377728209242;-999
2016;5;3;19;-999;-999;86.5905841049726;11.5171410342718;8.30320848054401;1.93812882540761;-999
2016;5;3;20;-999;-999;91.4967009365555;11.8026908026227;8.16162966400082;2.02746387990201;-999
2016;5;3;21;-999;-999;98.4983557240087;12.8009799227033;8.55680159645421;1.66161720115517;-999
2016;5;3;22;-999;-999;96.1147888550037;11.7905738117613;8.33421877367743;2.18776064492354;-999
2016;5;3;23;-999;-999;81.1464218448359;13.3332739639282;9.95463018544515;1.78301377810766;-999
2016;5;4;0;-999;-999;87.3147571539953;13.0092657836009;9.83663996837099;2.00570328127331;-999
2016;5;4;1;-999;-999;90.4420687235762;11.8154960802312;8.33603638003165;1.91937484267358;-999
2016;5;4;2;-999;-999;89.9197160721245;10.2046607142857;6.81183714977333;2.22456194875251;-999
2016;5;4;3;-999;-999;87.0180193852041;9.71342713158471;6.38148840543202;2.28483988204865;-999
2016;5;4;4;-999;-999;82.6110155693327;10.2249545299077;6.72738152363341;2.2609154548909;-999
2016;5;4;5;-999;-999;79.9760143405439;8.15296199448903;4.85151703315576;2.12030189047037;-999
2016;5;4;6;-999;-999;78.5460942718339;7.57404464337031;4.19018749266465;2.07201183179784;-999
2016;5;4;7;-999;-999;71.8291910019044;6.5820839676857;2.85860614554087;2.33831788650451;-999
2016;5;4;8;-999;-999;69.929719174341;5.72946801365217;1.47287550938924;2.37808219739424;-999
2016;5;4;9;-999;-999;64.251088793722;4.79256518462852;0.650738896224234;2.4642483680061;-999
2016;5;4;10;-999;-999;59.3701457721427;4.37458081382751;0.174675987236499;2.47183405419636;-999
2016;5;4;11;-999;-999;60.0065647071296;4.77638198008537;0.228825327978532;2.61835054975935;-999
2016;5;4;12;-999;-999;65.3381112608343;4.82602602041562;0.274975340815385;2.55339049697902;-999
2016;5;4;13;-999;-999;74.397630430258;4.73987134510676;0.0119203276117644;2.0195030725988;-999
2016;5;4;14;-999;-999;76.4941352083849;4.06534334178766;-0.226367505868276;2.09816640447431;-999
2016;5;4;15;-999;-999;72.7516486371006;4.2921559956789;-0.0257688379546013;2.24479976169653;-999
2016;5;4;16;-999;-999;76.9264083452519;4.68457999248505;-0.0486900066018112;1.84170097082262;-999
2016;5;4;17;-999;-999;73.6051889898432;4.7246366616567;0.209749981661638;1.90283822654787;-999
2016;5;4;18;-999;-999;74.8650391911454;4.30292533752918;-0.0277686693807442;1.94944219289465;-999
2016;5;4;19;-999;-999;71.4154929255021;4.43136933558782;0.250669669820865;1.8284718146432;-999
2016;5;4;20;-999;-999;71.2175349697522;4.56230866616567;0.628330506088336;1.84557923354637;-999
2016;5;4;21;-999;-999;73.1024509279622;4.2446133383433;0.430962329592308;1.69810080494111;-999
2016;5;4;22;-999;-999;73.6158534245505;4.22491332112153;0.406656662265459;1.72076499134495;-999
2016;5;4;23;-999;-999;73.8647967760799;3.96671199762027;0.068223334433635;1.6964034672482;-999
2016;5;5;0;-999;-999;73.8991510619102;3.56785266109308;-0.0226921760559081;1.86741374353264;-999
2016;5;5;1;-999;-999;70.875422651125;3.69944866397381;-0.108069666153193;2.49586312612207;-999
2016;5;5;2;-999;-999;70.339820462109;3.42601266015371;-0.215599169967572;1.92044087084257;-999
2016;5;5;3;-999;-999;72.9181011578677;3.39015866460005;-0.0799181636591756;1.69087173677598;-999
2016;5;5;4;-999;-999;74.6239185967387;3.44190400338173;-0.00100166373252784;2.09189500757;-999
2016;5;5;5;-999;-999;69.9385154969368;3.84220801302592;0.534953675615788;1.75715057123799;-999
2016;5;5;6;-999;-999;59.864251102766;4.33969868432681;1.01460599163771;1.62034805294642;-999
2016;5;5;7;-999;-999;50.493423351273;5.22554199323654;1.97852567062775;1.6194986453917;-999
2016;5;5;8;-999;-999;48.9175622643225;6.39283268019358;3.31149153110186;1.79351299764357;-999
2016;5;5;9;-999;-999;50.5596593050444;6.53861267894109;3.55408666813374;1.91622519703043;-999
2016;5;5;10;-999;-999;55.7032771291151;7.74950602229436;4.57323250880241;1.95428480188425;-999
2016;5;5;11;-999;-999;76.28361336494;9.34625666917166;5.85251052846114;2.23220260804889;-999
2016;5;5;12;-999;-999;83.6655619885736;9.86948865865072;6.53091550498803;2.11805572685889;-999
2016;5;5;13;-999;-999;86.0480912596061;12.1692666416168;8.57459133685429;1.98167547014159;-999
2016;5;5;14;-999;-999;88.0762532621524;12.8821439589183;9.03332234683037;2.04410870260855;-999
2016;5;5;15;-999;-999;90.5621871691778;14.0637499624252;9.86632984096209;2.30450645266877;-999
2016;5;5;16;-999;-999;104.601922212624;15.2293333208084;10.7161052147865;2.03301034428316;-999
2016;5;5;17;-999;-999;103.002912445575;14.9041520721436;10.7607168609142;2.09373606529015;-999
2016;5;5;18;-999;-999;103.315828584967;15.348501103786;11.2632417642694;2.26842834351288;-999
2016;5;5;19;-999;-999;107.989730039885;15.2486393243154;11.3222084835688;2.05313576793748;-999
2016;5;5;20;-999;-999;106.17758997441;15.0568664805603;11.4721959718323;2.01081353176247;-999
2016;5;5;21;-999;-999;105.369225208288;14.3751413588842;11.10115;1.56912298753792;-999
2016;5;5;22;-999;-999;99.6210959035401;15.5458466591517;11.9155436748823;1.86801680872844;-999
2016;5;5;23;-999;-999;95.0155412124931;16.462159394455;13.1797460862637;1.84578909907354;-999
2016;5;6;0;-999;-999;94.9101896547517;16.2219505654653;12.8260831097444;1.83510722088837;-999
2016;5;6;1;-999;-999;90.8292886805821;17.0950546596527;13.7030870346228;2.17506171267776;-999
2016;5;6;2;-999;-999;82.3421573346748;18.2357091056694;14.7161812270213;1.72693651716798;-999
2016;5;6;3;-999;-999;59.9250961779814;20.8723036544283;17.3791144067797;2.73130370750267;-999
2016;5;6;4;-999;-999;58.1670062745665;20.0492667167664;16.9891206866264;2.90674881210904;-999
2016;5;6;5;-999;-999;56.9080439611756;19.782397387441;16.8734381302834;2.9268640240906;-999
2016;5;6;6;-999;-999;53.6794745252864;18.404579389445;15.2858781772296;3.17233963539308;-999
2016;5;6;7;-999;-999;42.1123804953342;17.4924692541758;14.142434894371;3.04064909865047;-999
2016;5;6;8;-999;-999;40.2347699682577;16.8556339739482;13.4994116461277;3.45333496679946;-999
2016;5;6;9;-999;-999;54.695209327865;17.9603097469524;14.472446622105;4.39471885227775;-999
2016;5;6;10;-999;-999;67.3962760176397;18.7679785985311;14.7996109424909;4.94542073491394;-999
2016;5;6;11;-999;-999;70.2219566472489;18.5064940591176;13.528947661972;4.80048555208532;-999
2016;5;6;12;-999;-999;74.1975702869417;16.5406967217763;11.2528296467145;4.28007027743602;-999
2016;5;6;13;-999;-999;79.5705244191758;15.0953733734131;10.3127541960081;3.21695444528715;-999
2016;5;6;14;-999;-999;93.824367365959;15.6888686761856;11.3615898233573;2.57548889637395;-999
2016;5;6;15;-999;-999;98.0390185956085;14.7122740265528;10.0029338133812;2.36979908031045;-999
2016;5;6;16;-999;-999;105.37524064753;15.0981312862396;10.9766988016446;2.33388735274592;-999
2016;5;6;17;-999;-999;95.6679730938002;13.8973506907145;9.98939652229945;2.05121054136503;-999
2016;5;6;18;-999;-999;103.611034319595;14.105382617569;10.1841495199521;2.15215128515086;-999
2016;5;6;19;-999;-999;116.261791348191;14.9237206731796;11.3100556508223;2.18380990855453;-999
2016;5;6;20;-999;-999;109.369536107775;16.9241899649302;13.1737466543357;2.3129807353212;-999
2016;5;6;21;-999;-999;106.743839764461;16.3594565564473;12.7223995052815;2.57302462410012;-999
2016;5;6;22;-999;-999;102.999699749587;16.5636800300598;13.1063674325148;2.64916805799761;-999
2016;5;6;23;-999;-999;103.257989882066;15.6280613288244;12.0218426085631;2.54525387388771;-999
2016;5;7;0;-999;-999;107.148902566066;14.0659827428182;10.8060976766427;2.31559465313771;-999
2016;5;7;1;-999;-999;105.96189694089;14.5189512687047;11.3260543462435;2.29165608923822;-999
2016;5;7;2;-999;-999;84.9970011374054;19.9036179729462;16.5499267957687;2.7322042779032;-999
2016;5;7;3;-999;-999;70.6834733141702;22.1787053002675;18.6872869612694;4.11842184587141;-999
2016;5;7;4;-999;-999;75.7939750647519;20.6463080130259;17.4001635481199;3.46961193895323;-999
2016;5;7;5;-999;-999;74.2687853649337;19.6605199198405;16.6189978122075;3.67408206547773;-999
2016;5;7;6;-999;-999;65.7102266233264;19.9405227077484;16.6702243697166;5.01543768276978;-999
2016;5;7;7;-999;-999;62.0281503996393;18.8519007157644;15.3306437922478;3.29089069278335;-999
2016;5;7;8;-999;-999;40.814506943087;19.7686072722117;15.9987417875608;3.16344865125754;-999
2016;5;7;9;-999;-999;39.4431099349359;20.1674213160811;16.3063924611519;2.98039918449201;-999
2016;5;7;10;-999;-999;78.957515779266;15.6165321348054;11.7406571805818;2.18226190728563;-999
2016;5;7;11;-999;-999;82.827820906404;11.8112104603951;7.82611925809425;2.19895507366609;-999
2016;5;7;12;-999;-999;97.0677809185849;10.8908813941438;6.46581271335634;2.26441095510537;-999
2016;5;7;13;-999;-999;103.446903418044;9.49584532782237;5.50500096743107;2.06551974970762;-999
2016;5;7;14;-999;-999;108.534964060949;11.0151923213089;6.30495053156635;1.92779371544516;-999
2016;5;7;15;-999;-999;120.178814271891;12.091634039561;7.57170053990682;2.07965530964705;-999
2016;5;7;16;-999;-999;121.515639818466;10.697155822162;6.42679154534998;1.99967416696176;-999
2016;5;7;17;-999;-999;111.574199539178;14.3480643991373;6.72159322033898;2.15881134665296;-999
2016;5;7;18;-999;-999;111.095728550546;9.33177548605936;5.66063175253283;1.96675460239155;-999
2016;5;7;19;-999;-999;111.66258094002;9.74231726988431;6.61457426906454;1.84741512818553;-999
2016;5;7;20;-999;-999;104.431959066586;11.0240399653548;7.83200914538108;2.14216085214629;-999
2016;5;7;21;-999;-999;111.958060386507;8.08880911964283;4.99688141308333;2.57850574712214;-999
2016;5;7;22;-999;-999;109.741071111571;8.54781793906771;5.25235363404504;2.07929634268171;-999
2016;5;7;23;-999;-999;98.2541477513156;10.2827669721905;7.27312894427986;2.22561019237269;-999
2016;5;8;0;-999;-999;79.5790234480976;13.2614165216643;10.4286331240884;2.47716311516731;-999
2016;5;8;1;-999;-999;66.3809452320485;16.2698276768077;13.359982797692;2.83695211640383;-999
2016;5;8;2;-999;-999;61.1126888320267;17.3429243910048;14.6557256018497;2.74413651417493;-999
2016;5;8;3;-999;-999;53.4924228420649;16.4151826782884;14.1989290025481;2.578164720361;-999
2016;5;8;4;-999;-999;59.3224675318614;14.1308612912496;11.5186536866188;2.14138858190429;-999
2016;5;8;5;-999;-999;46.1841929638756;14.0746507282893;11.1586837218285;2.18760266772976;-999
2016;5;8;6;-999;-999;43.5406797365503;12.48275938193;9.3146835275809;2.27702701779317;-999
2016;5;8;7;-999;-999;30.955271196956;12.5391013062795;9.68203748532931;2.29586279526482;-999
2016;5;8;8;-999;-999;47.7680568922934;13.1695013438543;10.3290605064551;2.28303959963797;-999
2016;5;8;9;-999;-999;68.8606374571706;12.9063092692057;8.92994635739327;2.23984192886642;-999
2016;5;8;10;-999;-999;84.4582835164302;12.0695846771876;7.54836916960081;2.11150352638929;-999
2016;5;8;11;-999;-999;92.3431256048779;11.4901419619242;6.9481115105629;2.06402414812924;-999
2016;5;8;12;-999;-999;87.3465394173133;10.7397033283234;5.99849829959075;2.36309360549153;-999
2016;5;8;13;-999;-999;93.3399042890309;10.4171486310959;5.69129314348698;2.34684724377301;-999
2016;5;8;14;-999;-999;103.248383658736;10.4100566942215;5.90204485856692;2.31733825282814;-999
2016;5;8;15;-999;-999;107.404096051736;10.3715759859721;5.97680783861478;2.08460009856065;-999
2016;5;8;16;-999;-999;108.723614378375;11.7099939714432;6.82304505281448;2.00417359188867;-999
2016;5;8;17;-999;-999;110.949381408116;11.0161599724452;7.04364198180834;1.88352699945633;-999
2016;5;8;18;-999;-999;96.8131183493211;11.2374566816966;7.31161967899005;2.05040104145787;-999
2016;5;8;19;-999;-999;94.9864999583297;11.057661378924;6.65659734683037;1.95371285725532;-999
2016;5;8;20;-999;-999;99.4695149353734;10.1359640290578;6.01142033127944;1.95286584397501;-999
2016;5;8;21;-999;-999;115.234999739031;7.25214664036433;4.1163475190719;1.84376701946547;-999
2016;5;8;22;-999;-999;117.138833794253;7.50864067443212;4.30556249266465;1.89683180199229;-999
2016;5;8;23;-999;-999;112.449031189096;7.39385532531738;4.20295567282836;2.3747854785465;-999
2016;5;9;0;-999;-999;99.8604394100601;9.23265327196121;6.06387750293414;3.41669472525351;-999
2016;5;9;1;-999;-999;92.1320140279808;11.6994873398463;8.33122700821559;2.14674395408155;-999
2016;5;9;2;-999;-999;66.3518575699586;16.2455907057444;12.7047087364991;3.55024581878434;-999
2016;5;9;3;-999;-999;56.3462281109091;17.3486592817307;13.9553737394333;4.04181352645248;-999
2016;5;9;4;-999;-999;57.1391029699406;15.5348147448222;12.1339870052815;2.95176666275732;-999
2016;5;9;5;-999;-999;59.0515317589082;16.0837880430857;12.7159385187785;2.62133258226763;-999
2016;5;9;6;-999;-999;54.6039895167164;15.1619592566808;11.7947845316887;2.86525606833098;-999
2016;5;9;7;-999;-999;43.4529531096564;12.9223320270538;9.47005518544515;2.36718231316608;-999
2016;5;9;8;-999;-999;29.1670094155167;13.3804226325989;9.9134028474172;2.17719974425548;-999
2016;5;9;9;-999;-999;46.8341765321761;13.614064619573;9.7317257183075;2.33040630069756;-999
2016;5;9;10;-999;-999;69.0707620885771;11.6042706982295;7.98110230868657;2.22686076795261;-999
2016;5;9;11;-999;-999;91.0704998201437;8.43782400776545;4.92243415052891;2.00220939165664;-999
2016;5;9;12;-999;-999;93.7687143219379;8.54499199323654;4.66030218045712;1.96070904683168;-999
2016;5;9;13;-999;-999;104.592599103881;8.82210535662969;4.86197768251101;1.90679795137923;-999
2016;5;9;14;-999;-999;104.070357897707;8.60212200450897;4.91581934184233;2.00223698140548;-999
2016;5;9;15;-999;-999;104.764650334467;9.5889606443723;5.03319412558873;1.98256100319131;-999
2016;5;9;16;-999;-999;97.8859830660325;8.99139399649303;4.59846112940311;1.96545141972172;-999
2016;5;9;17;-999;-999;95.257598011802;7.52479465589523;4.13649967018763;1.84221024948676;-999
2016;5;9;18;-999;-999;89.4125445884438;8.99480863485336;5.65544999266465;1.83109167229036;-999
2016;5;9;19;-999;-999;94.2957552679008;9.29070267518361;5.72621332453092;1.80756093423297;-999
2016;5;9;20;-999;-999;95.4873347616069;8.4751226451238;4.84890182863871;2.00272061971015;-999
2016;5;9;21;-999;-999;91.3794004528803;10.3224573223114;6.46461336120764;1.99417018440623;-999
2016;5;9;22;-999;-999;91.7706671045564;11.5928446872075;7.42822534448306;-999;-999
2016;5;9;23;-999;-999;108.118727221716;11.2415279829661;7.62374751173655;-999;-999
2016;5;10;0;-999;-999;108.368235894132;12.2895679854711;8.43521830105782;-999;-999
2016;5;10;1;-999;-999;110.465925935671;13.3167260611216;9.2363823879083;-999;-999
2016;5;10;2;-999;-999;113.911838725807;12.9714506656647;8.85933682570458;-999;-999
2016;5;10;3;-999;-999;119.033614341743;12.6827799674352;8.70934939905803;-999;-999
2016;5;10;4;-999;-999;121.058813249565;13.319877995491;9.7158808157285;-999;-999
2016;5;10;5;-999;-999;122.211141670594;12.9036826927185;9.45236429929733;-999;-999
2016;5;10;6;-999;-999;118.817871809223;13.1779067317963;9.78141384859084;-999;-999
2016;5;10;7;-999;-999;107.691767522199;13.6996940340678;10.2250691842715;-999;-999
2016;5;10;8;-999;-999;102.269073998876;14.3851225950241;10.6418037012895;-999;-999
2016;5;10;9;-999;-999;81.1301010359735;16.1892486436208;12.8016236954212;-999;-999
2016;5;10;10;-999;-999;65.7805471042121;18.0802461903459;15.1840952327534;-999;-999
2016;5;10;11;-999;-999;68.3229777188094;17.1755979307695;14.6547001280351;2.31488736054962;-999
2016;5;10;12;-999;-999;61.7154769428184;17.7825471525192;15.209324094568;2.19376764324149;-999
2016;5;10;13;-999;-999;65.5598901020382;17.0870696456909;14.4961286676025;2.10089621159901;-999
2016;5;10;14;-999;-999;65.0771787104176;17.5417649445826;14.7963522247782;2.09106154033605;-999
2016;5;10;15;-999;-999;69.1192597773394;15.6981464768818;12.7524959519591;2.08422320008278;-999
2016;5;10;16;-999;-999;66.8480333942656;16.338078595338;13.2794300547706;2.19937671212845;-999
2016;5;10;17;-999;-999;65.2120425608169;17.2114816315969;13.9749490573605;2.09537199534732;-999
2016;5;10;18;-999;-999;67.558541376574;15.6947169641233;12.3119088373371;2.07697564337686;-999
2016;5;10;19;-999;-999;67.628016419922;16.0179900150299;12.7676594774893;1.95370618747271;-999
2016;5;10;20;-999;-999;63.6837627443443;16.9662762488625;13.7370702087056;2.06715035348324;-999
2016;5;10;21;-999;-999;62.4732018760085;17.9026965300949;14.6338471857;1.77821786748766;-999
2016;5;10;22;-999;-999;58.3716429742293;20.4479362250434;16.6492347104814;1.80818990644233;-999
2016;5;10;23;-999;-999;52.2900905479424;25.9846275499278;20.2047943164234;1.95288515823034;-999
2016;5;11;0;-999;-999;50.7262216178138;27.3387919869741;22.9773910363833;1.85272383140351;-999
2016;5;11;1;-999;-999;44.567764186664;30.8872874776204;26.3646472699483;1.81634559866036;-999
2016;5;11;2;-999;-999;35.6689355729771;24.1770733984629;19.9581041373253;1.95248352978567;-999
2016;5;11;3;-999;-999;41.1135967843877;17.8641426776886;13.9344521766504;2.02783512045499;-999
2016;5;11;4;-999;-999;38.7311975735137;20.9850165414174;16.8185196496487;1.92938349009087;-999
2016;5;11;5;-999;-999;40.2096571613218;17.6533526626587;13.6580138192495;1.8750243648125;-999
2016;5;11;6;-999;-999;40.4034626814012;23.4360907558441;19.2753918755849;1.93325406345849;-999
2016;5;11;7;-999;-999;43.9720156389273;25.2345693543752;22.9417016784032;2.04114410764988;-999
2016;5;11;8;-999;-999;51.7888005236166;23.060346006012;20.8091101913134;2.08995782886707;-999
2016;5;11;9;-999;-999;55.088783673423;22.0356832581838;19.7836570762952;2.17130844230594;-999
2016;5;11;10;-999;-999;52.8495254280883;22.4215406556447;19.3706146584511;1.98723028815014;-999
2016;5;11;11;-999;-999;58.2067652115903;21.2170826426188;18.1144117781639;2.20343940101238;-999
2016;5;11;12;-999;-999;62.6313067182706;21.4469160761515;18.3410082417806;2.25268404994822;-999
2016;5;11;13;-999;-999;64.868389798771;21.0969505064366;18.0297510993117;2.13591168167018;-999
2016;5;11;14;-999;-999;56.5807917581268;21.5493559659322;18.725283872064;2.20090349770916;-999
2016;5;11;15;-999;-999;50.7973063217062;22.5544498998006;19.8231923556328;2.05920191379733;-999
2016;5;11;16;-999;-999;52.2430382543345;22.7484293643951;19.954104496479;2.0425147529529;-999
2016;5;11;17;-999;-999;49.2282098011919;30.0028887338003;27.7543775176048;2.29170247229319;-999
2016;5;11;18;-999;-999;48.0470520989847;26.3765126476288;23.8330119612694;2.21935801438147;-999
2016;5;11;19;-999;-999;46.6754501620373;28.8061792641958;26.3701851326307;2.28145060348947;-999
2016;5;11;20;-999;-999;53.0004162418337;26.7607938837687;25.1153665786425;2.15344451842464;-999
2016;5;11;21;-999;-999;37.5364213096378;37.8161712511698;31.917261330986;2.06354227049419;-999
2016;5;11;22;-999;-999;55.0143517966413;21.5576299799601;19.0998680152575;2.04128785356273;-999
2016;5;11;23;-999;-999;47.1490740598718;27.0086199448903;23.2102946643194;2.07084051199808;-999
2016;5;12;0;-999;-999;46.8080726490023;27.6492639288584;24.546183303992;2.16547586209657;-999
2016;5;12;1;-999;-999;41.1467878803018;21.6466741392771;18.893731266435;2.11324920886774;-999
2016;5;12;2;-999;-999;42.1174428571121;24.9841166917165;21.5152051854452;2.10255526547838;-999
2016;5;12;3;-999;-999;38.8726382622856;29.372488608551;25.1719772500038;2.01350391032647;-999
2016;5;12;4;-999;-999;39.630854884096;24.5497971870422;20.5625153180758;2.16198531758114;-999
2016;5;12;5;-999;-999;35.6715556614442;31.6423226576487;27.0095164577484;2.1775196880949;-999
2016;5;12;6;-999;-999;45.6087656980086;25.079201996994;20.4646772793452;2.17367562186653;-999
2016;5;12;7;-999;-999;44.8832579678636;22.7553900150299;18.5372994025866;2.08633442424826;-999
2016;5;12;8;-999;-999;49.1685054719802;19.5072539188385;15.0943557241758;2.06150892666971;-999
2016;5;12;9;-999;-999;53.9320142220838;19.2560133132935;14.0644415457726;2.46188934965834;-999
2016;5;12;10;-999;-999;40.431620479856;26.571936611557;21.8417932277044;2.20797540972373;-999
2016;5;12;11;-999;-999;46.1626402816691;16.4281440340678;12.3888888632615;1.82388009952314;-999
2016;5;12;12;-999;-999;49.643213732388;13.8641233608882;9.5992751502355;2.19258228170927;-999
2016;5;12;13;-999;-999;46.2551507143557;13.7619460310618;9.04901344189644;2.38828965901557;-999
2016;5;12;14;-999;-999;44.1292248618095;20.1493427528381;13.8339991607984;3.40918967510939;-999
2016;5;12;15;-999;-999;45.2995786599771;15.8383259859721;10.6804159008185;1.31817223973454;-999
2016;5;12;16;2.78598875843178;4.02552002949064;37.6606452581613;15.4615306957245;10.2046093227704;2.13310191837118;0.808418145925941
2016;5;12;17;2.6709953598318;3.80307099191687;32.5148243932165;18.1268093318303;11.9453873204231;2.11298493374139;0.738335937871385
2016;5;12;18;3.01552875522831;4.16418761537087;33.5662834052015;20.0881414215088;13.6766276678403;1.97510183349758;0.749151463701761
2016;5;12;19;3.43223498946849;4.36154818755306;34.0943504210753;16.9835526877085;12.5671816402594;2.11429009662637;0.606094957118962
2016;5;12;20;3.40030483952756;4.11544585721134;34.2783100358464;17.0887507032394;12.2389013045788;1.86206196898851;0.466412577955898
2016;5;12;21;2.28583585220816;2.67397213132473;36.3476921984744;12.63838938694;7.79481012529532;1.74258850625311;0.253141182038894
2016;5;12;22;2.12220422256616;3.13103194058822;43.6235120329522;10.2460213263194;5.7531341651996;1.98884190305242;0.657954060864806
2016;5;12;23;1.69555034013331;2.58910020613413;50.2745296361807;9.44016001001994;5.06626830839316;2.03339018457412;0.582770231643844
2016;5;13;0;1.14006248323477;1.7771868531933;54.463220979995;8.84640202204386;4.26710415933132;2.07751092080307;0.415530381453074
2016;5;13;1;1.02590876880499;1.54703512076249;64.9837359721634;8.11802731730143;3.55100998973052;2.04925483916782;0.339876862390695
2016;5;13;2;1.03580665042702;1.67279402215607;63.9328466625678;7.41368668044408;3.01382402156591;1.89979759394574;0.415441031666384
2016;5;13;3;0.58805644261547;1.55035928914725;68.9156231247691;7.27473601477941;2.81753267004093;2.11565692317537;0.627610695410631
2016;5;13;4;0.70934289664109;1.49967156607571;67.5511513586287;6.88664604984919;2.52786450454791;2.07412432142506;0.515449712753646
2016;5;13;5;1.14677237796301;1.8056898668807;64.4804770551221;6.80679532782237;2.47171531074047;2.12295809623075;0.429743780690561
2016;5;13;6;1.20226840990782;2.12111353709992;66.0345075030255;6.56277799549103;2.29465316989422;2.28914387490597;0.599267716322464
2016;5;13;7;1.0414739942091;2.34805170040183;68.5486990458538;7.53149264637629;1.49518132511775;2.22919497188442;0.852145606497036
2016;5;13;8;0.780983781440163;1.99247725788601;69.3944530873518;5.81141998246511;0.265745336780945;2.26175689270882;0.790131990129693
2016;5;13;9;0.930029021761984;1.56189105289813;63.2450110853286;7.31334799048106;0.288820351451636;2.31059439857502;0.412098301687642
2016;5;13;10;0.947836683855902;1.58485666862162;77.3816589871262;6.96255667230288;0.434500483715534;2.21081161593315;0.415462301779734
2016;5;13;11;1.10318581269209;2.19185047512536;79.6840301444837;8.18671470098496;0.432039171067874;2.16970560444624;0.710023448773161
2016;5;13;12;0.866776544038413;1.91632741911695;90.2707470674898;7.16507266391118;-0.113761498642961;2.2618030209144;0.684513567585219
2016;5;13;13;0.838692375859078;1.97231652255158;88.9000676950953;5.01094332300027;-0.354049159881473;1.95085791266963;0.739345873915035
2016;5;13;14;1.0550260431411;1.85378374389143;72.5419220704754;5.61927934247653;-0.208215166006486;2.07379484335084;0.520947098763422
2016;5;13;15;1.18689108010959;2.0062457914306;73.0156659593342;5.84753667731285;-0.00761650726199128;2.12263283239667;0.534380400113652
2016;5;13;16;1.18179009756047;2.23345283079625;76.2441960576395;5.23920065940221;0.140524990830819;2.01127852259785;0.685890914406387
2016;5;13;17;1.12068624243745;2.12610857347218;79.7827448671308;4.8396846771876;0.175752836414178;2.24815444772962;0.655733078870457
2016;5;13;18;1.70256396921116;2.33221788984858;78.5922768800686;4.80396198196411;0.398503488703569;2.04642026106063;0.410658179411535
2016;5;13;19;1.212806977894;2.07915215217644;81.2455395943611;4.13547534222603;-0.217291336854299;2.0511416568063;0.565027422766842
2016;5;13;20;1.43905259559067;2.50701362683235;82.0243958465738;3.65610865520636;-0.254826667400201;1.88880986868567;0.696520609810863
2016;5;13;21;1.39288023477363;2.03311497295031;83.9483433093066;3.82986266798178;-0.11391533091267;2.07300696972229;0.417558953193687
2016;5;13;22;1.45050867248967;2.11318244271558;81.0647139370525;3.5057319926103;-0.0643809916377061;2.12313359298225;0.43219361478646
2016;5;13;23;1.64817943588323;2.41504173300399;77.4724041368819;3.48064733577569;0.0143816604316236;2.03490301944012;0.500145023279069
2016;5;14;0;1.57298382026347;2.60048803912865;75.5617488050222;3.49798332080841;0.0559166703343394;2.0828885438052;0.670134812199205
2016;5;14;1;2.00542077406069;2.98539881465982;77.9231169823736;3.36835734109879;-0.04299817502896;2.10902839058107;0.639138397817533
2016;5;14;2;1.80757789544894;2.58446954932352;75.8544926021027;3.43927732356389;-0.00330916519959746;2.13816780331047;0.506686136182848
2016;5;14;3;1.60490753074839;2.58020241919657;74.5191548635207;3.31030799736977;-0.090378844189644;2.08163314691831;0.636084061660502
2016;5;14;4;1.79405965505031;2.9119482134315;71.6538144118482;3.46239200732708;7.51649061836557e-05;1.98740089677267;0.729083175889824
2016;5;14;5;1.78779086016696;3.01558221159807;65.08775935122;3.6635946621577;0.18375215845108;1.93600508089273;0.800761409641529
2016;5;14;6;2.04058560594149;2.86389327722084;63.8919357140999;3.19920000469685;-0.128375665126244;2.05938762778465;0.536958507366813
2016;5;14;7;1.72459396511138;2.71154443727163;55.2276622454235;3.47263599599203;0.0866833314994979;2.17934507330008;0.643685794343008
2016;5;14;8;2.7412932492057;3.90026800447812;39.7460688651915;31.7471266109308;22.2157621445139;2.08039778773159;0.755879455975269
2016;5;14;9;2.09173925962958;3.24640008212985;36.4684082033858;5.91977000751495;2.41402783274651;2.04356606106913;0.753065923461214
2016;5;14;10;1.59753919381708;2.85723876235108;38.6089311831331;4.75825800363223;1.39703566035827;2.09455463337114;0.821571842030277
2016;5;14;11;1.39804109605549;2.60090231376387;46.4525549298906;5.04114998121262;1.48810500586828;2.05258164707168;0.784502059875703
2016;5;14;12;1.46498281588423;2.58069780799556;49.1441069356592;5.53325598785082;1.31888833553394;2.11728027998344;0.727665583244162
2016;5;14;13;1.56012134483559;2.69315392806357;53.4237022807129;5.72224466215769;1.7613130277276;2.21582458785553;0.738960058203604
2016;5;14;14;1.48685631582185;2.45789040923372;56.2274722315222;6.36262599849701;1.38534432350397;2.05003997183376;0.633305185399898
2016;5;14;15;1.0596543862584;2.42425886241939;66.760020379788;6.37969934686025;1.29919765830437;2.11645419836636;0.88999047163847
2016;5;14;16;1.39699690893383;2.54642271345803;100.58181469557;30.6612624347051;5.83051238644123;1.98108346188555;0.749651662260289
2016;5;14;17;2.31932316344999;3.38523027144155;82.871607665714;9.08135736614863;4.49293149735928;2.08905552587855;0.695181047942191
2016;5;14;18;2.16095325429718;3.16931684427732;76.6330334697242;11.4021486310959;6.51030187265078;2.04579434277892;0.65765135810943
2016;5;14;19;1.77587797954643;2.83527826287386;81.4537223543789;10.0502032782237;6.05049404137135;1.89156812403988;0.690937318676412
2016;5;14;20;1.95971457753514;2.92319070810727;73.5874617905893;11.6795246796926;7.48575905164083;1.90785704072195;0.628375907334439
2016;5;14;21;1.8805899335574;2.72302973281752;71.9117913008798;10.3076166666667;6.01588152670066;1.91129290568119;0.549436417195282
2016;5;14;22;2.08050327635934;2.83439439876794;78.0071050404903;7.54580800676346;3.67130764436722;1.93015291150732;0.491685266549956
2016;5;14;23;1.70343228892023;2.84421119176695;80.5263225711172;6.47031933558782;2.70246533641418;1.79434316735577;0.744012181929844
2016;5;15;0;1.03290092094752;1.95694689176465;82.924695157203;6.59731868244807;2.56986103051504;1.83762408325746;0.602659689126027
2016;5;15;1;1.77550003748485;2.67816579413652;76.547351139839;7.81963800551097;3.75453149735928;1.95117288111723;0.588715585012879
2016;5;15;2;3.32039554790529;4.28619058453276;65.9083596751224;10.4434153353373;6.35923747799397;1.93018679169684;0.629888290101706
2016;5;15;3;2.79256985667062;3.36344629929467;74.4147285849509;8.43887469847997;4.57430931543509;1.86978221834391;0.372323704995914
2016;5;15;4;2.4925374221382;3.15099829609855;77.4147916127384;7.66374527772268;3.90405750880241;1.77681238983462;0.429445977943805
2016;5;15;5;2.23613288056393;3.01450472327273;76.7713197189165;9.06297061055501;4.6295355211258;1.57093828721784;0.507651510385919
2016;5;15;6;1.86294129941369;2.84731047222395;75.7347219671712;12.1141067067464;6.76812648415565;1.93568498691447;0.642002279547278
2016;5;15;7;2.62004643147025;3.48223226352778;83.9643868575838;5.4482833395958;2.04528934697708;1.88395431473961;0.562314713690236
2016;5;15;8;1.37092146951035;2.3415502249506;77.6847487889822;5.8334840083917;2.60478118588527;1.78155425300228;0.633040825331585
2016;5;15;9;1.35686786172121;2.42047461513093;72.6133626631346;7.23536274625487;4.41816069646609;1.65815716448992;0.693680764383847
2016;5;15;10;1.34805511652727;2.76076561849132;69.4291106195599;9.66066645800058;7.08547421103009;1.73100658985624;0.921365060642868
2016;5;15;11;1.36026965537946;2.8989175893404;68.2922685999869;11.4714637196428;8.31462870255164;1.58789605700753;1.00350103224335
2016;5;15;12;1.72198031088566;2.70780848868166;66.2771610245803;13.0636013305927;9.69150620204004;1.63546508338487;0.642953837715275
2016;5;15;13;1.45641473516675;2.45204245723028;64.005306933668;13.655268763492;9.9164713349426;1.91056994466141;0.649345067684744
2016;5;15;14;1.32119063166295;2.31400399609069;71.7001260217478;13.35455;9.31437576584816;1.84244528202822;0.64750955305512
2016;5;15;15;1.41675671904572;2.5712043852649;64.3870089623055;13.6194254846053;9.36003633162758;1.69375965701636;0.752926903648183
2016;5;15;16;1.83065941745641;2.58791753914368;61.7866151947074;14.0241709118236;9.4439453905279;1.62477643203379;0.493881212209217
2016;5;15;17;2.16139061103007;3.26061218067066;60.7847268853927;14.1150057411194;9.65153655953841;1.95902545173188;0.716908628316851
2016;5;15;18;1.65808321322843;2.6930316384218;69.0764357902062;13.4657143125534;9.47716444039345;1.75505764967766;0.674989898648605
2016;5;15;19;1.69169002741254;2.65554488783174;67.7684548595296;13.7012020114373;9.8219992417467;1.47566490317022;0.628622913672983
2016;5;15;20;2.02239508266122;3.04708000297841;66.578377694662;14.4768870977674;10.5916870013816;1.6667945512002;0.668296075123187
2016;5;15;21;1.79059963308738;2.64664533639277;60.1058936720913;14.4434257214433;10.0936720368822;1.63680315023582;0.558310142270828
2016;5;15;22;2.09705759553969;3.22607836806255;55.8444645154268;15.1834572926883;10.9647687463596;1.77436967918549;0.736343568690379
2016;5;15;23;2.13607530394958;3.05975459161891;52.2408964521184;14.377602162746;10.1109491506041;1.71523765444104;0.602420539604419
2016;5;16;0;3.44998346595728;4.54761567381914;62.1355896143967;10.3687772781767;6.67950257406564;1.66424743764391;0.715872051884799
2016;5;16;1;3.32881264631285;4.21857028337535;64.18400002609;11.1702275680674;7.5299356860128;1.70110905571542;0.580296952623922
2016;5;16;2;2.34304720578394;3.27006158501446;61.2113655515624;10.7039488867398;6.73169984154866;1.72382844114766;0.604595675157143
2016;5;16;3;1.62839768877078;2.43104780191995;58.1270443066852;10.0696250750655;6.1358792763807;1.5785541193602;0.523485717100949
2016;5;16;4;1.17033527257627;2.36680549344679;54.6787689529405;9.59421402905782;5.65498850410779;-999;0.780333873130516
2016;5;16;5;1.29539096870844;2.16602665220009;51.7086974464594;9.70387734235128;5.68175550792217;-999;0.567825678511554
2016;5;16;6;1.90635943983285;2.66006613990366;49.9483111215632;11.4490346771876;7.72804650762877;-999;0.491564986918566
2016;5;16;7;-999;-999;25.8448474059288;18.4835106381098;12.3601219876766;-999;-999
2016;5;16;8;2.01352499961615;4.35645864805681;23.0796005096479;12.0726053628922;8.33322685798009;1.92078429982625;1.52805348305728
2016;5;16;9;1.63519745222516;2.48765453339133;47.6051722808122;10.2686107007345;6.11448863233726;1.74144714080169;0.555969654923748
2016;5;16;10;0.980347558526247;1.97557982415351;65.4122268222766;8.03187265138626;3.4624019935449;1.76545458344686;0.649087152320707
2016;5;16;11;0.884673611704515;2.16118646107393;76.2553260880041;7.69198197695414;3.29626199061076;1.52116518172025;0.832537407512378
2016;5;16;12;0.897906554489661;1.63322384819734;72.7876129594359;7.86547331705093;3.59823682570457;1.71189470837991;0.479571477643033
2016;5;16;13;1.06562516373837;1.89831324111173;76.6223214854058;8.34746666666667;3.6929981566906;1.73375966242487;0.543076376822477
2016;5;16;14;1.10290057301541;1.95423649091511;74.721773123329;7.33803865238825;3.05889716725349;1.69776388405808;0.555238435994205
2016;5;16;15;0.944752108349627;1.81471282003586;82.9783944852468;6.12859000876745;2.25527183744113;1.75220333056436;0.567385464159381
2016;5;16;16;0.817398087962867;1.74493473290054;83.8881918378072;6.4981620007515;2.11651416006486;1.79850011249657;0.604936295103176
2016;5;16;17;1.12823223812006;1.91746186151938;89.1482674218903;6.9965720170339;2.98459566109181;1.70378351158042;0.514732918608241
2016;5;16;18;1.18377763417154;2.40312116424501;78.232115017529;7.12659199323654;2.99228731308778;1.66092837918081;0.795251768829296
2016;5;16;19;1.13391051883993;1.94857538536153;88.4094537307868;5.90335333458583;2.15927985563278;1.67765045059027;0.531321699033699
2016;5;16;20;1.33609078923608;1.94102579954076;93.5231035464125;4.88223666478793;1.4794903474172;1.75352359436805;0.394536588833649
2016;5;16;21;1.36171840179382;2.28380331093574;94.0335312493289;5.87564203394254;2.52647999486526;1.74967258085854;0.601380691265678
2016;5;16;22;1.227358868866;2.13540222318761;88.0581786873495;7.751213307031;4.03696952141921;1.53707742585603;0.592222836212895
2016;5;16;23;2.21683994372863;3.27447382243889;79.9450434473057;8.90655264387131;5.28624999266466;1.69482122423711;0.68978527549775
2016;5;17;0;4.48106604892174;5.51998101835104;68.8108197048698;9.91453599599202;6.39261934917768;2.58082942453505;0.677576865522143
2016;5;17;1;4.27475154774744;5.34078326207134;69.2107925899624;9.18222132631938;5.71744482922554;2.68628960310159;0.695262315775053
2016;5;17;2;3.57332580228492;4.28166071138099;74.8697719810239;7.38886468219757;4.33556002640724;2.86333771608031;0.461973656716941
2016;5;17;3;2.91173750225585;4.092533407406;68.407413281155;9.26089005260468;6.10356651643117;2.83291947959094;0.770111136884013
2016;5;17;4;2.44938731282064;4.02166770297655;63.618651616365;9.39668863360087;6.34523863233725;2.59631881047009;1.02543600759645
2016;5;17;5;2.55639391969697;3.78961748424474;63.3212311677161;8.25513934310277;5.26748233656089;3.2984803533809;0.804304280853067
2016;5;17;6;2.95123014178683;4.40165402296304;53.0358256976499;8.42140734736125;5.25040684917768;3.53683840030794;0.94596160032779
2016;5;17;7;2.88631367543521;4.95999998876288;48.7685823876614;9.00176937942505;5.70606118808587;2.88914269943828;1.35245127234289
2016;5;17;8;3.83597766378904;5.50965617838834;55.4186711963516;7.9706713388443;4.7587554639101;3.57289326524203;1.09156752495048
2016;5;17;9;3.41655485763495;4.99103982141489;62.9954739322399;7.0811506280899;3.87252165052891;2.63068532611944;1.02687382313472
2016;5;17;10;2.04452620284194;3.43673153895918;70.6718739027313;5.62295665038427;2.32126634052197;1.995825353193;0.907991660114119
2016;5;17;11;1.50582818656711;2.45671279277821;79.8702362788477;5.67565696481931;2.6677459229534;2.10208181419886;0.620163757293534
2016;5;17;12;1.20687379605613;2.4130386564452;80.394115041945;4.75129735925992;1.47625982849201;1.80979253836388;0.786656684573834
2016;5;17;13;1.1639681083154;2.11369554880287;76.177190844933;4.90495733170509;1.68793450968266;1.7862216950432;0.619409057681941
2016;5;17;14;1.31802535984079;2.21993824206062;78.3919597274706;5.03405801302592;1.67701234976451;1.7377862985653;0.588224562828521
2016;5;17;15;1.5589882258812;2.64238687535946;79.8203405030821;5.43331134761175;2.14297348283529;1.88440857725016;0.706588972750729
2016;5;17;16;1.18749454969804;2.24963597327204;88.799803255895;5.28897601415316;2.17820131191413;1.63190977408677;0.69272508116986
2016;5;17;17;1.16861910500638;1.80821862439672;91.2523516191646;6.16418134573301;3.03013031367461;1.7069397424232;0.417144665627489
2016;5;17;18;1.34754370491768;2.13398693653946;97.4215887142122;6.02825133132935;2.79907264730136;1.73695592739725;0.51291564321776
2016;5;17;19;2.39022952387329;3.30133581168222;101.958218739695;7.59794734986623;4.23941415639718;1.65422060138295;0.59422047118082
2016;5;17;20;2.72168128764994;3.38796712629478;104.346127537376;7.55158666791916;4.12111632951895;2.60941531629819;0.434549393718678
2016;5;17;21;2.477480130092;3.78661165700154;100.081149925823;7.58205600976944;4.13050017224153;2.45937551846346;0.853811199820187
2016;5;17;22;2.80684005389044;3.80105157791523;90.3944562200194;8.387391999499;4.84520981748899;1.80129189658902;0.64842142806428
2016;5;17;23;3.03843096637201;3.95849907109522;85.5912947594411;7.95333534911474;4.44878132511775;2.28533928047746;0.600065338174607
2016;5;18;0;4.38888468985027;4.87906840328979;79.7529661662458;7.73492798922857;4.36632665639718;2.77839465576927;0.319696177122952
2016;5;18;1;2.8100930357074;3.97446266926995;75.7131952421002;8.7682586285909;5.46208151936531;1.91278643961506;0.759397977537918
2016;5;18;2;2.01422366954433;3.15324571493569;83.7780815641726;7.89226533533732;4.61015251760483;1.84891222101534;0.742866365378155
2016;5;18;3;1.64820781711294;2.33435089445314;87.9507986731964;6.83161732606888;3.59516016197205;1.83862983093082;0.447500218328051
2016;5;18;4;2.0310354787879;3.1403322416416;82.0555499200715;7.53569534660975;4.40847698620955;1.89137442575593;0.723479635605943
2016;5;18;5;3.62676538442895;4.5510343373483;69.5347530222568;9.30409866867065;6.23109433450699;2.5032170539465;0.602805117306713
2016;5;18;6;6.43695546564514;7.99831204937393;60.4320778867525;10.8849579879761;7.83742195833524;3.31261835844197;1.01831153760973
2016;5;18;7;5.31742996670875;7.27893006079445;45.1048928540153;11.5238946621577;8.21569817136129;3.32979435189759;1.279283795672
2016;5;18;8;5.04261560255719;7.71104072512853;43.5754310649898;10.9395926651637;7.27562260328928;2.71806855627894;1.74033793297409
2016;5;18;9;2.24839899428665;3.33542514196467;65.4268004867108;8.4849726451238;5.00719635739327;2.09122210177731;0.708954814934354
2016;5;18;10;1.88300391873549;3.12355605160213;69.0804880879674;7.87781868871053;4.42555248826345;1.7645060656276;0.809083948579866
2016;5;18;11;1.89246588597014;3.33139733655971;75.6252243041302;7.91866331329346;4.29694786355495;1.95960748901757;0.938466275567566
2016;5;18;12;2.16874448268567;3.55191609166302;81.7084270537223;7.66807934560776;3.76160782394409;2.15213951644615;0.902099893511901
2016;5;18;13;2.10253636053562;3.23593300923204;86.4841483672524;7.0255966779391;3.03397616901398;1.99521372686908;0.739197500483491
2016;5;18;14;1.83238073875197;2.68115792932801;92.6666185484131;7.09494068069458;3.15965798885028;1.8622980979267;0.553569642598494
2016;5;18;15;1.81607446397371;2.84664971665939;94.0418723541391;6.90700268144608;2.88644998532931;1.91204613658849;0.672137730177322
2016;5;18;16;2.10379007352997;3.14157337357261;86.9284921436617;6.94482666416168;2.98413418720563;1.947645026603;0.676838794536179
2016;5;18;17;2.39785107797431;3.43592043973523;102.206462291953;8.07140399398804;3.56439347329934;1.4725402492091;0.677025363031313
2016;5;18;18;2.62129332155101;3.49719344004961;111.063698328983;7.87400999123255;3.39286931250095;1.98925732288542;0.571259125401547
2016;5;18;19;2.41292749379058;3.39105438357398;102.449590788924;7.45728934310277;3.24011282981237;2.14449519141427;0.63793108345183
2016;5;18;20;2.20691095696286;3.12510197511909;106.492882419454;7.20026999499003;3.25964964084625;2.2216919997509;0.598841108598753
2016;5;18;21;2.28846779606591;3.39175663536952;107.157205664778;7.45939066816966;3.38440849090417;2.15738051699268;0.71956128797678
2016;5;18;22;2.26568022570189;3.45746422740872;107.135223167031;6.92302533283234;3.09658631631533;2.08835065924597;0.77727753667804
2016;5;18;23;1.79685534233196;3.01063246626498;107.417139134076;6.10350531905492;2.29942200968266;1.8941025679362;0.791621377376818
2016;5;19;0;1.99140570988684;2.62033580105178;107.457907107645;5.93408534911474;2.17635536502202;1.97473069853685;0.410186100252451
2016;5;19;1;1.56518276954565;2.32620582378185;106.960854649749;5.4930680167834;1.9406826737086;1.98074327057736;0.496336688615348
2016;5;19;2;1.36292776986145;2.31234659086656;108.873000898148;5.21122666729291;1.7614668389082;1.94858947465234;0.619207777088583
2016;5;19;3;1.19158253946305;2.20973311967865;111.161012854769;4.93490132193565;1.53148599017064;2.10126589706981;0.664034400381197
2016;5;19;4;1.04483054008379;2.01333702056327;112.108579454284;4.78979259120093;1.49613852650589;2.28953978097221;0.631656684706018
2016;5;19;5;1.07626276485764;1.86473574232112;108.715403034923;5.07785038999275;1.73714407635618;2.16432660799411;0.514239436661593
2016;5;19;6;1.48767162180576;2.68644894158665;101.763372098777;5.39590153470406;2.07190251421928;2.0288201287687;0.781838555317348
2016;5;19;7;1.34532002184644;2.34298094018589;92.4049974751104;5.66656705381356;2.22442369839257;2.26727431010685;0.650671111490216
2016;5;19;8;2.27396934171627;3.50955007395133;71.230259312791;6.77629787915094;3.13978055111851;2.17379371019584;0.805841617728617
2016;5;19;9;1.99760170393873;2.88710631814917;72.5243162692616;6.43152071678429;2.76484070113667;2.0348523746616;0.580131931966748
2016;5;19;10;1.99428065277295;3.14405147910122;83.2921971556793;6.28585035597045;2.82295398888917;2.0087012808224;0.749876684326023
2016;5;19;11;1.69989615222935;2.89620090414915;77.8999051531167;6.40907723541917;3.10319587997733;2.13994540193665;0.780225954834722
2016;5;19;12;1.56857586280718;2.82306904486114;75.3633839330827;6.94797865489324;3.5474718007644;1.93452370765598;0.818176254195236
2016;5;19;13;1.36688546183567;2.43113245221641;78.9734656812593;7.17741801052094;3.46809384712378;2.14511303840019;0.6940983247933
2016;5;19;14;1.58000708147893;2.81440260473035;87.7376541126909;7.29995194063187;3.48609233362675;1.80201497362873;0.805068628396717
2016;5;19;15;1.57590994522;2.61684914235918;89.5093352286509;7.14642330452601;3.14596680956682;1.89294739154363;0.678897060058871
2016;5;19;16;1.34585993788468;2.33863753504951;89.1293685091934;7.27237200450897;3.31410665493012;1.82218798167403;0.647486225765974
2016;5;19;17;1.39699055169193;2.34758242888689;89.7818323386682;8.35285133759181;4.29079450674852;1.90282805006598;0.619972840409055
2016;5;19;18;1.75946399861051;2.77708883864391;96.6132580921765;7.7986246295929;4.04789166666667;1.90369425632701;0.663691514394165
2016;5;19;19;1.44452195185;2.40763763778743;88.099835327366;7.04647867368062;3.7229956757625;1.75015428886046;0.628140826550195
2016;5;19;20;1.89335789163839;2.7214071241597;83.0996880918922;8.04789535913467;4.87336138233344;1.56744666568079;0.540050937737486
2016;5;19;21;1.95614290671111;2.83294852143993;73.2735283565854;11.5179847022374;7.69035738057296;1.93460055793971;0.571849687011947
2016;5;19;22;1.8169072708342;2.65967229809543;82.1375163408544;8.33984932181041;5.42377703022162;1.83853177001068;0.549648529808969
2016;5;19;23;1.64560434654005;2.68706474739835;62.1805119952935;39.9324764261882;29.3080939422051;1.72187340289757;0.679236987379862
2016;5;20;0;1.52714329875683;2.67223354809601;69.261393458848;9.36779531529745;6.18402131338119;1.84412361284659;0.746824027680937
2016;5;20;1;2.23416169819836;3.30899194485982;85.5452592410148;7.67714135262171;4.07035133392016;1.83040522406035;0.701000689114455
2016;5;20;2;3.09728001888354;3.97233161103186;91.611311137692;6.87771536038717;3.36487170187632;2.08777290428859;0.570705719356151
2016;5;20;3;1.85335162292402;2.98490472417572;95.4746458033434;6.38114399023056;2.87983516197205;2.10922928147701;0.737995145010914
2016;5;20;4;2.13263460603443;2.97231095674859;96.4721841639824;6.1858513062795;2.75169201114972;1.91321386644446;0.54763410530364
2016;5;20;5;1.86230078820404;2.74102297330986;99.0235672102728;6.03508065188726;2.62539482922554;1.7476496105444;0.573099667796523
2016;5;20;6;3.18586357199661;4.165442917852;98.6249983719572;5.50449400275548;2.26773235123158;2.3940824443692;0.638878370440206
2016;5;20;7;3.6756257968731;4.709741424122;91.535579426313;6.17981002254486;2.40387480575244;2.92256397362786;0.674446750616828
2016;5;20;8;3.65050963765717;5.13560740516763;83.8655102000927;6.85552001377741;2.92336996479034;3.4467653833919;0.968575792931769
2016;5;20;9;3.6349420114533;5.26927831471702;84.3070638013821;7.80939399649302;3.97805131924947;2.88270441625836;1.06590866640683
2016;5;20;10;2.92970323847465;4.36693393434771;89.571231308008;8.70443067067464;4.65445651936531;2.07755707612853;0.937357049034366
2016;5;20;11;3.24239895272446;4.63993008984592;88.1267318254112;9.70466533533732;5.67437154430548;2.58160461439522;0.911465129702119
2016;5;20;12;2.61686757504024;3.93933585859006;88.4575786812906;8.79491936063767;4.96104635005792;2.27061435576426;0.862509387859112
2016;5;20;13;2.14757102730919;3.14499632210961;97.5872972478474;8.08979067443212;4.66076365434329;2.10761519793711;0.650517438606759
2016;5;20;14;2.61649374190875;3.95383914922826;99.3182909384368;8.71861466967265;4.95996949941317;2.3997605049305;0.872212198183803
2016;5;20;15;3.27658533036524;4.53756236413456;95.3978899255073;8.64165329701106;4.4787788368543;1.95706190745166;0.822405000580724
2016;5;20;16;2.71862228135755;3.60863650803152;93.8572554983982;5.95220932556788;2.59047465551694;1.66321467665192;0.58046429950964
2016;5;20;17;3.06524480674612;4.06606768873837;93.5951636318531;8.08900265639623;4.59261551232338;1.95622195147723;0.652733333600594
2016;5;20;18;2.77510943635378;3.73580098325698;95.1533754573333;7.55697135136922;4.35601985123157;1.86442576076328;0.626559811186343
2016;5;20;19;3.56718648476729;4.26694082762176;96.3842684621885;8.92441402279536;5.37962679929733;2.03260091471171;0.456377440135736
2016;5;20;20;4.12782272124803;5.13996993522474;96.4430815547283;8.85992935187022;5.64652768251101;1.85543266839222;0.660119025015149
2016;5;20;21;2.89450199480463;3.86965361630322;101.312197553506;8.66227266391118;5.77067118515173;1.94510340247305;0.635990623435531
2016;5;20;22;4.03618468177138;5.11308204363027;93.949985257195;10.410844612058;7.32454163732528;2.06480553249184;0.702348854727011
2016;5;20;23;3.67363236603818;5.05644620957276;94.5890866065836;10.4891193418503;7.54498478814761;1.96828662560795;0.901866560087668
2016;5;21;0;3.1998495671538;4.04501354897835;93.7271465852348;10.3753846521378;7.61774799178441;-999;0.551213119945194
2016;5;21;1;3.72309138450067;5.13601500763173;87.3555436403696;11.7811766892115;8.98040362793604;-999;0.921504057554621
2016;5;21;2;9.33067223079733;10.862519830276;61.4494683850189;15.5380979529063;12.8556191255887;-999;0.999065876856667
2016;5;21;3;-999;-999;60.5239758637921;15.4663899148305;12.7193227975368;-999;-999
2016;5;21;4;-999;-999;56.5592072807393;15.8110087037404;12.9559185246468;-999;-999
2016;5;21;5;-999;-999;66.2171119891674;13.0861046471278;10.3307527118524;-999;-999
2016;5;21;6;-999;-999;69.5559622666767;11.9972199824651;9.02409235563278;-999;-999
2016;5;21;7;-999;-999;57.730733923585;12.201311954637;9.20698615172993;-999;-999
2016;5;21;8;-999;-999;47.1362290968269;12.2547024155332;8.96302864961457;-999;-999
2016;5;21;9;-999;-999;55.9626267625135;9.57057402029037;6.12771834506988;-999;-999
2016;5;21;10;-999;-999;79.2387301856837;8.34365796918869;4.48124018251101;-999;-999
2016;5;21;11;-999;-999;92.2317118201814;8.58124001502991;4.28325664025942;-999;-999
2016;5;21;12;-999;-999;94.9467013188233;7.59072400776545;3.33933534154892;-999;-999
2016;5;21;13;-999;-999;89.3013805943209;7.54462603607178;3.25641917693615;-999;-999
2016;5;21;14;-999;-999;95.1918127324043;7.86008865238826;3.68330666226546;-999;-999
2016;5;21;15;-999;-999;103.970849991687;8.02635661907196;3.90621119542122;-999;-999
2016;5;21;16;-999;-999;105.118134233395;7.87098931805293;3.69838234389623;-999;-999
2016;5;21;17;-999;-999;-999;8.57880437757319;4.42953821062608;-999;-999
2016;5;21;18;-999;-999;-999;7.99438738608779;4.0358279135771;-999;-999
2016;5;21;19;-999;-999;-999;9.48402534535726;5.31455534301599;-999;-999
2016;5;21;20;-999;-999;-999;13.337082617569;9.35344949061076;-999;-999
2016;5;21;21;-999;-999;-999;13.128787992986;9.31822171654701;-999;-999
2016;5;21;22;-999;-999;-999;13.1922219418844;9.12885289142926;-999;-999
2016;5;21;23;-999;-999;-999;13.1170992842356;9.15746584213575;-999;-999
2016;5;22;0;-999;-999;-999;13.5946273674011;9.97432086267472;-999;-999
2016;5;22;1;-999;-999;-999;13.1831600350698;9.61065876936912;-999;-999
2016;5;22;2;-999;-999;-999;13.277982617569;9.7169576737086;-999;-999
2016;5;22;3;-999;-999;-999;15.6098060536067;12.0635313251177;-999;-999
2016;5;22;4;-999;-999;-999;16.7366460811615;13.3489626208941;-999;-999
2016;5;22;5;-999;-999;-999;16.9329893243154;13.2228192611535;-999;-999
2016;5;22;6;-999;-999;-999;-999;-999;-999;-999
2016;5;22;7;-999;-999;-999;-999;-999;-999;-999
2016;5;22;8;-999;-999;-999;-999;-999;-999;-999
2016;5;22;9;-999;-999;-999;-999;-999;-999;-999
2016;5;22;10;-999;-999;-999;-999;-999;-999;-999
2016;5;22;11;-999;-999;-999;-999;-999;-999;-999
2016;5;22;12;-999;-999;-999;-999;-999;-999;-999
2016;5;22;13;-999;-999;-999;-999;-999;-999;-999
2016;5;22;14;-999;-999;-999;-999;-999;-999;-999
2016;5;22;15;-999;-999;-999;-999;-999;-999;-999
2016;5;22;16;-999;-999;-999;-999;-999;-999;-999
2016;5;22;17;-999;-999;-999;-999;-999;-999;-999
2016;5;22;18;-999;-999;-999;-999;-999;-999;-999
2016;5;22;19;-999;-999;-999;-999;-999;-999;-999
2016;5;22;20;-999;-999;-999;-999;-999;-999;-999
2016;5;22;21;-999;-999;-999;-999;-999;-999;-999
2016;5;22;22;-999;-999;-999;-999;-999;-999;-999
2016;5;22;23;-999;-999;-999;-999;-999;-999;-999
2016;5;23;0;-999;-999;-999;-999;-999;-999;-999
2016;5;23;1;-999;-999;-999;-999;-999;-999;-999
2016;5;23;2;-999;-999;-999;-999;-999;-999;-999
2016;5;23;3;-999;-999;-999;-999;-999;-999;-999
2016;5;23;4;-999;-999;-999;-999;-999;-999;-999
2016;5;23;5;-999;-999;-999;-999;-999;-999;-999
2016;5;23;6;-999;-999;-999;-999;-999;-999;-999
2016;5;23;7;-999;-999;-999;-999;-999;-999;-999
2016;5;23;8;2.87699976697581;3.88834408603272;-999;-999;-999;2.75129836497649;0.659595379635972
2016;5;23;9;2.06015471025323;3.44986535307404;-999;11.1732257418228;7.53492830150411;2.60107725901624;0.906364629496628
2016;5;23;10;1.21010852882216;2.33085775240938;-999;11.4742506781896;7.47006794190407;2.3469777858037;0.73094889216175
2016;5;23;11;1.52679704082044;2.55765906088397;-999;11.1793304313791;6.88924637202559;2.4070856284543;0.672324758901266
2016;5;23;12;1.94281221440531;2.96536931766638;-999;11.3201966842016;6.88150164906184;2.47620862070368;0.66690831996159
2016;5;23;13;1.9329554170159;2.86812879937633;-999;11.494870007515;6.5527598028183;2.42127657697542;0.609916949687997
2016;5;23;14;1.70569988024751;2.82261474016514;99.4141712942669;11.0801193293254;6.6838258538723;2.51658606180811;0.728448133011131
2016;5;23;15;1.5436581501809;2.59519676059116;100.024523252055;10.8269086536407;6.69597867194812;2.34746894590941;0.685809961915058
2016;5;23;16;1.57609680038081;2.48597756393019;117.291409249568;12.9228573223114;7.75265977347692;2.77503484795247;0.593421188360923
2016;5;23;17;1.83351088774312;3.36068633703489;101.437524253234;11.5031148370813;7.61067164645372;2.03068878873571;0.996018716143743
2016;5;23;18;1.51460126564957;2.6015188033901;97.431880120782;10.6399579424365;7.59359084325001;2.11269061644654;0.708883979896674
2016;5;23;19;1.98068772108935;3.24981885406853;83.8355348263483;11.7608199466179;8.51786396066074;1.93927046070347;0.82772307679134
2016;5;23;20;1.98737405414073;3.1480017897308;76.5607009728904;13.0796330588768;9.82979705743132;1.89463346029491;0.75695752420545
2016;5;23;21;1.93044770333684;2.8140070686019;87.1751974168316;13.4890353178024;10.4884317758242;2.04746870600942;0.576254460504988
2016;5;23;22;1.89246323150601;2.97201342327903;86.3419478368253;13.7658859834671;9.23930520745119;1.95560936811063;0.704079021517235
2016;5;23;23;0.948367862840356;2.10933609373456;105.020600144384;6.81323068319956;2.74538482482433;1.84056635267699;0.757179594103074
2016;5;24;0;0.811196122874198;1.39893566940909;106.335723099039;6.70396131629944;2.68846650909583;1.77059769032859;0.383321764921033
2016;5;24;1;0.635806921035823;1.65272746129805;112.181520797294;5.995155347236;2.31080569116672;1.69204171253704;0.663232172440897
2016;5;24;2;0.586504798083363;1.34340001605706;109.315697246588;7.36627534535726;3.20473118955294;1.74141910369876;0.493644527621965
2016;5;24;3;0.866584417575308;1.80711752088681;98.7166664628607;6.18361868244807;2.32926564055284;1.88009412636716;0.613412541751802
2016;5;24;4;0.729970357126159;1.87082467812706;96.4489981425252;5.98674998121262;2.33326532907883;1.91659371851726;0.744061369397555
2016;5;24;5;0.713779176924065;2.06141005933228;94.0074265932608;7.37730731604894;3.63254170334339;1.76075837181273;0.87892035060829
2016;5;24;6;0.981085548618262;1.99346391802725;79.1696688208342;13.0916206042925;8.95948231455485;1.82173027641694;0.660269783814336
2016;5;24;7;1.21841560660312;2.05464302762688;72.36683873726;8.51609866240819;4.14865249559879;2.00763744337693;0.545384724904091
2016;5;24;8;2.38655961675332;3.42130074407471;70.2495786075073;7.12173266766866;3.186425;2.02739582315115;0.674854699670383
2016;5;24;9;4.78536387910471;6.38797332387155;65.7110854950207;5.45576932932536;1.68485783127944;2.04243247358586;1.04521651549386
2016;5;24;10;6.26152736917572;8.18688846900642;58.9317948123532;5.30736267894109;1.61086400249402;2.1665210740958;1.25571406458624
2016;5;24;11;5.35974820622423;7.16335886338368;50.3807348545651;4.84756466654142;1.18443798738321;1.99694062695231;1.1763088334089
2016;5;24;12;4.56612436796102;6.56878966933198;46.6093198097613;4.82444998434385;1.20597469219367;1.92825362314604;1.30613160607195
2016;5;24;13;2.45753127700776;4.24979674281583;50.2189694634838;3.22520400807858;-0.210061164246002;1.87416382023257;1.16890953758507
2016;5;24;14;2.3819227119214;3.98902301694216;43.9125249014504;3.20878732262452;-0.327282164319356;1.82007278018198;1.0481454395193
2016;5;24;15;2.51249045407415;4.0102047042448;55.7366351166923;4.23450067975521;-0.0645348266581692;1.9699272315813;0.976804220691844
2016;5;24;16;2.04511395401049;3.53295559690693;63.8158242465495;4.13087867681185;0.0568396694540983;1.95834326278261;0.970365339273986
2016;5;24;17;2.55926663680006;3.95784046279232;50.56894661937;3.88187067474524;-0.117145842502515;1.91541509620893;0.912145167893492
2016;5;24;18;3.82145049494597;4.86339483484081;45.2968678468092;5.5638566848278;0.807084833993514;2.36326077371138;0.679552610799617
2016;5;24;19;4.82528201337835;5.95656550301603;43.7895113508624;6.02759465902646;1.06660165639718;2.40062824667661;0.737819305218715
2016;5;24;20;4.94299124415419;6.22062634469854;48.3722435367895;5.44460599098206;0.633560832599799;2.38733020687446;0.83326933597218
2016;5;24;21;4.21987251915293;5.45781214309632;43.8275439596289;6.21723998998006;1.42380266417265;1.98157405634519;0.807380079004916
2016;5;24;22;4.12284818520419;5.71254537127545;42.3697955841395;5.98123400526047;1.91699232995907;2.01421662790451;1.03679518359355
2016;5;24;23;5.50360193388578;6.87869659419941;38.3388313452174;6.44786132882436;2.19896884345611;2.16880712907699;0.896832134629233
2016;5;25;0;5.05874726115519;6.29577543492821;43.9952098003617;6.45140735675494;0.975532332893213;2.11986689426783;0.806785634254685
2016;5;25;1;4.50263647357425;5.8582626791501;46.2076226945917;5.65723466153145;0.416040501320362;2.03399681109347;0.884134873615632
2016;5;25;2;5.21310255495529;6.39501491426153;42.0964129774653;6.06712597031593;0.707862327758472;2.00566585685082;0.770839284547534
2016;5;25;3;3.85318070309086;4.79692814544947;48.8439104913601;4.70808865865072;0.0108435026407239;2.082968427414;0.615508922919028
2016;5;25;4;3.96982074949553;5.22324444285259;49.5396258749404;4.81512534535726;0.113142668940623;2.01126681056493;0.817478737246995
2016;5;25;5;4.00214970122119;4.80572459080852;51.1870135047293;4.46682934560776;0.100528329298894;2.02974058675262;0.524088853198427
2016;5;25;6;3.71914018294948;4.81741570014185;51.2847857053647;4.39958669923147;0.122834170701107;2.06453322085732;0.716291616076826
2016;5;25;7;4.26299066168268;6.00274179353279;46.0841139952271;4.69377333270709;0.352814991931121;2.11822049128391;1.13465986475789
2016;5;25;8;4.0072726187501;6.11411399090209;44.3833859528174;5.09355200325648;0.465113328198591;1.95161303136221;1.37407489072884
2016;5;25;9;4.07667053461087;6.1197903028789;45.1057299872191;5.00450798797607;0.558951663732528;2.05812136980712;1.33251587396979
2016;5;25;10;4.14719531055889;5.82624781106325;48.3106620794897;5.65368865865072;1.06229433450699;2.61425050434936;1.09507242056953
2016;5;25;11;3.55360103833078;4.66210565159466;62.0384001033222;6.78184199636777;2.41556615360975;2.88610145324627;0.722962998295011
2016;5;25;12;3.52527432122461;4.96501554434859;77.3951160770628;10.2570533408483;5.38747234683037;2.70016882758775;0.938994406503973
2016;5;25;13;3.00162647209331;4.23274337129124;77.791149130348;10.5123653353373;5.55622752494017;2.59797581259948;0.802930320763507
2016;5;25;14;2.46257254067576;3.15591644198998;84.2172451119211;10.7353693042755;5.91065950968266;2.45240628437331;0.452196571620733
2016;5;25;15;2.28690399098429;3.39861820956693;87.6281762951281;11.0772300175349;6.19878932863871;2.46100856414589;0.725056292140451
2016;5;25;16;2.27647096357818;3.12353648522202;98.9558532520805;11.2076440340678;6.55075998239517;2.3278896032571;0.552453297850351
2016;5;25;17;2.3737085771643;3.54033193566452;99.5235906196329;11.3708913213094;6.44246134565671;2.41937765918603;0.760867849398417
2016;5;25;18;2.36274384333995;3.05392459349358;101.403012444062;12.1474653228124;7.17978448767662;2.27423033379902;0.450785771674464
2016;5;25;19;2.93094741399852;4.14449828394649;115.001840772628;14.3551786486308;9.13039115727742;2.30945902118536;0.791473815285102
2016;5;25;20;2.92014918585952;4.03505748247889;115.426960462206;15.8940113413493;10.7462565046946;2.2484851612981;0.727139459144537
2016;5;25;21;2.64939661103588;3.47441484855026;111.102691917124;15.4037440465927;10.2081475117366;2.22745257723346;0.538074132939561
2016;5;25;22;3.77818754912134;5.03290790914996;101.105845649783;16.5297961437861;11.4729652265231;2.61056247496702;0.81832441890988
2016;5;25;23;3.07303951346535;4.32007507581702;103.244364757195;15.6809886962255;10.9290105211258;2.57879518092221;0.813312419588146
2016;5;26;0;5.24888644077348;6.4059052909561;97.9843759126726;16.3510513563792;11.3812804565748;4.10350452989885;0.754603821222658
2016;5;26;1;3.72841964445098;4.75231348134204;100.028543967386;16.2570165915171;11.1725286866188;2.75749357314716;0.667780133160645
2016;5;26;2;5.36620862553641;6.70623521264992;94.024543553443;15.8903340115229;11.3099018579801;3.35537180424734;0.873960854670791
2016;5;26;3;2.63969517719904;3.78288471212661;108.849016401213;12.9803813363393;9.21238432277044;2.20819188975319;0.745584388103912
2016;5;26;4;2.21553996988287;2.94342800914358;107.888753863264;12.6222353303274;9.15700428756078;2.23182596287366;0.474726142760515
2016;5;26;5;2.2242443183396;3.24744013804802;103.165871324283;12.7267766766866;9.32699015316963;2.3349199929576;0.667324888690581
2016;5;26;6;2.38632155974971;3.4841516125372;89.4044140519342;13.0899132882436;9.57235433157284;2.05574726079201;0.716001085683051
2016;5;26;7;2.53930863102907;3.939340918062;82.8153893123754;13.2934800175349;10.0084718521118;2.19062624016826;0.913096371302335
2016;5;26;8;2.79709167235616;4.36840472308446;71.2814340329082;13.3070073724111;9.24438164025943;2.16830180850517;1.02480511205972
2016;5;26;9;2.47991961978863;3.85780991451121;77.9229649966708;12.5552553503672;8.48829087147712;2.25249963136705;0.898655438032982
2016;5;26;10;2.35945126564337;3.68328895805508;79.6472410652511;12.3502440090179;7.80419401936531;2.19194755700597;0.863402511735041
2016;5;26;11;2.27330811864464;3.58687324241662;81.2729098485249;11.6933146446228;7.03441201995214;2.24865692742221;0.856702776853379
2016;5;26;12;2.52882777095762;4.04948525445639;84.5940170860756;10.991994612058;6.27324471566677;2.19798269490763;0.991767720671011
2016;5;26;13;2.11645336103046;3.35341192358743;81.8349557946809;9.96693799298604;5.38778002053897;2.10821925809293;0.806740234052586
2016;5;26;14;1.96768811991146;3.29484754236381;98.3968907445158;9.77256469472249;5.32993861766656;2.06183842852765;0.86556893294879
2016;5;26;15;2.00213637016965;2.94365493429688;102.161941314324;9.38276729475657;5.11518734242916;2.10394409985589;0.614055255997205
2016;5;26;16;3.01243690461263;4.85655473302828;94.8155787566916;9.16659263385137;4.77552331426144;2.1597964376637;1.20272747491335
2016;5;26;17;2.02495750076048;3.08373308984357;94.4075632364956;9.10683596467972;4.66276350410779;2.26032380377876;0.690529895181286
2016;5;26;18;1.99985977819179;2.74147904222669;99.948673232144;9.60577128874461;5.20656432130337;2.25990525941997;0.483681601595982
2016;5;26;19;2.07289285006086;3.31251041538071;100.530608659018;10.403883998998;6.36708297417959;1.96738250274288;0.808474426754102
2016;5;26;20;2.48504835787812;3.7772455426004;112.427666896027;18.9188806456248;15.6061592018763;-999;0.842766678529649
2016;5;26;21;2.50430070183562;3.59529639617853;114.92214278495;15.1408147072474;11.1782205622037;-999;0.711543739982016
2016;5;26;22;2.24656333542847;3.2249927682498;112.357073551037;12.9914133258184;8.93148468192419;-999;0.638128401008475
2016;5;26;23;-999;-999;110.020820540376;13.4136500500997;9.32422114847501;-999;-999
2016;5;27;0;-999;-999;107.610900561531;13.0519580380758;9.18315602464676;-999;-999
2016;5;27;1;-999;-999;103.979868426745;13.6602939714432;9.64280999706586;-999;-999
2016;5;27;2;-999;-999;94.4234789844718;15.007774001503;11.0733062042236;-999;-999
2016;5;27;3;-999;-999;65.1370352862524;17.005748003006;13.2055901936531;-999;-999
2016;5;27;4;-999;-999;69.8832502229968;16.4084440090179;12.5977944994132;-999;-999
2016;5;27;5;-999;-999;67.5609065170461;16.1616686386108;12.7447052916686;-999;-999
2016;5;27;6;-999;-999;53.7888532985096;17.7024714265188;13.9995237869739;-999;-999
2016;5;27;7;-999;-999;36.0590660467463;16.702938583374;12.1807417508487;-999;-999
2016;5;27;8;-999;-999;39.1764711672064;16.4353294803167;11.6821706654338;-999;-999
2016;5;27;9;3.42796490835847;5.05120269946237;59.1275859439144;14.0276333458583;9.98462760915756;2.80354848194949;1.05867025392603
2016;5;27;10;2.63750058264318;3.94875742809087;70.5309467019163;13.0180740140279;8.55228550645511;2.28672722157481;0.855197325456734
2016;5;27;11;2.17139949354396;3.59768022171968;88.2051553200981;12.7927059659322;8.16785600997607;2.30693147185057;0.930215516754776
2016;5;27;12;2.28117650845355;3.70590620044438;94.023801424785;12.0138993092855;7.39192069776853;2.36709199492024;0.929203936146737
2016;5;27;13;2.34856358580732;3.65989182162012;99.9098912023748;11.5076093443553;7.12840418133736;2.46720976899685;0.855243886013892
2016;5;27;14;1.91800550983385;3.14564335916823;89.8493406671277;10.198084614563;5.45869718192418;2.36883549581362;0.800661296087857
2016;5;27;15;1.80998602060553;3.36414375809431;93.7570773614669;10.3433392992655;5.33993788115978;2.2163243957432;1.01361647418855
2016;5;27;16;1.54617133376299;2.91351522155438;94.85491993878;10.4828153102875;5.30947882218361;2.25328522459656;0.891777106734239
2016;5;27;17;1.99735068072178;2.81725971375044;94.5885652578552;11.0759166541417;5.93588818896612;2.23138432409646;0.534741926875911
2016;5;27;18;2.08910271003061;3.46492112423727;98.1955218018469;11.6673106756846;6.29155083920161;2.18542241314586;0.897304164495661
2016;5;27;19;2.48802871556672;3.50580174575706;97.5395457425054;14.1785353553772;9.08716398415566;2.42131694081192;0.663788163518493
2016;5;27;20;3.56500177214743;4.99944553323781;92.5038873908154;20.6218799549103;16.2405678503513;2.69631533258379;0.935539419497752
2016;5;27;21;2.39356387363536;3.69733982374052;94.8410147822016;15.4100481032054;10.6236513339202;2.54293909026999;0.850318310554983
2016;5;27;22;2.52486794241515;3.80503462535171;99.6310736989741;13.6425639413834;8.40491315962473;2.33413229997734;0.834920425534462
2016;5;27;23;2.62958211950959;3.85151833293379;117.14014379275;13.631532002004;5.9786538368543;2.50687476371456;0.796942708232204
2016;5;28;0;2.25538946650882;3.02870793564176;104.420511957908;14.764675998497;7.6706666226546;2.40849158897181;0.5043557170548
2016;5;28;1;2.66511200856;3.62646750068291;101.533242280597;14.4824406806946;8.16324096302986;2.37026240061145;0.62699283403623
2016;5;28;2;1.88342328207461;2.88976531263695;116.319304500906;12.1454952025731;5.93711881044706;2.10773563839281;0.656332903823872
2016;5;28;3;1.63190794437119;2.53783065522131;122.004558977864;12.1280280205409;5.93711877377033;2.37157703446939;0.590839759639176
2016;5;28;4;1.84733569607814;2.88149175633539;120.823538907769;12.3825519844691;6.00311331719557;2.20916401446316;0.674473120889531
2016;5;28;5;1.66895691657014;2.58098750224436;123.87667750333;12.0636746671677;5.71990616754691;2.33378850260338;0.594823295154684
2016;5;28;6;2.1052765622869;2.95734720596656;106.11928739958;12.3470919619242;5.94588734242916;2.48849389078324;0.555717621688567
2016;5;28;7;1.9642171603951;3.16455188069988;87.5134209752379;11.3421293393453;5.48300283274651;2.34326615485275;0.782854286725975
2016;5;28;8;2.97087133204939;4.11904748239232;73.2060842385956;13.7543286862055;7.58175097476641;2.39097666902682;0.748836641986209
2016;5;28;9;2.50260382600122;4.03773748617394;78.2053877231165;13.0252973999659;6.8356593814532;2.19933593862161;1.00120903464193
2016;5;28;10;2.0891168613336;2.87489564803593;89.0962425254475;13.6166913087845;6.16048483949502;2.28872891260252;0.512482294465384
2016;5;28;11;1.70042687918958;2.75394590722369;91.9145531945323;12.7161386711756;4.49123932863871;2.40777407139233;0.687101583660324
2016;5;28;12;1.71550661200273;2.76642295299633;93.59350409887;13.7996386336009;4.65199518837929;2.3905979147428;0.685404119884422
2016;5;28;13;1.54912611810035;2.59549872813509;96.7567893635942;14.6178454781214;5.04334716725349;2.51566202519701;0.682440713762193
2016;5;28;14;1.67531838076526;2.53842916539026;101.570817269618;15.3131239639282;5.26625168573856;2.48000800888496;0.562917964658666
2016;5;28;15;1.55145552746767;3.08694173385609;104.754874444177;15.8817973122915;5.89004584800402;2.63902560406937;1.00143896410375
2016;5;28;16;1.92757326158306;2.74323619838041;104.187662617839;16.1846519844691;6.30616502494017;2.68889031160973;0.531972637126724
2016;5;28;17;1.8416457370605;2.73223491978268;100.543565358221;16.9679239388784;6.14587060974439;2.63217932795141;0.580839283919749
2016;5;28;18;1.59834943543972;2.72675939533199;99.8086257498638;19.3285093694051;7.15440197887421;2.61371473660246;0.735945198737269
2016;5;28;19;2.45356313619012;3.73711084719596;98.4939501485032;27.2820559659322;15.1389673116207;2.62920081567898;0.837125520724
2016;5;28;20;2.30582111678112;3.29107614219157;116.922212520956;19.8474073473612;8.43291077758472;3.15996830568339;0.642580029647924
2016;5;28;21;3.33983509068169;4.49161779157072;113.075863782999;24.9923905554454;13.9799869465987;3.07790319414082;0.751188822180246
2016;5;28;22;2.83882703928314;4.03703060596088;111.955903548156;21.859827995491;13.0648325234731;3.12691579041552;0.781464355463984
2016;5;28;23;1.9252517324233;2.95983005085845;119.965148279541;15.8656432682037;7.18470714964867;3.13166244937934;0.674748516259746
2016;5;29;0;1.949473584805;2.86611834320215;120.569631792444;14.6613166416168;6.51691666666667;3.01220482024283;0.597832643159648
2016;5;29;1;1.87125817870004;2.91034895665718;118.563450067728;14.5176380305608;6.44938387206396;2.90305934110715;0.677691527255522
2016;5;29;2;1.76240805297699;2.83786513806486;115.917979949568;14.4984633759181;6.64352141960462;2.77801044912001;0.701409511037958
2016;5;29;3;1.66115796793662;2.73757546085123;116.123240833562;14.4510520220439;6.67505735856692;3.07758790280972;0.702035885807805
2016;5;29;4;1.53337175105732;2.71213430684624;114.150232852539;13.46789061807;6.34585404577255;3.19279015570447;0.768784993236809
2016;5;29;5;1.5299465126378;2.67361921540492;113.280815574891;13.7020579879761;6.63183022945722;3.07332758907835;0.745899508551567
2016;5;29;6;2.04353126378945;3.13032243810309;108.889107123148;13.9798280455907;6.80581567722956;2.93108377238893;0.708801566092632
2016;5;29;7;1.76507116767651;3.18280619796392;102.513410976789;13.5472159634272;6.99210789729754;3.10130295850197;0.92464204119686
2016;5;29;8;2.11328228476243;3.52910055852051;86.0899764290802;13.5943647072474;6.48184269278049;3.0084836983051;0.923391939004353
2016;5;29;9;1.79285995544208;2.81427351326924;85.1083154413136;17.6041027252833;10.5915002529303;3.3639554784204;0.666162503457356
2016;5;29;10;1.66521125657086;2.56597399012764;99.2564884611634;17.3910799674352;8.45598586560885;3.40609845009286;0.587474439720349
2016;5;29;11;1.51255243550121;2.84587830516697;95.9593911569458;17.702733998998;8.50275115434329;3.28061346517224;0.869590669180548
2016;5;29;12;1.42132038729053;2.70945254950533;93.2387627750589;16.0894352927526;6.90719184624354;3.11042507993633;0.840115484457039
2016;5;29;13;1.23364421543474;2.29340810090264;87.8576530260377;15.4296167167664;6.329701491491;2.97032132372728;0.691174458775348
2016;5;29;14;1.34977817756411;2.28196411305472;86.7013475497112;15.1320152977626;6.45999826291402;3.04255095501427;0.607968546839325
2016;5;29;15;1.48069314769058;2.55084494026906;85.5805486836573;15.1253173323313;6.62521533274651;3.01935865617075;0.697949417021631
2016;5;29;16;1.45372755246247;2.7058224826393;89.8398869015312;17.0718087037404;7.49421985856692;3.05806246692678;0.816612122348596
2016;5;29;17;1.1567221296568;2.20634513081968;100.150654953315;20.4486512561798;7.84757497065862;3.7140194046849;0.684560607975998
2016;5;29;18;1.21491497400448;2.03271243776545;105.118122031566;16.291557222112;6.37277482775847;2.25471849865101;0.533364768467539
2016;5;29;19;1.09364855808115;3.05861528626236;94.1590734580876;15.0962927403132;8.25446414906184;2.08579924888269;1.28154472282529
2016;5;29;20;1.03944641087823;2.35120122446852;87.5258415346805;15.6949099348704;9.67788400762876;1.96201172398586;0.855522098612499
2016;5;29;21;0.923755373489071;2.39416987447627;75.2834118770923;14.6728740390778;8.89010353638331;2.12493647836901;0.958999415654306
2016;5;29;22;1.12550988545306;2.46696863771288;72.8204289059135;12.8460272797267;7.55067670040925;2.02908736723346;0.874894907985353
2016;5;29;23;0.680543808447659;1.79100880779953;100.023058637528;6.20463202705383;2.02113752200604;1.99384826336101;0.724241555539638
2016;5;30;0;0.824494291873256;1.62738431302998;97.0724303346979;6.45731734485626;2.1812780233264;1.91476149996684;0.523642184300439
2016;5;30;1;1.66680990816269;2.29755542493193;91.2543554282184;6.22091731980642;2.40464399002393;1.90875153717554;0.411370114754836
2016;5;30;2;1.46749817379112;2.52518887459095;97.0763593755647;5.72802331078847;2.00544651129643;2.02267700356308;0.689822334674366
2016;5;30;3;0.98721926306693;2.12736150374654;96.6021109510509;6.84343732105891;2.80384148708979;2.05621754842041;0.743596952995543
2016;5;30;4;0.835960058957579;1.5444316411547;91.9333820901313;7.69198197069168;3.45609485123158;2.06224505863216;0.462062794455967
2016;5;30;5;1.02617219403557;1.93969504982485;77.2565790063038;7.59742200450897;3.43332750293414;2.00465002106779;0.595796548728678
2016;5;30;6;1.30844681221701;2.28813284011568;75.0283427247444;8.27129333082835;3.66484667253494;1.99305218282869;0.638947948111737
2016;5;30;7;1.54433551014541;2.93628940555015;63.1425587313799;9.27927658274968;4.11080948767662;2.19984146896136;0.907827671323075
2016;5;30;8;1.94807248945408;3.01482739232264;58.6347882948255;9.33614399649302;4.15003701995214;2.04723760646174;0.695733976923165
2016;5;30;9;1.79223248227838;3.10663521531674;71.6535699775752;9.83627070328167;4.22348142039776;2.11928681048963;0.857249062813201
2016;5;30;10;1.09096343638641;2.18477325034279;75.7337518481786;8.29506465714772;3.14965882071654;2.09497671568431;0.713379099374275
2016;5;30;11;0.933488753436899;1.9378698492464;71.2710299319561;8.353508000501;3.84698531220754;1.98793868623397;0.655053988741867
2016;5;30;12;1.53454722759653;2.72367180701195;71.4685857332694;9.731063307031;4.88182217458884;2.09929624862576;0.775543070361421
2016;5;30;13;1.26193942233473;2.49285319754318;74.0439821823892;8.7565700638771;3.6430023050189;2.13369974854198;0.802797843977482
2016;5;30;14;1.24870997435942;2.00842611347579;71.6243926573356;6.24300156505291;2.16366998594999;1.99036148152959;0.495484322948804
2016;5;30;15;1.27052180827125;2.17068897194746;73.50703994937;7.20851730036332;3.30180002387095;2.00560165772154;0.587086011037781
2016;5;30;16;1.87349541395783;2.89511145325807;70.9961961463293;7.27261653850819;3.31437192174484;2.00604096925251;0.666294561196337
2016;5;30;17;1.19001256689523;2.46247143518021;78.1366521512917;6.38788275343796;2.24894342718042;1.99401200971183;0.829893414618914
2016;5;30;18;1.36219906255561;2.51869534935223;81.3475509464522;6.27016732606888;1.999447017018;2.06281151999454;0.75426300713148
2016;5;30;19;1.14288697927625;2.22391821276977;86.9834096866433;6.43694507812241;2.26913512741509;2.07485972565079;0.705044951969889
2016;5;30;20;1.28781780349047;2.52634823068312;88.1749510744166;8.22840620534173;4.31041624210621;1.9050395663284;0.807765398906505
2016;5;30;21;1.21328616270939;2.24365807841561;86.0903566983006;7.18077379621308;2.65267638295272;1.88054120878706;0.672005114479948
2016;5;30;22;1.17107859657333;2.2870710770055;90.6675808045822;7.33837380787422;2.37864085387362;1.87753929967449;0.727846560198181
2016;5;30;23;1.18168854943372;1.98026855140609;94.9534270611484;7.05105091114368;1.79386831612506;2.013844889222;0.520831204215241
2016;5;31;0;1.51456017853148;2.25848866873663;91.1207302659022;7.71312665789922;2.07021035255194;2.06630921309798;0.485187671174595
2016;5;31;1;1.70232555594606;2.48314741180864;90.5760365748532;7.80926267894109;2.21558287529151;2.08996750381659;0.509249400763934
2016;5;31;2;1.85158765126528;2.82105304794403;87.0768054061877;7.67057466716766;2.29388400396109;2.06525334045539;0.63228208664142
2016;5;31;3;1.53864674498933;2.9202111776975;84.5420008954713;7.80900000626246;2.54970885739326;2.3726974379622;0.90105169852881
2016;5;31;4;1.89567116743041;2.99430751064318;73.4656172407555;7.03736613101226;2.88769248950481;2.1880326661909;0.716526945599545
2016;5;31;5;2.14938174635193;3.44823276275274;67.4047564762038;6.84587378843899;2.63739914096635;2.036689321711;0.847106285278143
2016;5;31;6;1.90685188468566;2.91058995216369;70.5910867127259;6.57001070489202;1.94004537710547;2.10721675638266;0.654634607816476
2016;5;31;7;1.96983552658973;3.14242395908681;63.829921739579;6.83638283191408;2.18974983510375;2.06938753923656;0.764758250692395
2016;5;31;8;2.06926522553891;2.88607744345923;70.0379738770406;7.15141398522059;1.99667799765269;2.060797802023;0.53272219442816
2016;5;31;9;1.518437983192;3.04818034210276;74.170632209297;5.661699959294;1.04952617268165;1.79549832664076;0.997692846005083
2016;5;31;10;1.4489215210936;2.96364545697268;78.0329612942766;6.50788068319957;1.93991350410779;1.93568617927318;0.987897880774694
2016;5;31;11;1.67293771475534;2.85110153207603;79.6899484675777;6.70343599599202;1.4597996738553;1.85915360721171;0.768394498011979
2016;5;31;12;1.51719341776071;2.63741967922036;84.4081567869517;6.40832997369766;1.21612767884334;1.77659905552674;0.730607818012649
2016;5;31;13;1.57518513996772;2.51822108714813;76.2914253961139;7.63301336339315;1.94791283348004;1.77746711033524;0.615044888145384
2016;5;31;14;1.86037450009065;2.87608063686303;77.4800450932236;7.35025266265869;2.46294683010578;2.10256744086509;0.662440142549766
2016;5;31;15;1.44689591152426;2.23459507342974;79.8294294635807;6.00763199887276;1.30627399955988;1.91895825470692;0.513734756744843
2016;5;31;16;1.55370588006456;2.90230092251013;72.6391502200373;6.76870865990321;1.97083400396109;1.9451982902174;0.879549172557333
2016;5;31;17;1.96188845198383;2.92546293687697;74.6898777600489;7.32740065940221;2.47786865654389;1.83726922676089;0.628440053693387
2016;5;31;18;1.52659443386411;2.78248407925541;76.5478666613253;6.18519468720754;1.73070018691222;2.07078572115039;0.819087022909489
2016;5;31;19;2.01577561712508;3.30644789493394;78.2512782162838;7.09848664286931;2.65139267810981;2.05918455747176;0.841772139345007
2016;5;31;20;1.95370402103971;2.74966335533935;80.6224158789747;7.33882665163676;2.73507801232338;2.04113220565075;0.519122013531199
2016;5;31;21;2.41028678260525;3.55803856674183;79.3119016260302;7.49655802555084;3.02397698620955;2.12844106452281;0.748559871766901
2016;5;31;22;2.33164693977334;3.08293631745205;77.0057081114171;7.61462666416168;3.04551369835536;1.95729139399096;0.489988417345897
2016;5;31;23;2.20804437433195;3.06160393658947;80.0561133545896;7.12972384003798;2.79030415199598;1.94095854038539;0.556688689401217
2016;6;1;0;2.04647349119588;2.88720948600482;81.798704733078;6.76427100913525;2.7035421907266;2.03213899115924;0.548325201635331
2016;6;1;1;2.35626066625837;3.1096897616855;81.7673978474434;6.13514701237679;2.18589298958381;1.90183965885713;0.491383934099182
2016;6;1;2;2.65175963323472;3.02355966225687;91.2547052353609;3.87960152696371;0.759704166666666;1.83131747289264;0.242486734409321
2016;6;1;3;2.44761452495386;3.70859076168454;76.001373864594;4.64175000368357;1.58363550278743;1.82831396627945;0.82240448075479
2016;6;1;4;2.2127094285226;3.17241798562589;75.4023131834968;4.20791399565339;1.30058214231332;1.79047565217104;0.625918708529186
2016;6;1;5;2.14943983272498;3.50763408481817;82.7614911852926;3.58574250884056;0.770934000293414;1.96767471297514;0.885809744958267
2016;6;1;6;2.36637393980965;3.23937785124707;77.9993951131312;3.84731102092266;0.808469349177678;1.7393100924155;0.569370228850663
2016;6;1;7;2.58041133439788;3.66547542310331;73.9980921326118;3.64058999705315;0.526338998826345;1.77630452048235;0.707675166639996
2016;6;1;8;2.32496525434344;3.69803446077801;70.8806290591973;4.52201250736714;0.886924329372248;2.06662193687406;0.895511140389074
2016;6;1;9;2.08972791565623;3.59549993928943;70.195004681798;7.18590153801441;2.04898132878542;2.13630677390986;0.982059473572491
2016;6;1;10;1.96116752633683;3.49556489462395;72.0757901236842;9.37161307160855;3.03843734976451;2.00126659073909;1.00072882753872
2016;6;1;11;1.61481365487339;2.63809167175839;78.666076482919;7.46369253094196;3.4056375;2.02235071083834;0.667378497414015
2016;6;1;12;2.13610576370513;3.00955567213705;70.5048596879983;7.72387047436237;3.62208100997607;1.94838195257334;0.569661106597599
2016;6;1;13;2.20421330627001;3.58828149660933;73.6475087477267;7.80977254714966;3.4034838133812;2.02839083691277;0.902684640875074
2016;6;1;14;2.29820957419387;3.03091216311179;82.2178144021122;8.25071549499035;3.64115631044706;2.14324054132496;0.477866175931304
2016;6;1;15;2.02309275075414;3.12421676496684;82.3062420942124;5.93831401591301;2.54170952251951;1.97593564905145;0.718149396298763
2016;6;1;16;2.18893873016303;3.48237200112124;77.2001953667923;3.20011049351692;0.62063882475098;1.90153333176672;0.843572849835191
2016;6;1;17;1.9676013976678;3.15322334236259;69.8618609181523;4.12000351871252;1.24550983582735;2.1187549467376;0.773258663720924
2016;6;1;18;1.60137074015691;2.37989605519694;75.1121707192443;4.29628800162077;1.24212552039226;2.01166300310746;0.50775160452663
2016;6;1;19;2.05332253474916;3.20508406415624;68.7879174864758;5.95747199764252;2.70185002567371;2.11146304361594;0.751175014210578
2016;6;1;20;2.1896046175621;3.62095014327791;64.2867169182144;5.75600400559902;2.6995424765269;2.00608959619421;0.933518760757118
2016;6;1;21;1.84380118722631;2.81200547492865;67.4396271201487;5.98296449174881;2.8333774809281;2.03706910033871;0.631459595588292
2016;6;1;22;2.26966858142807;3.23192441083397;67.7362213328282;8.14859104449749;4.53677397388617;2.03191669571317;0.627580030998515
2016;6;1;23;2.22482132111596;3.24793171382959;80.0523396529975;6.45975153801441;2.79291934917768;1.98460967441806;0.667269173490536
2016;6;2;0;2.22480781049785;3.45753718081833;91.1668466046139;5.75646750884056;2.09390069996913;1.71405308388876;0.803981969032241
2016;6;2;1;2.23522732177139;3.23031823191;93.7521218293058;5.74009050235748;2.04575085020463;2.15066836499352;0.648994960744169
2016;6;2;2;2.27679715783082;3.03913735272309;94.5478604197173;6.63665399086475;2.82199383245309;2.05561326675587;0.497195723342398
2016;6;2;3;2.10345569401505;3.10182185193944;90.0079405234982;7.24847401885986;3.10996979254882;2.09648870754752;0.651131066386879
2016;6;2;4;2.36535519925696;3.51943502054851;86.8947664845181;6.65364897465706;3.01505466872056;1.97562097449705;0.752686996417662
2016;6;2;5;2.24158590830185;3.19939616029717;87.7156826786051;6.76875147171021;2.98936450088024;1.9988598589204;0.624680640291925
2016;6;2;6;2.51416541909866;3.69002068047142;77.7809381240661;7.37145596051216;3.45671018397808;2.07242864133814;0.766888865550121
2016;6;2;7;2.45638727517881;3.69286295551749;66.0731678954482;8.09374343104363;3.98189717458884;2.01307391959885;0.806425299886159
2016;6;2;8;2.64128841000461;4.2194212965972;61.1588805611798;8.85805501620769;4.13142318603198;2.18386629009372;1.02925298618251
2016;6;2;9;2.88870848836435;4.11399282294805;64.4668761718201;7.66933203005791;3.17381064201991;2.28238977292566;0.799126341645329
2016;6;2;10;1.82668158897996;3.18610908233248;71.8331047674152;6.54225453300476;2.54217099823952;2.01439223877175;0.886614060779599
2016;6;2;11;1.94848768973233;3.02055400959714;82.2002914152607;6.7418685120821;3.0127471525828;2.08237244977602;0.69919806530932
2016;6;2;12;2.23788608848708;3.29641993707331;77.4468522267875;5.9434125;2.42602683964173;2.05743082789625;0.690372232838401
2016;6;2;13;1.84193815582651;2.72241095012225;80.2950533431578;5.10416849734783;1.89207133171956;1.8225489791265;0.574241409250411
2016;6;2;14;1.94979052072597;3.07688247556865;91.2647526610766;6.48277198659182;2.23450433157285;1.9378522992031;0.735085600255659
2016;6;2;15;2.04912747075048;3.0700227351035;84.0452589180072;4.72672499631643;1.47226016930739;1.89527027539916;0.665824474188395
2016;6;2;16;2.3307683095699;3.53273271072181;79.1684003079602;5.58064648128748;2.06021115874449;2.2381599731387;0.783917159119473
2016;6;2;17;2.34237886373993;3.26757284981757;82.4949872540764;6.16094847671986;2.49355968192418;2.21924144622489;0.603408420836195
2016;6;2;18;2.20877632575592;3.61137301481846;91.1238155725905;6.66091052482724;2.59262833846808;2.01360571795756;0.914768865722274
2016;6;2;19;3.51076267592078;4.93746714850475;103.880137341839;2.5139759967953;-0.168064667620262;1.63372470016898;0.930491881439438
2016;6;2;20;3.3709593408551;4.46735020238691;97.2517604265578;3.51451799572706;0.688633161091805;2.029543186937;0.715062449963476
2016;6;2;21;3.23829225446295;4.53471067096909;87.6729694126022;4.06067550530434;1.32011901202997;2.18960016204409;0.845519751769431
2016;6;2;22;2.76663937812363;3.87557290449827;85.3512586412406;4.51505998821259;1.59271166446606;2.03042270860034;0.723242733990155
2016;6;2;23;2.79735616353313;3.77720982107301;81.3789856040997;4.70911198732853;1.75100616754691;2.03043140007939;0.639057275602628
2016;6;3;0;2.31712254365078;3.33589591495726;80.3521350227107;4.9204680141449;1.87084232995908;1.92933333008288;0.664440582646014
2016;6;3;1;2.19131250559924;3.56014477099295;75.5007515018276;5.18389046552181;2.08097867561579;2.01539200639838;0.892747821624453
2016;6;3;2;2.10257093702535;2.9885616893381;77.2706382194778;5.21849852092266;2.06944117194812;-999;0.577840202998956
2016;6;3;3;2.77279416659181;3.80717944641538;69.9477907844632;6.23135837199471;2.87386364436583;-999;0.674622617123422
2016;6;3;4;2.78032931604684;3.96995070106205;-999;6.56990998355966;3.18569633462973;-999;0.775867085310652
2016;6;3;5;2.83209489535217;3.75332310113865;62.936320465794;8.02329152033329;4.38186381924947;-999;0.600821952204883
2016;6;3;6;-999;-999;57.3438909112789;7.63323663294517;3.86482999045162;-999;-999
2016;6;3;7;-999;-999;47.3770094794199;8.61888901591301;3.68007615434329;-999;-999
2016;6;3;8;-999;-999;40.3947662836617;8.90731169761238;4.13484662658077;-999;-999
2016;6;3;9;2.56582804037337;4.09789904606705;41.2111183249683;8.43518850324154;3.78314449941317;2.13078176459504;0.999211581642271
2016;6;3;10;2.56004128048914;4.09446346635913;45.7639677503792;8.75685752799511;3.74499383245309;2.29946469168168;1.0007450134832
2016;6;3;11;2.11895337533193;3.62533963115901;52.3188449289147;7.65434546699524;2.84445349237124;2.08476136789697;0.982460073753331
2016;6;3;12;1.94677727217195;3.17969361001189;71.4240159755455;5.81610450353622;1.80853982702494;2.08520173675219;0.804103908622602
2016;6;3;13;2.25589544751209;3.63834510730434;63.1151569328471;5.61324599808454;1.57148267737627;2.1230779763841;0.901629040669942
2016;6;3;14;1.99814868413183;2.71203705198592;65.3855165907089;6.32410053477287;2.10220766270558;2.20656675506451;0.46559560392994
2016;6;3;15;2.19514300568431;3.66898114931249;78.3664418874483;5.96040749852657;1.66855148415566;2.11234054168508;0.961232303924864
2016;6;3;16;2.16391880394205;3.23772547456001;85.7213930152453;4.31884498010874;0.698324673855304;2.00262163749907;0.700333116245077
2016;6;3;17;2.21449720452106;3.2667972434993;87.4769441264163;3.53970149381161;0.536030498752991;1.98757006348311;0.68630656307838
2016;6;3;18;2.56621513433364;3.59301008967246;86.5523715607089;4.22877148128748;0.812622830545903;1.94110513013733;0.669672232901419
2016;6;3;19;2.93792216439213;3.67702028698179;96.8330288160155;3.92347952195406;1.1842841651996;2.06762789856811;0.48203732158437
2016;6;3;20;2.73332667229444;3.76406587507086;89.1715581031784;4.82127900928259;1.82838433010578;2.18167417159896;0.672244657877713
2016;6;3;21;2.6055650311854;3.73364975864555;84.974250676042;5.65727851502895;2.21789033641418;2.05473768075325;0.735733083233689
2016;6;3;22;3.45943511034906;5.07700068723769;76.0861048481572;6.9731550383091;3.68392200234731;2.07669401073699;1.05497085480131
2016;6;3;23;3.31830118458369;4.35927070908929;82.4805022050164;7.33916548762322;3.6342338133812;2.31123797389455;0.678916839465728
2016;6;4;0;3.3080660683281;4.50837821548713;80.0851667928864;7.05565798909664;3.80437350117366;2.25358402705058;0.782839564595874
2016;6;4;1;3.01330239832392;4.08306673311721;82.295131141922;6.69505497937203;3.29456984389623;1.84347689169987;0.697696718351063
2016;6;4;2;3.12661848647233;4.29181774834579;83.6098372208608;6.41989050972462;3.07797248239517;2.11718657720043;0.759939058345295
2016;6;4;3;3.50634836672294;4.42862586462529;81.6165495350848;6.61687797288895;3.26057266197205;2.1807802759795;0.601506297010579
2016;6;4;4;2.88464542270879;3.96715707093222;83.4169062028727;6.28872000589371;3.05259001760483;2.09364574939865;0.70601047350137
2016;6;4;5;2.88209983120002;3.97039325323444;79.5886755802989;6.68655751326084;3.35364181690216;2.11162244565991;0.709781327027678
2016;6;4;6;3.94582706317618;5.06230854524298;68.3087884392378;8.82545547730923;4.83198016343911;2.46367168151825;0.728165485427464
2016;6;4;7;4.17039962011394;5.61118362969198;52.5442389078108;9.29359046552181;4.87536120275656;2.30143485393452;0.939674508338817
2016;6;4;8;2.98805844052556;4.86097892528614;51.3460519715716;9.22499252357483;4.69722215991815;2.07851432249024;1.22151247097094
2016;6;4;9;2.53018021108799;4.25529292370862;56.0256850290423;7.49273854007721;3.53808801672459;2.20763679879726;1.12511273673532
2016;6;4;10;2.5122404388372;3.48640126600543;71.0995097575886;6.59061299057007;2.98628784081539;2.06949595443707;0.635344430689743
2016;6;4;11;1.93894412091617;3.38354305967858;78.8863238237285;5.78659502062798;2.38341498826345;2.03765731537522;0.942162592383222
2016;6;4;12;1.77492499638185;3.1422333825399;79.4525126422144;5.85781949322224;2.44156400249402;1.94556349085346;0.891753952687813
2016;6;4;13;2.16806215219041;3.0353037955334;81.0031863873673;10.954002109623;5.07103718485832;2.18831470273003;0.565612096887395
2016;6;4;14;2.07065402338734;3.24520366027947;84.1684649898051;6.26044650707245;2.59908932130337;2.38974980259066;0.766037341634147
2016;6;4;15;1.91605659700872;3.17061207414177;91.7507855472116;7.84855198806524;2.11097619835536;2.17370175353134;0.818216882837297
2016;6;4;16;1.93844374551785;3.24613653994389;92.2107481190958;6.72379196301699;2.45187082233031;2.44744974655603;0.852872863310286
2016;6;4;17;2.39144383444828;3.44414708562122;96.1579076185858;5.78644049499035;2.19743052626054;2.41087808244914;0.686569536722101
2016;6;4;18;3.30582332694171;4.17851508974794;96.4448258777272;11.7887653844833;4.46662601511081;2.37129299194066;0.569166646558248
2016;6;4;19;3.71543557309392;4.95278645683332;98.9534357652637;9.90340195491314;4.1931103305459;2.17589650618543;0.806996104614555
2016;6;4;20;2.94233628008682;3.71929701354982;100.74739482168;4.4110814989686;1.32088815228939;1.92755488659387;0.506731189659189
2016;6;4;21;2.74996665318576;3.72855102629477;88.0511177138631;5.17956449174881;1.86884251687129;1.87462167588873;0.638229452545467
2016;6;4;22;2.62195708069718;3.53670627621934;94.0983303500668;4.62722701016664;1.68593467458884;1.84751228907507;0.596596363397563
2016;6;4;23;2.441166013;3.42104027668611;93.276004561724;4.96542749336958;1.87268836120764;1.82083365614451;0.639070714862223
2016;6;5;0;2.52422120238321;3.65762551849385;85.420234412757;6.39764252357483;2.83630031514168;1.80147140412432;0.739202501145384
2016;6;5;1;2.60483026082209;3.4523583892386;77.7983469551297;11.4124035592318;6.10233583993514;1.73303864096317;0.552755008439014
2016;6;5;2;2.96783285517279;4.1547585157922;81.6001470835775;7.08176849734783;3.47117048151493;2.04081335900042;0.774108942883054
2016;6;5;3;3.32348302452627;4.16395610801255;76.1216459531588;8.87968499557972;4.71337466285229;2.3494533259482;0.548153731750727
2016;6;5;4;4.70974240126432;5.98745963604104;66.2446241601592;11.4551999705315;6.57691170481046;3.56850524215996;0.833322903643604
2016;6;5;5;6.73786398742005;8.02958599666523;57.6794763210715;12.8453910371304;7.64620722300212;4.23831923228078;0.842456770674033
2016;6;5;6;8.38600732091016;9.81543843394225;52.1416668587724;12.5747070447922;7.50191146655082;5.16598244443645;0.93227018721288
2016;6;5;7;5.51077761444787;7.15218417786529;46.357868628979;11.7181590070724;6.63352233215968;3.41274689184027;1.07051986641294
2016;6;5;8;3.69459710964624;6.10233597468104;25.286110925619;12.8878783897877;6.03111102317969;3.02706933051277;1.57031922839874
2016;6;5;9;3.16831001913736;4.95793209293469;38.3336228236637;10.5098145064831;4.90412801232338;2.59704817591148;1.16718552616384
2016;6;5;10;2.74234555638221;3.87175301247429;47.7715777945696;9.31614749557972;4.00820265316963;2.30606096864731;0.736595762419885
2016;6;5;11;2.17992724282467;3.43715508067014;69.5037733985351;6.32657251768112;2.19543067282836;2.06844919270535;0.819959787548803
2016;6;5;12;1.68435510784538;2.94425734413656;82.1279321023441;4.66616103197336;1.39042084800402;2.30565485726475;0.821704021263126
2016;6;5;13;1.59457229854513;2.67638241881741;79.2251597958682;7.29884104449749;2.45125550058683;2.01551833668758;0.705552939319835
2016;6;5;14;1.55541841036387;2.27224802977636;88.0158106805865;5.67195598629713;2.10851482702494;2.03963534336149;0.467513878351136
2016;6;5;15;2.488468142362;3.77407409473316;107.975137203453;9.9533055141449;1.38549817869663;1.91910656497901;0.83846789885295
2016;6;5;16;2.38354466939328;3.38803941199163;104.419227446045;4.21100402033329;0.418040323577324;1.93891776289791;0.655128108797145
2016;6;5;17;1.98050125398371;3.01096698429718;106.180437001151;3.06121501178741;0.0268421705543994;1.82226039963244;0.672066300052768
2016;6;5;18;2.16782331933107;3.14530653974364;88.5562916626336;5.17755599366426;1.22028115654389;1.9010502280523;0.637511284442713
2016;6;5;19;2.31655166461291;3.21338898319476;76.4331520787082;5.9081865041256;1.89991684624354;1.79730559731949;0.584914297213167
2016;6;5;20;2.51853339074674;3.47065485580221;76.3511254274705;5.83062747495174;2.35787867194812;1.97468479911229;0.620970432491719
2016;6;5;21;2.64789110170509;3.65031101518977;79.1781329792465;5.41873050677776;2.16435634345611;1.76804483756294;0.653774912194245
2016;6;5;22;3.12923894098414;3.96529833292353;77.5333231931595;5.53645950500965;2.26588633832137;2.07113960654283;0.545275136897711
2016;6;5;23;2.49942455623014;3.69019046536683;74.4286997843025;5.6724194858551;2.35910931543509;1.67119003845662;0.776613540111637
2016;6;6;0;3.30227251428382;3.98653829936991;71.966751347711;6.25658401443958;2.75599931103388;1.84556237077496;0.446275854603736
2016;6;6;1;3.99403190261039;5.2414942347112;60.6462297419948;7.32232498526573;3.49332248973052;2.3191564839508;0.813590757390013
2016;6;6;2;3.14802791865759;4.2720950422639;63.6111265375911;8.16465900707245;4.33279097770055;2.24726849921952;0.733112815448261
2016;6;6;3;2.63576628686415;3.66544490756674;71.4237734858644;8.46547046699524;4.86582350117366;2.00014902404542;0.671552949799234
2016;6;6;4;2.80771300196659;4.01052071910332;62.019053032414;8.30618102681637;4.41601482335726;1.85291162749909;0.78446716698196
2016;6;6;5;3.44937747355759;4.83305012038364;51.3193091741963;8.57238446080684;4.49846951408386;1.83397520277456;0.902426668719706
2016;6;6;6;2.86633281552235;3.82787951220269;54.6929415161922;7.34843552298546;3.57346965698401;1.84173243743754;0.627117537008567
2016;6;6;7;2.51148324289349;3.76272373735795;58.0743066223596;6.5371560120821;3.11181582746506;1.75433741102588;0.81605486223702
2016;6;6;8;2.57370913948358;3.82963683122775;51.646529397177;6.89281496021748;3.28780116901398;1.91537419960568;0.819111836613486
2016;6;6;9;3.75660450276813;5.32301877913208;38.1781888787118;7.94063402180672;3.88621282981237;2.02828292284516;1.02161014781686
2016;6;6;10;4.30345618171795;5.82185104484033;42.5569461690575;8.42251945638657;4.21910821243922;1.97863340020803;0.990292047235149
2016;6;6;11;3.08936303346061;4.81885892809567;38.8145920970865;9.76265250442028;5.09257383832137;2.01357005123716;1.12797143337339
2016;6;6;12;2.53405151181825;4.27566582903693;59.4578753284668;9.00961945638656;4.63138147535324;2.15997592817569;1.13587502801867
2016;6;6;13;2.67048296638567;4.12491681795886;70.3567494431096;11.0715764569759;5.89989114994208;2.43254418040868;0.948576889598204
2016;6;6;14;2.43783827514113;3.68951647350901;83.9102196758524;12.2782215218067;7.22747281220754;2.2865889363277;0.81634033125771
2016;6;6;15;2.0116633530334;3.25000514703589;95.8630461801136;12.6230655023575;7.36515373063088;2.3464526044649;0.80764237297129
2016;6;6;16;2.73333041295434;4.0037654942775;96.4136123845894;14.1011669593334;8.54013267370861;2.54927416456128;0.8285735075366
2016;6;6;17;2.55678356132574;4.09226670930322;104.48449566202;14.917235984087;9.26284165199598;2.28662393015645;1.00143696941837
2016;6;6;18;2.16737153587489;3.23896907664432;103.71045720977;14.8121759958744;8.88964205516179;2.12386877933336;0.698892329152448
2016;6;6;19;3.82043859834617;4.60284700353642;95.4650886183879;15.8130270212173;9.48482318603198;2.22906936347304;0.510284142924815
2016;6;6;20;3.43868282988705;4.46979990557306;93.5789738419338;16.1649779286861;10.1921488016446;-999;0.672491105324503
2016;6;6;21;3.33144890465489;4.42842955785277;91.8294142386586;16.1594159781933;10.6722626795769;-999;0.715447110113886
2016;6;6;22;5.25530185779035;6.04058083455105;83.2982417003052;17.3098230671883;11.6369514401436;-999;0.512156320094449
2016;6;6;23;-999;-999;78.9796035629753;17.0975400854588;11.3128246408462;-999;-999
2016;6;7;0;-999;-999;70.7372757174775;17.8358954375267;11.8766238603274;-999;-999
2016;6;7;1;-999;-999;60.2806236409652;18.5397975176811;12.9814547235966;-999;-999
2016;6;7;2;-999;-999;55.3829339645013;18.7774185931206;13.1168282359123;-999;-999
2016;6;7;3;-999;-999;55.1632525681548;18.6236910223961;13.0768314313412;-999;-999
2016;6;7;4;-999;-999;68.0854302760856;16.6094246966152;10.6154017187862;-999;-999
2016;6;7;5;-999;-999;76.7232815058098;14.9212042055632;8.35093384791257;-999;-999
2016;6;7;6;-999;-999;72.5036477761241;14.2482508927345;7.41899526526133;-999;-999
2016;6;7;7;-999;-999;74.4275748635463;13.2656309310436;6.69644018251101;-999;-999
2016;6;7;8;-999;-999;72.7192609684729;13.4069985135555;5.97896148855686;-999;-999
2016;6;7;9;-999;-999;80.3351242202043;12.8614589923382;5.71206064201991;-999;-999
2016;6;7;10;5.29282354342529;6.61084551001862;80.4292846437519;12.2116319858551;5.05503851877848;7.44445545512392;0.859609514823158
2016;6;7;11;4.46628638908179;5.87745388201513;82.3340773161481;12.1530765306473;4.91674231162071;5.99273043554077;0.920358715317926
2016;6;7;12;2.93598784733931;4.31402723748935;87.7741291722088;11.2642380200386;3.97235950968266;3.38032322618944;0.898752677571704
2016;6;7;13;3.17221421142855;4.48661846302704;87.6358478528572;11.0216730082512;4.22310783127944;3.31014532097182;0.857250053213031
2016;6;7;14;2.69528073713868;4.12599907514857;90.1750283105096;11.0850180436134;4.40124681543509;3.12195900947705;0.933109711034692
2016;6;7;15;2.51469786302978;3.63772873454602;94.8143964402953;12.0053744799614;4.7387571716547;2.7864754916021;0.732436975303741
2016;6;7;16;2.37836224500296;3.393455974728;101.536874764116;12.6020535076618;4.98519817136129;2.18137592411977;0.662040732723391
2016;6;7;17;2.54274810567327;3.45690466561758;103.522529321282;11.6375099882126;4.68645385886034;2.09826343559993;0.596209848457408
2016;6;7;18;2.58202965237718;3.57865287753165;106.458083284337;13.3523054994106;5.81928249413172;2.02850049582096;0.649994331468425
2016;6;7;19;3.30472279390714;4.14503219346394;107.675905208715;16.6657125147343;7.7905028474172;1.94969241067241;0.548046977639817
2016;6;7;20;3.64938809732238;4.82645292489647;108.262784718484;17.2871114599228;8.49998220833143;2.24602520560098;0.767677740577876
2016;6;7;21;3.26858490756674;4.43490666276491;108.114373179628;14.1770264717102;6.1763296907266;2.52556544054844;0.760671144734376
2016;6;7;22;3.4652733802126;4.22830086403375;104.023873926347;15.4987739304543;6.69736315962474;2.54194600532007;0.497643970881265
2016;6;7;23;3.39386691178052;4.34040485134697;102.905148285421;14.3882280023575;6.20663482482433;2.83226273740707;0.61732887585741
2016;6;8;0;2.86281930290955;3.69522560661566;104.351073731082;13.5380144328117;5.65975735856692;2.94125073769949;0.54289260497987
2016;6;8;1;3.40503811248902;4.54385492989149;99.8783811625211;14.3238014717102;6.34277738937537;2.78534692703983;0.742732516370755
2016;6;8;2;2.64223258188712;3.66624259413975;101.571822144649;12.5282025265217;4.93674063321749;2.37488021399343;0.667855902342585
2016;6;8;3;2.5060867220101;3.26686039977448;98.6440870042682;12.6576734104157;5.21610200088024;2.14014456516918;0.496174046115157
2016;6;8;4;2.54048118060188;3.45113634876566;99.4376555427488;11.7845939510822;4.78875301232338;2.17116820075355;0.59392625245828
2016;6;8;5;2.27253276784927;3.37794822697447;104.16650416104;11.2739714923382;3.96682147828738;1.99231546614162;0.720948262306025
2016;6;8;6;2.63615464763871;3.96105945710926;101.682769840186;11.2262310194492;4.0517375;2.00276923616744;0.864098481908879
2016;6;8;7;2.93802523706339;4.20618649529604;82.1069390033352;10.9675979787827;4.04896851731142;1.99071723106968;0.827090527728097
2016;6;8;8;2.78929244514836;4.33869201207284;82.9030867043711;11.608618504715;4.82659597623348;1.89725346561279;1.01051321127344
2016;6;8;9;3.18240447137695;4.68344915226723;73.643052712805;13.1485199616909;5.53807514290015;2.03208809907233;0.978976316459299
2016;6;8;10;3.0207319422539;4.38036234802844;75.6467787059998;12.3448109988213;4.75921698180835;2.06957328169171;0.886746399582034
2016;6;8;11;2.45104254528999;3.84464163476897;86.8496544265902;10.8881849513769;3.8557538368543;2.30822581274464;0.908900661391368
2016;6;8;12;2.40362406233286;3.63860617874458;96.2270537240221;10.6593705038309;3.61731215551694;2.43402143649585;0.805451202492373
2016;6;8;13;3.55146939287954;4.66576208987125;115.326707317201;12.6058845654827;5.22727193184222;2.8402503369742;0.72673796712796
2016;6;8;14;3.48413181670246;4.57353307488184;122.54289768692;15.2742854935169;7.37699881631533;2.51675600605358;0.710503854053188
2016;6;8;15;5.1913560364928;6.41496029429601;116.935747613312;25.4930700500965;14.1408967018763;3.25641934623473;0.798030601192783
2016;6;8;16;10.4163838241206;12.8029669052942;112.270292728534;43.8327439469806;34.3926638380309;3.81429448547629;1.55652149697879
2016;6;8;17;5.17649738780656;5.67656163413328;118.174519149238;25.3864651316939;16.6459929753501;2.42590154318431;0.326140227599073
2016;6;8;18;5.25358903940502;6.2201885579113;120.286167850199;26.1493545319185;16.6385242647397;2.33975681299901;0.630412970490237
2016;6;8;19;6.66314284666825;8.07958156533743;91.6397149602475;16.4669181511766;10.3707284333989;2.16745099803477;0.923796591098572
2016;6;8;20;4.95777737835245;6.38636755060869;92.9501009123651;10.294904979372;6.78443283861478;1.94043144809441;0.931721728453726
2016;6;8;21;2.68280925544905;4.00742499254257;104.00415721148;7.26950694795382;4.42035090116727;1.9163156518605;0.863909949872187
2016;6;8;22;3.11531602469303;3.95155592059556;98.8418213712702;8.19185095903874;5.02965598063469;2.04815032096254;0.545392860978272
2016;6;8;23;3.23811977343566;4.45442640840731;82.4346924603532;9.84314693870544;6.37738979401589;2.03006578589833;0.793271116009233
2016;6;9;0;3.89642969810019;5.15345789780945;70.2339162413602;12.007419602879;8.19964476844012;1.94951297458573;0.819829584224603
2016;6;9;1;3.08599643923716;4.59593970533301;65.2224854390176;12.3394195126336;8.70978428181287;1.87283614590783;0.984779943944312
2016;6;9;2;3.26059193678945;4.16101735631287;56.1151201618832;13.3422520166976;9.64808425993579;1.99562818051488;0.587254444636875
2016;6;9;3;4.32661716985152;5.0788027867711;44.535910989143;18.0357615156676;13.630169995676;2.06586204687348;0.490572941578827
2016;6;9;4;4.53979170560972;5.88617405787794;41.3295286539042;19.9532860357021;15.5008363319594;1.86338171245273;0.87810606343016
2016;6;9;5;4.18432155032741;5.52533913344102;39.4865740914929;19.8911130839381;14.9672469293331;1.97799172225679;0.874607178944914
2016;6;9;6;3.67173208745669;5.24932441717388;43.7725754915073;15.8408370831013;11.2129868403753;2.09174128339612;1.02890043679777
2016;6;9;7;4.67920204599241;6.46276998125274;44.8293510669362;13.4149466574987;9.07243018909737;2.31751210998263;1.16323703727491
2016;6;9;8;5.22015862549027;6.86125252435423;35.8283604587347;14.6273288853294;10.1569371923647;2.11416522810206;1.07031594763774
2016;6;9;9;-999;-999;31.3222685179422;16.8733605082512;12.0912213573933;-999;-999
2016;6;9;10;7.04582904447935;9.91088396005997;34.3813510716486;16.1369229670064;11.6960075819575;-999;1.8685792257997
2016;6;9;11;4.88640161614152;7.01459391785299;53.3501188801905;12.0326989235197;8.34566540241242;2.02759357268207;1.38799989551998
2016;6;9;12;4.13120296214252;5.93579602540953;62.493590601326;12.4785049875577;8.33522666862276;2.60840400968406;1.17694955538387
2016;6;9;13;3.84871659820347;5.62404701909317;67.7108820555604;12.559321152759;8.10610206019204;3.42447820432563;1.15786455797566
2016;6;9;14;1.91555491240101;3.42413032145263;88.9078413527499;11.9013320555523;7.20672655658064;6.07864735416221;0.98388783215867
2016;6;9;15;2.4182417715916;3.74233903027745;90.4902145635179;13.2085917536525;8.34935841788276;5.9171187018585;0.8635717999902
2016;6;9;16;3.41667982139969;4.39122160289166;83.4629423114571;17.3955532606443;12.3625833170326;5.04032836535076;0.635592887824518
2016;6;9;17;3.89736516887063;4.87494065325438;77.7560116351279;18.1788800748628;13.2345530585256;3.57364829718176;0.637571458695886
2016;6;9;18;4.11857340499155;5.25678376796538;87.6284307765623;21.3816650498653;14.1871527082345;4.1415786427549;0.742336988822368
2016;6;9;19;4.99268472528289;6.5805106304712;77.9589460990064;20.0077582203952;14.6802083393097;3.68400217721223;1.03557474046539
2016;6;9;20;6.9274208399507;8.18649910355428;55.967931404446;17.6808167988405;12.6032933940079;2.2956930497834;0.821166629034341
2016;6;9;21;6.56519209756399;8.11162630486941;51.3445226065649;17.0703479493141;12.1942897171338;2.374989923824;1.00857921365578
2016;6;9;22;6.80929259633679;8.35442093774187;55.7384763622712;18.5969031367669;13.3898350839615;2.74600737789433;1.00772753228668
2016;6;9;23;5.85969877165885;7.16812103313546;52.0874878118625;19.1916330554008;13.3261954266389;2.07079636027726;0.853348619278941
2016;6;10;0;3.93631302881755;4.98939536603594;53.9792184672765;19.1141715380016;13.0323251130455;2.05055385377935;0.686816775372039
2016;6;10;1;3.60362039843453;4.83000431971313;49.604280581178;18.3837525117874;12.4016569554011;2.18285322043665;0.799843488407119
2016;6;10;2;3.71574722675979;4.82760733616787;46.2771601938823;19.6372110282898;13.4966426854452;1.98205731996515;0.725151441648472
2016;6;10;3;4.19897468579989;5.53757814881915;42.9279574111139;21.1154670330048;14.5767064166705;1.96310556359133;0.873032697900111
2016;6;10;4;3.53366237114905;5.2153201590034;45.866893962556;17.9607314658165;12.4382692611535;1.78471234140059;1.09677158025857
2016;6;10;5;2.58127763767674;4.0260624401897;61.2465894357399;13.9885365041256;9.37437080399195;1.75326160833109;0.942283812099196
2016;6;10;6;2.15822719943402;3.58245092038553;67.4520093356907;12.0864869799614;8.12847468485832;1.58865250976189;0.928873943528527
2016;6;10;7;2.56014117613174;3.97357390938088;69.148305435565;10.6190459870338;7.06256347476641;1.80326412069737;0.921836097469497
2016;6;10;8;2.87800728415104;3.93101627883132;69.8230696166962;10.9045620536327;7.51621798591613;1.85412214808448;0.686768941614178
2016;6;10;9;2.954774190559;4.05816473907944;64.7274079972505;11.4389774381161;7.34977033861478;1.97005382669335;0.719627622387547
2016;6;10;10;2.97390496310829;3.7833777508873;62.0346384882082;12.2612265011787;7.69774141020774;1.98342218626914;0.527935442657126
2016;6;10;11;2.49602114527124;3.83992562195795;64.1842513577982;11.9910059605122;8.08524755574862;2.12133542513244;0.876490001270046
2016;6;10;12;2.14277033308784;3.16055942118127;68.0863255271994;11.6591399675846;7.89910923121771;2.14935765706387;0.663798636429134
2016;6;10;13;1.85212570760727;2.86245532132391;71.3476154180291;10.8660915277004;6.97826284448306;1.66410672402147;0.658933592209542
2016;6;10;14;1.67288963771843;2.51196475133115;76.2997486486393;9.76203452711106;6.03603369982243;1.05085453717241;0.547241980478587
2016;6;10;15;1.59249187245399;2.35638490303678;73.3725714633628;10.2440744504929;5.79374619982243;1.91795990943313;0.498208477581973
2016;6;10;16;1.30040657821155;2.53613333802659;79.2414876803864;7.8536504758358;3.91451815815767;1.91322752788511;0.805936856427484
2016;6;10;17;1.72172887372145;2.57761324788215;79.5897268009964;6.67435199174881;2.56924567209482;1.87789582031186;0.558204923942674
2016;6;10;18;2.29530501479076;3.84018548452138;78.9068402672014;5.97663000884056;2.09543901349704;1.8623888125367;1.0075658712103
2016;6;10;19;1.7718777770038;2.82479232066562;82.1265765251552;6.80243249852657;2.55770816109181;1.90463284471797;0.686707340976097
2016;6;10;20;1.93441578242904;2.98086109990085;82.1307894459305;7.81301699616909;3.34887296977838;1.99816526526246;0.682488133309278
2016;6;10;21;2.22008377616527;3.54022797179536;85.8855561845242;7.8746625;4.12219315815767;1.85120636634687;0.86099362549724
2016;6;10;22;2.39694961499795;3.60530904919262;83.1005601774525;8.67991649823189;4.7482948218902;-999;0.788087978263989
2016;6;10;23;2.35192222571905;3.20895056119335;86.617325360457;9.45566101355553;5.56084253520966;-999;0.558951011682245
2016;6;11;0;2.55121789227776;3.54782216602055;81.9211242921302;10.9966440247536;6.8333518433094;-999;0.649981971421162
2016;6;11;1;-999;-999;74.6331726684961;14.7207119799614;10.5244288368543;-999;-999
2016;6;11;2;-999;-999;67.0432617814828;17.8264709870338;13.4364937517643;-999;-999
2016;6;11;3;-999;-999;59.828288799577;25.666418936348;18.0699537928422;-999;-999
2016;6;11;4;-999;-999;48.8672165349731;22.5232710459709;16.2910252089183;-999;-999
2016;6;11;5;-999;-999;46.9370936081121;16.7973042974125;11.9680987087076;-999;-999
2016;6;11;6;-999;-999;20.5806654002388;24.3351331436258;16.501671611995;-999;-999
2016;6;11;7;-999;-999;20.4878324746938;49.6370943194389;31.3099275140762;-999;-999
2016;6;11;8;-999;-999;29.3503626271012;19.9647510990143;13.4080347406069;-999;-999
2016;6;11;9;-999;-999;44.0747953609431;12.0619214923382;7.99387051819165;-999;-999
2016;6;11;10;-999;-999;83.7342473960128;11.0921250147343;6.11156582746506;-999;-999
2016;6;11;11;-999;-999;79.5010808235924;10.1595630053043;5.84912615434329;-999;-999
2016;6;11;12;-999;-999;79.9048147372138;9.3638880200386;5.29578765023549;-999;-999
2016;6;11;13;-999;-999;76.9653940755684;8.25565946817398;4.38324835093816;-999;-999
2016;6;11;14;-999;-999;82.5521054971151;8.27404499852657;3.8962119979461;-999;-999
2016;6;11;15;-999;-999;-999;15.1652085459709;7.91049283568064;-999;-999
2016;6;11;16;-999;-999;-999;8.41958402917385;5.04457781074047;-999;-999
2016;6;11;17;-999;-999;-999;7.91684094872475;4.67183970246315;-999;-999
2016;6;11;18;-999;-999;-999;9.38103744106293;5.89881436531544;-999;-999
2016;6;11;19;-999;-999;-999;11.4247634958744;7.17901530340513;-999;-999
2016;6;11;20;-999;-999;-999;11.900623484087;7.44468555046717;-999;-999
2016;6;11;21;-999;-999;-999;11.719240531826;6.74551301672459;-999;-999
2016;6;11;22;-999;-999;-999;8.22460500884056;4.23572215991815;-999;-999
2016;6;11;23;-999;-999;-999;11.0501009958744;6.40184926702182;-999;-999
2016;6;12;0;-999;-999;-999;11.6280854640484;6.91088375469844;-999;-999
2016;6;12;1;-999;-999;-999;11.5591785076618;6.90503810094198;-999;-999
2016;6;12;2;-999;-999;-999;13.3992735135555;7.80127113380432;-999;-999
2016;6;12;3;-999;-999;-999;11.3856750147343;6.70782381631533;-999;-999
2016;6;12;4;-999;-999;-999;-999;-999;-999;-999
2016;6;12;5;-999;-999;-999;-999;-999;-999;-999
2016;6;12;6;-999;-999;-999;-999;-999;-999;-999
2016;6;12;7;-999;-999;-999;-999;-999;-999;-999
2016;6;12;8;-999;-999;-999;-999;-999;-999;-999
2016;6;12;9;-999;-999;-999;-999;-999;-999;-999
2016;6;12;10;-999;-999;-999;-999;-999;-999;-999
2016;6;12;11;-999;-999;-999;-999;-999;-999;-999
2016;6;12;12;-999;-999;-999;-999;-999;-999;-999
2016;6;12;13;-999;-999;-999;-999;-999;-999;-999
2016;6;12;14;-999;-999;-999;-999;-999;-999;-999
2016;6;12;15;-999;-999;-999;-999;-999;-999;-999
2016;6;12;16;-999;-999;-999;-999;-999;-999;-999
2016;6;12;17;-999;-999;-999;-999;-999;-999;-999
2016;6;12;18;-999;-999;-999;-999;-999;-999;-999
2016;6;12;19;-999;-999;-999;-999;-999;-999;-999
2016;6;12;20;-999;-999;-999;-999;-999;-999;-999
2016;6;12;21;-999;-999;-999;-999;-999;-999;-999
2016;6;12;22;-999;-999;-999;-999;-999;-999;-999
2016;6;12;23;-999;-999;-999;-999;-999;-999;-999
2016;6;13;0;-999;-999;-999;-999;-999;-999;-999
2016;6;13;1;-999;-999;-999;-999;-999;-999;-999
2016;6;13;2;-999;-999;-999;-999;-999;-999;-999
2016;6;13;3;-999;-999;-999;-999;-999;-999;-999
2016;6;13;4;-999;-999;-999;-999;-999;-999;-999
2016;6;13;5;-999;-999;-999;-999;-999;-999;-999
2016;6;13;6;-999;-999;-999;-999;-999;-999;-999
2016;6;13;7;-999;-999;-999;-999;-999;-999;-999
2016;6;13;8;-999;-999;-999;-999;-999;-999;-999
2016;6;13;9;3.03654161100584;4.0806196488843;55.5677741937045;5.89273651885986;1.91176201628447;2.15698178649212;0.680944201482444
2016;6;13;10;2.63632299334098;4.32682160145747;63.6180831917579;5.3878784543728;1.9285987853634;2.7710649723548;1.10253753364083
2016;6;13;11;2.47791479904675;3.5451987733666;70.9690146264366;4.72628357237577;1.56062640955193;2.91899393491301;0.69607903555275
2016;6;13;12;2.12151167822665;3.13105888213454;75.5238560307168;5.34506832973162;1.70671925388001;2.32174624233774;0.658423307151226
2016;6;13;13;1.72835349080655;3.00777842943819;63.1461004737898;5.77232336675515;1.7808837485071;2.37523263405093;0.834436662381615
2016;6;13;14;1.88236729013134;3.17854516322038;61.2106141403882;5.65874627336434;1.59243696601476;2.41405678491556;0.845362870157971
2016;6;13;15;1.80154363094527;3.10048650601753;72.6711022615541;5.25879926426136;1.80600749695301;2.30755136654552;0.847166195196181
2016;6;13;16;1.647060631383;2.86960477549041;84.1663316870183;5.16247017399328;1.54711108494656;2.37831986206289;0.797339198588879
2016;6;13;17;1.85180562264883;3.06124160744529;79.8100509732378;5.18141849366426;1.66285967458884;2.12429018372515;0.788790100962962
2016;6;13;18;2.14136219500528;3.37233740973028;82.0799335063404;5.55623549351692;1.81684684844414;2.08074329938266;0.802837914624517
2016;6;13;19;2.76461230808058;3.54669728628787;80.8600794725125;7.45225951237679;3.12581467312177;2.14846169794016;0.510073204929129
2016;6;13;20;2.13930670052472;3.19557117520789;85.06307526561;4.73058751473427;1.43426336304148;2.02944162456718;0.688892154775061
2016;6;13;21;2.02733849754863;2.89073885432739;84.3068967604938;4.60250700427294;1.54733086157441;2.02513832920598;0.563106822648071
2016;6;13;22;1.70267908456659;2.94636362096006;87.6454725723138;3.98775150486231;1.14151850997607;2.1273606801212;0.811126891675029
2016;6;13;23;2.0679896205349;2.69768309994082;77.0149802051219;6.09992100176811;2.36341663732529;2.24424818538575;0.410683979507944
2016;6;14;0;3.8047903004573;5.18501073535055;74.9391907497741;6.32641802887917;2.79584216505289;1.96737413521466;0.900175147652661
2016;6;14;1;2.80455839725743;4.05000815609343;86.2825982088697;3.96395852386951;1.22135799985329;2.08641883331836;0.812278163843351
2016;6;14;2;2.54840767920742;3.81096152552254;82.6698592454301;4.32919648128748;1.36826883978844;2.03618242333251;0.823433392445063
2016;6;14;3;4.32057158339911;5.85849482781269;54.9871883755569;8.3712254979372;4.327252982982;2.42543975868747;1.0030283921463
2016;6;14;4;5.94554422121969;6.80081368021693;42.029588333168;10.0147964776039;5.34455283274651;2.80887905067234;0.557803878331359
2016;6;14;5;5.77859570713812;7.55200142386863;36.8269893852608;9.63735300972462;5.03380953168869;2.50353101479819;1.15660927236556
2016;6;14;6;5.38398615180012;7.42418104775921;38.0228684396195;9.1631925383091;4.72721967899005;3.07071656672423;1.33060828204027
2016;6;14;7;4.51804062997131;7.62197058992032;29.9636049296448;9.26979748821258;3.79268219366074;2.82963126147523;2.02437273015502
2016;6;14;8;3.25162265949428;5.4721880768931;37.5890047077587;6.38976300530434;1.98867867928346;2.53160743381594;1.44824533237256
2016;6;14;9;2.95484270764056;4.88682173549388;41.9244225491361;5.07311400117874;1.09167648048798;2.4272417719075;1.26003025509053
2016;6;14;10;2.01878292868229;3.28114642245747;65.3931727257864;4.61641198364496;1.23366466211875;1.98773448253794;0.823309245155668
2016;6;14;11;1.75343067371683;3.19501058198681;68.2437529800443;5.39771851944923;1.77900384052197;2.12145603460595;0.940193590801601
2016;6;14;12;1.76242147827321;2.96863371326516;69.9393816904239;6.19262099808455;2.78292018471162;2.36344376882037;0.786687582131255
2016;6;14;13;1.22589625089422;2.3145635136565;71.5273234103448;2.99215350766182;0.400810995672146;2.25648476041059;0.710025144699042
2016;6;14;14;1.58698154900979;2.36991352077206;68.7429984827296;4.06036649454832;1.06383266637325;2.22673384929564;0.510625611290559
2016;6;14;15;1.90560140285846;3.22255938100467;80.8507242905701;4.54503300383091;1.43349416593313;2.19698203606014;0.85891558511942
2016;6;14;16;2.08588821918352;2.9496429263794;76.8735225637651;2.75468699653745;-0.031922187425693;2.18922858035707;0.563337928804005
2016;6;14;17;1.79567201957387;3.33419278177338;61.7566255600473;5.40374399528503;2.0265216651996;2.17198544716986;1.00341809124623
2016;6;14;18;1.64708835470715;2.81322892290472;59.9846154146609;5.62421550235748;2.01206133098602;2.37645912053979;0.760552975179065
2016;6;14;19;1.76440615608187;3.27352863627577;57.3921920048176;6.57794401738644;3.08843315375646;2.25655332352858;0.984244630126457
2016;6;14;20;2.34889132327292;3.48347998805665;52.8348715254956;7.88254202563763;4.25049014583429;2.26778042785637;0.739974929385621
2016;6;14;21;2.79600142144739;3.93471975885376;47.3299777567903;8.83472557160855;4.58046267224153;2.21430198273256;0.742668288046938
2016;6;14;22;3.38650384558188;4.94759869084498;45.6672305846851;9.36018005304336;4.67814681543509;1.9516073326335;1.01814083265852
2016;6;14;23;2.94426641354301;4.41687694668885;48.1654708182612;7.96798046994209;3.95405335680644;1.71220209428417;0.960431660477439
2016;6;15;0;2.3130032506475;3.47437676198984;42.552797591627;7.1616449395895;3.0582818198363;2.03574447518829;0.757443916654758
2016;6;15;1;1.85332176513966;2.92371696034241;46.3460682308481;7.3913865041256;3.18842487910589;2.08320563691912;0.698108163398449
2016;6;15;2;1.20100706036599;2.44366304519331;51.7865994902692;6.74511300530434;2.7559993623813;2.29718402520249;0.81045607378644
2016;6;15;3;2.04091150697476;3.04058482052078;47.7526592069448;7.48254147613049;3.44763402229945;2.31617750006647;0.651983588907889
2016;6;15;4;1.90864093904821;2.98554925693045;44.0202949976907;16.2558240777969;9.44682630457878;2.04138996762333;0.702356000208763
2016;6;15;5;1.28184502925761;2.5792417210584;56.9627343260985;11.2982279802561;6.93580487030347;1.94951137776971;0.846157779642039
2016;6;15;6;1.26974463267256;2.31366898781218;56.2261311070766;12.2314080296159;7.29700553359588;2.13027806646438;0.680843970114601
2016;6;15;7;1.41344959370844;2.59683731778272;55.6011653461158;7.46199299204349;3.60439014950196;2.13546551104025;0.771801512510791
2016;6;15;8;0.87278953169092;2.02012104778269;56.6852533378253;5.91544801561832;2.44079482922554;2.17645999079783;0.748285774354833
2016;6;15;9;1.27048064452937;2.81708774377579;52.110246553223;7.74719998526573;3.38810051672459;2.17388234310428;1.00869197320099
2016;6;15;10;1.37457285390681;3.42055599739749;46.2170915088277;6.05109900044203;1.72577749559879;2.29210217070198;1.33438335770548
2016;6;15;11;1.3121329052335;2.60175281671649;46.5432869083144;5.03912399307489;1.37457599310478;2.31239030546426;0.841085789549837
2016;6;15;12;1.93298018016854;2.98818321898862;58.4885371598965;3.25619399344325;0.422809178036451;2.0073830957393;0.688199889858078
2016;6;15;13;1.83142918651019;3.40951846892305;52.3861849404756;4.155075;0.420501660064856;2.31284549383722;1.02922454768245
2016;6;15;14;0.805860788652622;2.051874999135;54.1007021169324;3.6242129979372;-0.0120776623388136;2.15840411930828;0.812646297317746
2016;6;15;15;0.87000512714785;2.14114594278475;65.6383539949665;3.17631749963164;-0.355587496332328;2.02423692584235;0.829033785093731
2016;6;15;16;1.14496124814056;2.58738865522491;72.6515135202338;4.46917346935272;0.100835986502965;2.23824191496607;0.940746326691521
2016;6;15;17;1.14080424101282;2.21384747078404;74.1582885332859;5.63688450132608;0.805546489290397;2.24558793256792;0.699835202680292
2016;6;15;18;1.26431227936045;2.2221094890053;75.2358986790684;6.24298801267147;1.26396982922554;2.1127123151642;0.624672134114611
2016;6;15;19;1.31089360096573;2.52705391113435;76.2044999483152;7.72773304803371;2.27757766417265;2.09977905435075;0.793175683462481
2016;6;15;20;1.15474767097145;2.04814934292234;87.3725597696052;8.60405700795651;3.21596101584435;1.96560529222595;0.582673579980527
2016;6;15;21;1.28994088102371;2.15991196689988;88.7605070531225;9.41054702711105;3.94159281367461;2.00530867131326;0.56739223017133
2016;6;15;22;1.42358234729624;2.32071703953337;84.4014676739295;10.7667480082512;4.47662516490618;2.06874331271244;0.585108243315742
2016;6;15;23;1.68310396957997;2.68416584821946;74.9607229913729;11.8547369799614;5.09411218485832;2.09679893388992;0.652889206413936
2016;6;16;0;1.39088750687977;2.43909211234711;77.0640599986142;11.3184674646378;4.99365902963479;2.70820900736898;0.683635535051134
2016;6;16;1;1.21092977953694;2.09763412090063;79.5801201146266;12.0355019622803;4.76413968045712;2.67888329718849;0.578305603389398
2016;6;16;2;1.18968085231726;2.26919773811303;79.28524650571;10.6312515306473;4.90658932130337;2.31645330021831;0.704057299470353
2016;6;16;3;0.922543541605714;2.06645809675977;79.3688072888914;12.423915041256;5.09841952141921;2.58743927192084;0.74605724386878
2016;6;16;4;0.917515508476892;2.39281923484453;78.962287257766;11.1619696685857;5.00298447972331;2.41701473553589;0.96218815208182
2016;6;16;5;1.29806426521172;2.49538391612661;77.9435224812264;10.9717747708847;4.94824103053685;2.24874489310478;0.780887868562169
2016;6;16;6;1.11673097282977;1.93575008647498;73.7511983690067;12.1280475303105;4.47252662474769;2.31520719074452;0.534161524432831
2016;6;16;7;1.55314315960977;2.78219626182526;61.6097918960705;11.6356443362866;4.21330604371485;2.43560797536688;0.801584319279661
2016;6;16;8;1.80894727126797;3.14344246223223;53.4631291973519;12.5166441456057;4.24395657221776;2.28997556736236;0.870353296617378
2016;6;16;9;1.12158211040112;2.23346246976802;57.1880731309783;11.7557431473481;4.2430980612186;1.81943834374935;0.725164648603828
2016;6;16;10;1.37638487518904;2.65097178515985;67.6122277557043;11.2455594583709;3.73958844736527;2.33855686850844;0.831281316283267
2016;6;16;11;1.72633166886053;3.03888246062597;72.2167153775986;12.0265740881988;4.12623676810946;2.31526738011717;0.856041232913961
2016;6;16;12;2.03877100828863;3.30098593673602;78.073265419209;13.6265429552078;5.29717216725349;2.4361050687145;0.823212351346179
2016;6;16;13;2.13809940713478;3.13823085794918;76.6686325992161;15.6147662264068;5.33017208778447;2.40375374583707;0.652282384500818
2016;6;16;14;2.03324265364361;3.49865720305678;79.771809053314;15.1741459220143;5.22617679965294;2.54271895164743;0.955738463973967
2016;6;16;15;1.96809789782001;3.07962221200463;82.703379689054;18.2639336320977;7.93525989437103;2.36537283796661;0.72493243712773
2016;6;16;16;1.67760116239993;2.78532357970811;68.5361134205571;13.6167615523338;6.59515949034691;2.44176730650988;0.722452852710928
2016;6;16;17;1.48485455059423;2.41383407975743;72.1317510972796;12.2811570300579;4.49508514730136;2.42451889723783;0.605877339365326
2016;6;16;18;1.31639741045256;2.51936297782535;78.7437645689541;14.6865674057007;5.70898397828738;2.58938265119024;0.784570116377544
2016;6;16;19;1.85215990777838;2.830450581054;83.5342148719601;16.2861059899807;6.72320714964867;2.88457696167423;0.638037902497223
2016;6;16;20;2.17241113689574;3.58803967335408;86.4540078339738;17.4819359398842;7.45929961150487;2.97133602071048;0.923268192972565
2016;6;16;21;2.84082512268376;4.11320912965613;86.7174811470978;17.509128031826;6.91565268251101;3.1077266132687;0.829844590321415
2016;6;16;22;3.54662617335757;5.01032311009231;77.1757769533432;16.4163495388985;7.78758000586828;2.78882116483533;0.954618242734429
2016;6;16;23;5.26782514755538;6.6165615622093;77.2639787573323;16.5892349292755;7.40945764436722;3.41978672230265;0.879641375038409
2016;6;17;0;2.93007311552789;4.23325797414502;79.2518855775006;16.5244995241642;7.61390218779246;3.07368966709778;0.849932802665041
2016;6;17;1;1.71308742232984;2.58729436663586;77.1620147360966;19.8372884664059;8.35199448474249;2.67881948865047;0.570154842860671
2016;6;17;2;1.18959406632267;2.65553246931049;77.0258803799426;29.2733759811401;11.0360783896764;2.78564844204431;0.956080119521867
2016;6;17;3;-999;-999;78.5562783740745;33.2291940542221;12.6128701590379;2.78998362620146;-999
2016;6;17;4;1.86559471331355;2.97337342355102;74.0425116827742;33.4919985872269;13.9829098468304;2.64347525490548;0.722489566770992
2016;6;17;5;1.46031223632894;2.59322543284466;74.366563083289;32.2797914540291;15.0818951737086;2.3715890042078;0.738882194589492
2016;6;17;6;0.920703364624091;1.9886444881398;81.6364067895003;18.7340812278986;9.45755064229454;2.07380297140678;0.696507626058622
2016;6;17;7;1.0393850425011;2.0544373934602;78.8764504628193;10.1512200170714;5.67900237311988;2.06561214578026;0.662013745630751
2016;6;17;8;0.870833762468949;2.27688155070079;83.1621443469061;10.1357167521839;4.73929292526738;2.14460532125343;0.917019661048698
2016;6;17;9;0.820276641244068;1.84668691194721;86.4045599426704;8.21672552740574;2.66123800938924;2.09886511356861;0.669421342869675
2016;6;17;10;0.689427023841541;1.67296237886131;84.9715349760911;7.12332902770043;1.88761016563972;1.8662382497258;0.641458466375344
2016;6;17;11;0.781386244395663;1.54595701678119;81.0714162567944;8.34774155716896;2.00452349750598;2.00134102387292;0.49865049851713
2016;6;17;12;0.563820614809744;1.71957385110987;78.4487837372539;8.22970346345902;1.32904132951895;1.86668533874188;0.753778392084864
2016;6;17;13;0.806442830218465;1.80443993599238;75.3619663241646;7.28416353271007;0.895385165639719;1.89215959722025;0.650890371809661
2016;6;17;14;0.739598305328173;1.51337314485427;73.8395834586656;7.49397447259426;0.576334828492006;2.14423602745969;0.504653360297618
2016;6;17;15;0.954257751869144;2.02420608246721;74.2888275259024;6.66600897760391;0.384350826364756;2.0915875117874;0.697816719799055
2016;6;17;16;0.884228963082503;2.13794476348978;76.8124996018499;6.02607002431154;0.435577332526447;2.0143358498382;0.81766924848738
2016;6;17;17;1.49772226877979;2.65697868627;76.324523969412;6.2223382825687;0.518318468916005;2.04196943861999;0.756063155130904
2016;6;17;18;1.87528116126833;3.19998027073173;80.375808486324;6.10223852534294;0.772472328492006;1.98975039297561;0.863964325052755
2016;6;17;19;1.26152028079644;2.61153335134587;78.3566254851255;6.46732201237679;1.14936400249402;1.83393595411808;0.880474005740138
2016;6;17;20;1.48133864551476;2.44112846062288;81.7210766408133;6.95198852534294;1.47502917766968;1.91379878951013;0.625971704727948
2016;6;17;21;2.2133499150484;3.28567565842792;81.7921636292151;7.76960251915455;2.02267584286928;2.04934563845511;0.699367260457248
2016;6;17;22;1.43694816535385;2.24982972831604;87.5832943063075;6.78574648497105;1.33427165786425;1.93237614901854;0.530158634421469
2016;6;17;23;1.31959392926511;2.27932924258746;87.8883119332737;7.66825051267147;1.51102617634932;1.92547864418074;0.625936158845692
2016;6;18;0;1.55950877962566;2.65191271699856;92.772226514191;8.1555434678793;1.63793868735234;1.98505653835311;0.712462191372391
2016;6;18;1;1.97829069521704;3.18398001157511;89.7848148114251;7.87775246758461;1.66793615874449;2.03686562785776;0.786346536348596
2016;6;18;2;2.83790707853303;3.45255122085782;86.1078294736008;8.72935649528503;2.25096448620955;2.31357735338274;0.383153215218789
2016;6;18;3;3.5896279902877;5.11317083811054;85.0888309265703;9.23379897465706;2.51201964964867;2.80051849049405;0.993649545625042
2016;6;18;4;2.35816972851868;3.68348815045455;83.0664128916011;8.65998596198559;2.16174117928346;1.98379700169914;0.864368238574286
2016;6;18;5;2.30870804146761;3.51651562290458;82.1062309691469;8.87304150559902;2.22373601951202;2.21475766224478;0.787728061742626
2016;6;18;6;2.73946021290334;3.97918770269786;77.3344229055962;8.57810101060868;2.28557700088024;2.44787915303917;0.808546119128539
2016;6;18;7;3.40171193625918;4.95179771669283;64.8613712709211;9.30795902180672;3.0009020192186;2.3775262607147;1.01096075742717
2016;6;18;8;2.84709296278552;4.19401680811912;72.8899589611005;9.97030053477287;3.53747266197205;2.20097584741587;0.878459223394878
2016;6;18;9;3.40087285394741;5.10684108012999;71.2066824584353;8.88231148202419;2.19850734389623;2.191489448959;1.11262676676238
2016;6;18;10;10.2454994552993;16.6412661267291;66.3468077573804;9.52858506188393;2.26911684257587;2.38447177723734;4.17129761468253
2016;6;18;11;2.63846712916584;4.21721983058418;83.6733681233062;9.87404698290825;2.5780141674002;2.34131316034435;1.02965722733717
2016;6;18;12;1.83870132726899;2.91403965319288;87.127978863329;9.52487700648308;2.55893884125551;2.05682827149188;0.701332056708733
2016;6;18;13;1.76131736633881;2.89218341110403;89.534290413292;9.41363708310127;2.1697405233264;2.0451814521568;0.737547049070204
2016;6;18;14;1.4961698759991;2.87935441102439;91.1894466169964;6.936075;1.02645116901398;1.98604594336132;0.902108323837105
2016;6;18;15;1.85499637417092;2.97578230754693;89.0383721074389;6.94472697701454;1.32704149809281;2.21788973973632;0.730972834163118
2016;6;18;16;2.18410995044475;3.26740224533676;101.8151640256;7.73530347819329;1.85084402670066;2.09313182588751;0.706519608645576
2016;6;18;17;4.391000949522;5.73504891076576;100.371465999161;15.598117420435;9.61096653476954;3.01488697667948;0.876583581417868
2016;6;18;18;3.0771241746433;4.06317516766745;109.174404723455;13.1134484398842;5.73252051085631;2.4653068267223;0.643099157061255
2016;6;18;19;4.68096965781524;5.87399915552454;97.7406836741167;16.6011315836906;9.11100816842716;2.6082256197677;0.778089845001831
2016;6;18;20;4.82600705126934;5.91518987974058;87.9061160128443;11.2419900265217;3.14735131924947;3.65953533127197;0.710361394928679
2016;6;18;21;4.19382175211571;5.48934984893536;88.184471547865;6.04862698806524;1.3521163368543;2.88759266172013;0.844939088250057
2016;6;18;22;2.80255552081108;3.94522044467029;89.5856529623394;4.51243347229958;0.727553001320362;2.26848236982543;0.745242238521149
2016;6;18;23;3.39389780539119;4.63596263828095;87.5274116234139;3.9112740151763;0.551567661605278;2.39931562501261;0.810070526471508
2016;6;19;0;2.77436510531094;4.09220337034431;86.5672884086039;2.99740649160147;0.355276315581798;2.04614984559179;0.859489705280649
2016;6;19;1;1.59262135544116;2.71827657884006;90.0141787423102;2.32007849108577;-0.0436134986062839;1.85618412072559;0.734148568817169
2016;6;19;2;2.55003760700356;4.02818095650907;79.1006452190431;3.33715198990703;0.716784663585822;1.85187432266427;0.964040144787327
2016;6;19;3;5.13342888415081;6.38805780874197;56.1197646679115;6.21069748084545;2.88152731602192;2.32423866575639;0.818264785023627
2016;6;19;4;4.99991840979194;6.17808683710082;48.9735236484945;6.38899046552181;2.91952418280443;2.22321524618416;0.768397504630844
2016;6;19;5;5.22097837842458;6.40400729606932;52.3113600178824;6.08138098261356;2.69692735269864;2.41407191948043;0.771567500158471
2016;6;19;6;4.21765458778952;5.55511611660736;48.317141361637;5.02444649970531;1.79684852317969;1.99396124489577;0.872287932236322
2016;6;19;7;4.12948938413754;5.48611580296241;44.7832735248849;5.34735150854588;2.03805918720563;1.88559227646006;0.88478720934865
2016;6;19;8;3.0689226509425;4.73274510369114;49.8046889995766;4.49667450942993;1.3299643176357;1.79362946865557;1.08513943440248
2016;6;19;9;2.68893516599594;4.26865610907813;52.3283271092533;4.34850898865461;1.25243232922554;2.08380185413443;1.03028871130936
2016;6;19;10;3.22924281053651;4.47702246997576;45.8712607831825;11.8870275117874;8.51321195774078;1.92059202411419;0.81379771721796
2016;6;19;11;3.0271182780905;4.23629641451913;41.9748965530386;10.1767125589371;6.54229912412167;2.00134743427745;0.788621933120556
2016;6;19;12;2.41598028316417;3.31711564965327;58.0845703430651;5.57616598556042;2.40618234389623;2.02294664395044;0.587717469671502
2016;6;19;13;2.01995644043371;3.33149583220154;64.5739956893815;3.79957048909664;1.11798201041619;1.84116419986003;0.855381601220966
2016;6;19;14;0.92888925658903;1.94695074915018;64.9893430993264;3.44344800825119;0.67709566842715;1.55876622050965;0.663976297711171
2016;6;19;15;1.31661496686696;2.2221844533177;68.6007536367469;3.75847350618839;0.868310495452086;1.68140746496016;0.590609387868238
2016;6;19;16;1.32782342671437;2.26506708241865;70.8978429779886;3.85395450721979;0.975070822330316;1.80275548617307;0.611267175033079
2016;6;19;17;1.35748302543187;2.64334490855966;66.695711248435;6.99988352018595;2.93475365727743;1.72719337144926;0.838634816035748
2016;6;19;18;1.52171307006725;2.71701862708628;68.2138936318071;4.96450050162077;1.70654832159678;1.72719998548311;0.779574283265022
2016;6;19;19;3.17501942990651;4.56335942050895;52.8200940203928;7.47265344872475;3.8222181801637;1.7708217358309;0.905470694707762
2016;6;19;20;2.92610442723192;4.21970146110817;44.465874269975;8.66910147907734;4.42493713351091;1.90081135849958;0.843679655462179
2016;6;19;21;2.25726647801082;3.36025492672592;49.8035213935941;6.79594354891777;2.80968715184927;-999;0.719365374240442
2016;6;19;22;1.78243267236091;3.05236321614634;48.8072545108377;7.6925069637537;3.31272215258281;-999;0.828244449843324
2016;6;19;23;2.16175897204134;3.24312969182765;44.4830313439224;5.99949601650238;2.1737401971817;-999;0.705266363793687
2016;6;20;0;-999;-999;41.2846816221339;13.5991964112997;8.42506540243228;-999;-999
2016;6;20;1;-999;-999;43.0011729325348;11.6217510695457;6.8511965296348;-999;-999
2016;6;20;2;-999;-999;60.8267714800257;3.7578555251956;0.935689504547914;-999;-999
2016;6;20;3;-999;-999;62.7451421818149;3.17719474583763;0.600069496001227;-999;-999
2016;6;20;4;-999;-999;-999;3.88287908559399;0.948314834239227;-999;-999
2016;6;20;5;-999;-999;59.4245963347643;3.54325503278375;0.77277998936375;-999;-999
2016;6;20;6;-999;-999;57.0365131004087;3.76897950721979;0.908614830692609;-999;-999
2016;6;20;7;-999;-999;76.4705141642887;2.38261018167352;0.0164424482628983;-999;-999
2016;6;20;8;3.71350041542227;4.74263675530152;102.745624236677;1.79751155138119;-0.510508273813231;1.78145671386655;0.671199276061413
2016;6;20;9;2.43411284902523;3.74682810778342;75.9622107529588;1.99840950316787;-0.304361006675164;1.99247858436116;0.85614849773612
2016;6;20;10;1.32318276588326;2.62161463035885;76.7690977576879;1.95823948806524;-0.369124835093816;1.83873417473916;0.846832915795535
2016;6;20;11;1.26842449281617;2.65241373156149;77.105117642797;2.40551701458693;-0.263748995892207;1.92943999770104;0.902633148909734
2016;6;20;12;1.69713625852274;2.05670182523258;77.5136277783034;1.76851350416243;-0.762476667400201;1.92944828797064;0.234507459041409
2016;6;20;13;2.23380026253871;3.71040136661561;79.6689150943104;2.38388700574637;-0.309437503667672;2.40627887557614;0.963034297481111
2016;6;20;14;2.05682012143114;3.72101071901103;80.7371377371174;2.48245799278021;-0.0599198347270485;2.16701379127115;1.08537953722915
2016;6;20;15;1.50643048867721;2.75886508461811;75.6604763999003;2.70092098703384;-0.0170003334800403;1.77873627357278;0.816833651222958
2016;6;20;16;1.82148279412332;2.91497815464607;60.6220260124795;3.15947698990703;-0.140220838834842;1.85562482481953;0.713174013897424
2016;6;20;17;1.82697539723173;2.83241809190289;67.2363829591298;3.28554899675846;-0.0245381742954247;1.87161353651409;0.655746359965968
2016;6;20;18;1.5883104120295;2.80059460700612;67.2919483015052;3.3996232728136;-0.00269914400166461;1.91006250219854;0.790647694108702
2016;6;20;19;1.80234369460524;3.05901937794668;74.3149898240079;4.5243300103648;0.750341559767723;1.93123573051673;0.819599674229484
2016;6;20;20;2.72005304829171;3.74047724816012;74.7956633355909;4.79124204960774;1.52152396278546;1.96147860524799;0.665517247508319
2016;6;20;21;4.7473960576811;5.90239017670122;61.6942121435455;5.52409950942993;2.05128881924947;1.92174999735972;0.753283298335821
2016;6;20;22;8.34332440892068;9.36478157876978;56.1774282442365;6.40814853565693;2.74030833333333;2.33598798314253;0.666190947072086
2016;6;20;23;8.42231559217017;9.28920146364183;52.658213157088;6.11197201237679;2.64077814788818;2.51741554242008;0.565380063663783
2016;6;21;0;6.87087019617556;7.8919321710222;48.4855050204496;6.67821451385021;2.8856808303992;1.89628937368972;0.665933202214309
2016;6;21;1;5.63397281594145;6.80681945491524;46.478460892603;6.94228309637417;3.01650909891129;1.80386061555826;0.764926652092212
2016;6;21;2;6.31896065790795;7.95144348371437;44.2196285255321;7.58545254834782;3.55067437035821;2.47037518624675;1.06469983461329
2016;6;21;3;6.86027635981756;8.68281408998723;36.5152182688492;9.42411490651911;4.85294345966686;2.83323208851211;1.21311801248504
2016;6;21;4;5.44123528483636;6.79237948070537;35.702012170966;8.90625903654098;4.49708501173655;2.11824428498627;0.881211721887373
2016;6;21;5;4.61598891105807;5.98342428052086;37.1205848327214;8.16388651885986;3.983897017018;2.15464690667995;0.891836770774112
2016;6;21;6;3.53808941105316;5.35037656910084;31.0517265199824;8.25844050235748;3.93851616461277;2.16632056232014;1.18196761824553
2016;6;21;7;3.4090144253989;5.65683157115658;20.1362767196558;8.2151805362463;3.63777200234731;2.12399789894191;1.46601881838903
2016;6;21;8;3.06575880274961;6.04044679737994;16.4881198948324;8.72981997642517;4.14665268984636;2.11752833006583;1.94008155298327
2016;6;21;9;2.32116030742225;4.92458884188959;23.1785102386851;8.86624349734783;3.30441514583429;2.0644044945771;1.69794737577447
2016;6;21;10;1.68118207412168;3.04351069428824;43.381884317432;7.32325198438167;2.50602016637325;1.84755730629034;0.888506165976834
2016;6;21;11;1.36155810658169;2.46057026694621;53.5105638616655;6.14565300235748;1.93391401716471;1.80220573027332;0.716772052287952
2016;6;21;12;1.02147229294042;2.2486740707351;60.8174123231477;6.25859249410629;2.18773898782333;1.72315860850569;0.800376891689313
2016;6;21;13;1.35161447191751;2.58618454839712;73.690047105348;6.67419753978252;2.60647334360282;1.86054058179907;0.805182471427865
2016;6;21;14;1.08778734752437;2.36966487452838;79.285029236364;7.58791050825119;3.42363600117366;2.00786099329691;0.836036232308574
2016;6;21;15;1.0208264873907;2.36615341060769;77.2071308757183;9.84639157190323;4.87289980575244;2.08044716644227;0.877417716135764
2016;6;21;16;0.986541162204746;1.99863977102571;83.3627338418704;11.3570924646378;6.1431017077446;2.30683042194264;0.660087324895262
2016;6;21;17;1.59275239072486;2.60727810585625;89.090956158335;12.4818525265217;6.96472549471855;2.58117087626237;0.661670275506717
2016;6;21;18;2.19281599875896;3.01629853124697;98.9956520895582;13.961035552454;7.94095187265078;2.67536530049356;0.537072551261793
2016;6;21;19;2.47188765134962;3.63361553101839;116.718785070527;15.007154920435;9.05855103344918;2.61878537336018;0.757675034491086
2016;6;21;20;2.45319480480352;3.25835981507492;109.229677970106;17.2219124557972;10.8270189900239;2.40278747142195;0.525125924585998
2016;6;21;21;2.48207120964911;3.69991705737945;107.945100785237;16.9189378874302;10.4105921613852;2.36132535541313;0.794274985418269
2016;6;21;22;2.24085316218668;3.43556397736412;105.188040429691;16.1240355377197;9.5186664724191;2.20450969760522;0.779186394626709
2016;6;21;23;2.91960336874843;4.31669674767679;101.415259115926;17.0090114746571;10.4027466725349;2.23173891009893;0.911179625273882
2016;6;22;0;1.86144382967901;2.94883821824368;102.384172635539;16.331220020628;9.80171982922553;2.22138108991466;0.709194980408026
2016;6;22;1;4.17059861835173;5.58531657148079;89.1426789615118;18.7571789687634;12.3284324172497;2.55752372336533;0.922674313573192
2016;6;22;2;5.09188244802965;6.19469748393731;74.2717348448708;20.4401475766182;14.2824234683037;3.50847935201779;0.719252274987891
2016;6;22;3;6.84727237705154;8.25854842984122;61.0402626252957;20.1623565247536;13.9613731420199;3.0354028271989;0.92042951769285
2016;6;22;4;5.60950044666011;6.98887894240766;63.1404447970537;18.7154639127731;12.9280747435411;2.71483540134409;0.899626037760042
2016;6;22;5;4.44886996143977;5.83072844162938;62.114683416224;17.7129136579514;12.0644543315729;2.80212707569036;0.901243475311949
2016;6;22;6;5.62164539105607;6.91506793599751;49.3321200115776;17.5296766190529;11.3962023086866;3.05619731050179;0.84356585436296
2016;6;22;7;5.0688098859895;6.91314165639329;47.9560686295939;16.5139934899807;10.0683130093892;2.95727324514296;1.20286700716189
2016;6;22;8;3.80044854561416;5.44121694897117;53.2658528049924;15.321717047739;9.17531046244303;2.61595247822368;1.07010366055763
2016;6;22;9;6.78649943501665;9.39906657298656;57.4361610344789;15.4218329669952;9.01255481162071;3.7289965991705;1.70390754238937
2016;6;22;10;3.48140192132026;5.22766408328775;71.6735870283558;14.6970734546184;8.54059415493012;2.90979651503452;1.1389063368062
2016;6;22;11;1.59442817552645;2.75799216955297;79.1396680478585;14.0161919740677;7.72927715845109;2.27378553322256;0.758872542129221
2016;6;22;12;1.51167677084902;2.84844924276855;78.7681582751922;15.0984645359516;8.10786098650296;2.20379884222142;0.871838531633713
2016;6;22;13;1.54867539966496;2.91181894738886;78.4289337486855;16.0277819858551;8.46075461737315;2.11695967148404;0.889037659001939
2016;6;22;14;1.31825649074901;2.0081214552029;78.6526414272309;15.9015554404736;8.4773686161995;2.15196931510442;0.449927620645399
2016;6;22;15;1.16157909232928;2.06648496876445;83.9999988264169;16.5654419151306;8.76811366901397;2.06296712692647;0.590176583637373
2016;6;22;16;1.28140598932902;2.54972205061727;84.1433010798615;16.4375159781933;8.8704127858003;2.11094045407372;0.827191489762789
2016;6;22;17;1.26336535188297;2.23957094333747;85.7862107987381;19.2248504021645;9.20576958743731;2.12607427065622;0.636678019112844
2016;6;22;18;1.75743473753984;3.03319661926111;89.7362157632212;22.556952109623;10.9062431068103;2.26133616878611;0.832047628925957
2016;6;22;19;2.06174643110779;3.36003806674929;85.0656274545192;22.8784665424347;11.964308872064;2.18183760890638;0.846741459019322
2016;6;22;20;2.16382092003558;3.37103480930729;85.6581687249029;22.017746968174;11.8597021437804;1.96622071247061;0.787340857699698
2016;6;22;21;1.24058888330842;2.60820058164822;90.2838762406481;20.3476019622803;11.3060560099761;1.99388559292582;0.891951771877477
2016;6;22;22;3.44586201847432;4.81561013668498;90.88170664642;19.271818563652;10.6828772024631;3.01933667248548;0.893345137766052
2016;6;22;23;5.1320738303061;6.18802371207747;91.9778928294988;18.6445484693527;10.0363156332175;3.50506684470529;0.688686978331017
2016;6;23;0;8.83933980473051;10.0796652706416;85.0564387414265;18.9808950353622;10.6282663368543;4.90823841893276;0.808936117150169
2016;6;23;1;3.06991064488746;4.26380268688197;82.3451523472549;20.1795059457779;12.4687282394409;2.39494683523203;0.778652393497463
2016;6;23;2;4.57845053307754;6.19083937981094;72.8333398052732;22.6623208691597;14.916062800471;2.81327543225732;1.05159460872205
2016;6;23;3;6.83625422435914;8.52649208187781;64.7518899927719;25.1018759811401;16.840671907266;3.3011865664773;1.10236747297374
2016;6;23;4;6.28322195673188;7.59331354504701;65.9930226929884;24.0363789969996;16.3959314640447;3.01685138528505;0.854437348655319
2016;6;23;5;5.87454312397532;7.23430370331386;62.1352824035345;23.2826545668964;16.0772339679455;2.73294367593766;0.886831298344745
2016;6;23;6;5.96846420773825;7.27508753122346;57.4340640124438;23.0909812878881;15.8587205797264;2.66078871039913;0.852175357942499
2016;6;23;7;5.14645077168198;6.85459447055471;52.100882231673;21.5025004940374;14.2142970535755;2.61888439256808;1.11404560276899
2016;6;23;8;4.81122432657308;6.33485717492689;53.8770153667321;20.4493768383829;13.0868954311839;2.64482883826369;0.993708243670082
2016;6;23;9;5.4961243930891;7.38585061793049;67.585937340802;17.0420744504929;10.245836631457;3.97809498430595;1.23247311839813
2016;6;23;10;5.16778245405736;6.80037814318567;77.2874376495714;14.2438437009611;7.64249091178493;3.77715736556001;1.06477344369404
2016;6;23;11;2.32415949284146;3.72355813343731;81.4753150954073;10.622418806367;4.57475778139244;2.67901624775443;0.912683109217061
2016;6;23;12;1.51754203730452;2.84826591135318;87.4931908165189;11.0584439805508;4.89920533568064;1.91536370951098;0.867893656348687
2016;6;23;13;1.39488861693785;2.57302464765614;91.8502339557154;12.7880554660271;5.5220924089366;2.01131784366158;0.768376375682906
2016;6;23;14;1.4637567317574;2.66656279795777;95.347675109057;16.0356273413513;6.08738269008216;2.05324949481255;0.784466090246786
2016;6;23;15;1.47538732237998;2.95001624271126;93.3996620955303;17.353538634478;7.22048256266319;2.03208135250626;0.96174804584367
2016;6;23;16;1.34372505590996;2.54303228257644;98.5092705829733;20.7896637626188;8.39851051238488;2.03554876534844;0.782184158814383
2016;6;23;17;1.70473475315523;2.48193612683776;101.062445969427;22.4543640306473;9.37898574824333;2.1578715215265;0.506888134404872
2016;6;23;18;1.66561920242393;2.7658409059628;105.195474517279;24.8758424941063;11.9090826737086;2.16782280917218;0.717560912297579
2016;6;23;19;2.01639546571394;3.16034386336616;99.0389435866343;28.7361795919418;15.9744363127867;2.17345172807986;0.746079315832802
2016;6;23;20;2.38032372519172;3.85342084682134;93.0554130473863;27.6324315836906;15.6215423885028;-999;0.960749011857808
2016;6;23;21;1.68916105923572;2.91178750433635;104.255138119606;26.1345539834976;13.3281951150258;-999;0.797392875021179
2016;6;23;22;1.17269430515054;2.40522660905414;106.426020759591;26.181521968174;12.3713518579801;-999;0.803853442974786
2016;6;23;23;1.38593104826694;2.20345363085278;102.829228432071;26.1923369799614;12.3145873204231;-999;0.533185491885225
2016;6;24;0;-999;-999;103.104797204314;25.2761520801544;12.240747317489;-999;-999
2016;6;24;1;-999;-999;86.0949641102786;24.797356495285;14.9820572558721;-999;-999
2016;6;24;2;-999;-999;70.4802999059229;27.5167109104156;17.9038138485909;-999;-999
2016;6;24;3;-999;-999;70.3674555040944;27.3614384516716;17.9685776384989;-999;-999
2016;6;24;4;-999;-999;72.5822776817804;27.2577409090909;17.9875691613284;-999;-999
2016;6;24;5;-999;-999;71.1336005513625;27.6124847455276;18.3075130924091;-999;-999
2016;6;24;6;-999;-999;61.5808588778897;27.3215774823189;17.9296578826268;-999;-999
2016;6;24;7;-999;-999;60.2757081431392;26.1464504611015;15.6147738603274;-999;-999
2016;6;24;8;-999;-999;56.6402026195099;24.7817938995038;13.3395031564842;-999;-999
2016;6;24;9;3.85515328806361;5.64654121637845;67.0180704781352;24.3344854296276;12.2725359066895;3.01466673345852;1.16833721056935
2016;6;24;10;3.89728812840792;5.45016015534455;77.7003621547275;26.6714416013718;11.9280041226546;3.33857954788631;1.01277793807008
2016;6;24;11;2.24584834006083;3.50646489679245;85.9826857824888;31.4807175235748;13.5429464929581;2.84580808662974;0.822169898663352
2016;6;24;12;1.45550349841766;2.51500116585744;85.7423270575966;34.4953217722893;15.5012447558721;2.64222225928658;0.691000832268516
2016;6;24;13;0.934043491857181;2.20034542630579;86.8894121105252;34.7833096155167;15.8772134600957;2.6785490163403;0.82587788297982
2016;6;24;14;0.908475753213992;2.15112042695093;81.5291035677559;36.0026235872269;16.6863767112732;2.92669614816662;0.810448696731151
2016;6;24;15;1.23077712387943;2.3493107451268;83.7537763932858;34.115406063652;15.5893912194888;2.79702701044916;0.729503883731946
2016;6;24;16;1.0894815995485;2.53622408901666;89.035885389599;32.5311631673813;14.9180627089183;2.73349612978614;0.943560608978448
2016;6;24;17;13.1304908343985;25.171352147974;83.6758652676655;33.8881366956711;15.8544461044629;3.18093980709225;7.85300944457569
2016;6;24;18;1.91550482093702;3.23816262307271;92.7469245383105;36.1163357145309;18.7202073438962;3.52074898903739;0.862632991246447
2016;6;24;19;1.95317439085642;3.38412151204171;92.0553121725524;35.6250257263184;19.0912534154892;3.2955401711763;0.933258922655886
2016;6;24;20;0.977991313721572;2.35412909966601;99.517154804852;33.3231298467636;17.303402338028;3.13128361719049;0.897512457674015
2016;6;24;21;2.49354371757062;4.57575962143791;92.5928974305101;42.1606845565796;26.7078493697167;3.25797113751679;1.3580142427419
2016;6;24;22;1.85817287611927;3.42621360027189;101.027933230447;41.7336466249466;24.2411317758242;3.86020957796172;1.02267091162045
2016;6;24;23;1.74731561479346;3.31435538973356;93.0339131714644;43.3996200353622;23.9006986220678;3.45255599645909;1.02201809589451
2016;6;25;0;1.50702855110586;3.04330519639132;95.3951857864196;41.0044065542221;24.0326876208941;3.76687925779153;1.00195448570658
2016;6;25;1;1.92560459655414;3.40635579066855;92.2070792960773;39.0532260400772;22.6684936748823;3.71026785238419;0.965740972312066
2016;6;25;2;6.01357576137602;7.87540707984359;67.6775116725055;36.8366144033432;24.2643606713613;3.26434027520762;1.21428015383319
2016;6;25;3;-999;-999;56.1909821662256;37.883506495285;25.572405397892;3.98474630287647;-999
2016;6;25;4;6.62748861776725;8.22093006804722;60.8392084480334;36.6482791013718;24.5340304565748;3.22266241941847;1.03923718017736
2016;6;25;5;6.98820962306221;9.18405917378345;59.3262537281888;35.7259136770248;23.9922294084549;3.51797506140213;1.43212572685638
2016;6;25;6;11.3496296529836;13.8357967983219;47.7000174137111;35.6021595565796;23.6647183157285;5.6503430523226;1.62146989029124
2016;6;25;7;13.0229043344697;16.5042659974959;47.3062072763443;34.3941240777969;21.5947369025866;7.40789116666094;2.27053242353224
2016;6;25;8;13.6956396190365;17.7195455216447;49.7224253899726;34.8665850471497;21.4158288368543;7.58910586379343;2.62437796053995
2016;6;25;9;6.41995811999453;8.62698242523901;57.0087685031987;37.110851726532;23.0567689460119;4.37413890334274;1.4394138643514
2016;6;25;10;4.48958078833396;6.30252944695983;66.0282125678104;37.0002300235748;21.5750462840398;4.0758381246415;1.1823990467084
2016;6;25;11;3.35199725946927;4.88284000837333;73.2095006687074;37.3693304552078;21.7905667582194;3.21545363309174;0.998410516675395
2016;6;25;12;1.81586855579813;3.39496961579588;78.202532568439;35.9414413066864;20.5534392664274;2.37494193309288;1.02988442563661
2016;6;25;13;2.03769037849117;3.15725556984727;81.2947276823015;38.1645421508789;23.2172172053973;2.09780297016793;0.730176670303899
2016;6;25;14;1.96741661091986;3.04016343179327;79.9796090540795;40.1744325942993;25.4450314753532;2.46879453299764;0.699641885789299
2016;6;25;15;1.27437719198219;2.24603164493079;80.7697513225527;35.8323644622803;21.4513643286387;2.46188971906742;0.633709781813233
2016;6;25;16;1.45751721387343;2.36422909762704;92.1331234081094;27.2659966855615;16.175303377895;2.25738306834761;0.591354455565246
2016;6;25;17;1.04611822642909;2.16035941014622;102.940419159632;19.5135948112889;12.8103194001683;2.02303867116951;0.72670437034271
2016;6;25;18;1.03483998386942;1.90387940690448;94.0619807030776;10.4959095860481;6.31601034888427;2.06931419959505;0.566784602784897
2016;6;25;19;1.3229029921902;1.93090060296336;93.3077340032864;10.5551720608695;5.96880072451446;1.86406633440365;0.396534006607811
2016;6;25;20;1.98086293705748;3.37516157606204;83.6487740405606;11.4284714628696;6.7041318198363;1.91496564970412;0.909356905250354
2016;6;25;21;1.40614646544002;2.49020746240726;81.0825060293174;12.1570935194492;7.03487353051503;1.94610768000508;0.70702095356598
2016;6;25;22;1.71034236149767;2.82527359845866;69.9323462818754;15.4136445005894;8.82072468485832;1.82114941860138;0.727154420758555
2016;6;25;23;-999;-999;68.5545668639391;14.1200159781933;8.05340398708979;2.08273703439535;-999
2016;6;26;0;-999;-999;-999;-999;-999;-999;-999
2016;6;26;1;-999;-999;-999;-999;-999;-999;-999
2016;6;26;2;-999;-999;60.8381532087433;17.3903174646378;10.3592118697166;-999;-999
2016;6;26;3;1.46949960119625;2.24231857540079;56.6889852251074;17.9516160813332;10.5224290457726;-999;0.504029948134443
2016;6;26;4;1.87773394198817;2.67681959714817;60.9961073792351;18.4518871862412;11.5108081390858;-999;0.521160989531653
2016;6;26;5;1.88171170688603;3.14056260366808;47.415857613506;21.3815160223961;13.5272556179523;-999;0.821018341154405
2016;6;26;6;2.89391125847534;4.47654884628892;42.4920837627729;22.2584580259323;14.5728607300441;1.7351529651308;1.03219093724034
2016;6;26;7;2.9328168018559;4.49773785563698;44.7535464719948;19.8939898789293;12.9336961190014;1.88867839336068;1.02063627304656
2016;6;26;8;2.46191610470457;4.45240237826415;47.6068162031455;18.1865518678961;10.6842086935372;2.12783106923523;1.2981884849
2016;6;26;9;0.873333117589665;2.29650096592356;67.1583800398898;13.311793395383;7.52304157633441;1.8999380733733;0.928185306941612
2016;6;26;10;0.890283145880986;2.25091718011647;61.9968901948634;13.1942629529919;6.88781985412325;1.87918840008456;0.88740096270484
2016;6;26;11;0.993316217503568;2.20745870788333;59.2635772361288;12.0935207025399;6.2640042745865;2.11056345065076;0.791859668150401
2016;6;26;12;0.262688759171065;1.20475152702658;65.7175556625906;10.3581397034781;4.94984947465999;2.09197833052541;0.614410183847189
2016;6;26;13;0.506619473202567;1.77556821413444;63.6498933018343;9.58168423379095;4.23224881578747;1.95229969547273;0.827604121308601
2016;6;26;14;0.374070223516752;1.64124530281832;61.6013308127161;9.55809453005791;3.94128519131343;0.927344489659458;0.826447345130261
2016;6;26;15;1.07998478089386;2.3294094786491;83.308979254264;9.53273214031521;3.4572526269461;2.05135483719963;0.814870605701243
2016;6;26;16;0.765718445590209;1.83223553173882;88.6019392443803;7.2022216341621;2.28326142204017;1.72656996606919;0.695578873654455
2016;6;26;17;0.836796007861801;1.80116329857918;98.3357118792331;5.93005929897513;1.46733751100302;1.80701875987224;0.628957118998206
2016;6;26;18;1.20441931835578;2.33820065658374;99.3999870593075;6.13208506937027;1.30644180857919;1.92639412702916;0.739448393708303
2016;6;26;19;2.22472011661904;4.06085433416886;87.5886233496573;6.7790919927018;2.03745484280586;2.02933588716325;1.19752059063003
2016;6;26;20;2.02158663308431;2.56080281066217;84.7573883874932;7.47714465791604;3.3645003487735;2.28797934994207;0.351674986108575
2016;6;26;21;2.51503606551113;3.42414139595574;82.2001143052276;8.7107562478114;4.37044625686387;2.55484436037318;0.592915453485578
2016;6;26;22;1.7230629619986;2.74679366493353;81.6260241216655;8.47115032310001;4.16801206343861;2.97871425455293;0.66767373774051
2016;6;26;23;7.92628553419876;9.64060589326882;69.034317269381;9.01085283400649;4.56192969533144;4.70920478886586;1.11807399987467
2016;6;27;0;4.46805622325935;5.56941347489543;70.373820747074;10.0599584952223;5.24614721891798;3.35546836183718;0.718301512965576
2016;6;27;1;4.09730109726686;5.10496958956549;72.0578797055798;10.3323777738345;5.53796304577488;2.99087890628493;0.657198017728239
2016;6;27;2;1.49835856892062;2.77572632418455;75.2086609994994;9.1055639496088;4.85813180516561;2.09254928252902;0.833094974275171
2016;6;27;3;1.40070246061623;2.73403757617134;71.3777900849917;8.53024861367818;4.41210535514766;2.00172920915355;0.86959669931863
2016;6;27;4;2.08750831595238;2.79217995242471;64.1710655042256;9.46709398055076;5.35193683303992;1.92474775112158;0.459584482573738
2016;6;27;5;2.66230807500715;4.25982585201869;54.5307420330058;12.1227944711208;7.64528414319356;1.87588064308951;1.04189574682708
2016;6;27;6;3.32905149714207;4.82287406538515;52.8472565794881;12.1685265453815;7.77927296244303;2.22883890886957;0.97426607876523
2016;6;27;7;4.93618011953031;6.68461830514916;48.5577441114286;12.2110140306473;7.57052120715777;2.94297626236558;1.14032553214786
2016;6;27;8;2.64199211366256;4.18474758480935;55.076142425249;12.1762514864445;7.89695548591615;2.14754190033813;1.00617995424689
2016;6;27;9;2.79840191215342;3.72750688360615;56.0397530536987;12.5818139717102;8.30784427582423;2.17264067954721;0.605959152406668
2016;6;27;10;3.00345160419849;4.00278049765912;54.7526672047655;15.3748650117874;10.2547589929581;2.08916864688969;0.651758959281068
2016;6;27;11;3.59600287326347;5.03120918936404;54.1520690761952;6.76396200942993;3.38640833333333;1.32095587233136;0.936036755322915
2016;6;27;12;4.59603574873263;6.05979252318078;52.0558216290003;3.38674651075602;0.602947989950578;1.36465011489532;0.954657268690816
2016;6;27;13;4.40034717730374;5.72038348216378;52.5004429515795;2.70910950132608;0.0517631486217185;1.9295819300589;0.860923259498153
2016;6;27;14;3.24879771158875;5.01490799815222;57.9569473092478;2.61517349882126;-0.0222306673268478;2.08661274621057;1.15185121723046
2016;6;27;15;2.00646255723084;3.28620573520306;62.9182421447484;3.59269500589371;-0.106992841182153;1.97285595633943;0.834644217014306
2016;6;27;16;1.08887981753314;1.9332107481229;67.4321184785869;3.10880098850727;0.142063341035446;1.79940152157939;0.550669806718325
2016;6;27;17;1.64696643760936;2.98851963777842;56.3684758617014;3.70702498526573;0.481573504841328;1.93913286228282;0.87495650659562
2016;6;27;18;1.93138063990546;3.39899040241745;55.6517926949583;4.19061000663042;0.407733505574862;1.84570238452831;0.957170174609023
2016;6;27;19;1.55621614657284;2.80819432632175;57.9851634282327;4.30864800088406;0.885539849030972;1.93006523644241;0.816535978110301
2016;6;27;20;1.32639647932395;2.3977000247181;55.2880836156678;4.20559651812315;0.991530998973052;1.78645283059119;0.698700586352776
2016;6;27;21;2.70844298146676;3.57902148885188;55.6272167824118;4.5170684899807;1.26643115654389;2.09619962829105;0.567788388446256
2016;6;27;22;2.67088382828446;3.94291571544729;47.5352485240439;5.51251200942993;1.817462188526;2.14682315226339;0.829614938960278
2016;6;27;23;3.37186796654317;4.49279917726289;40.9758550586346;6.48292650117874;2.47263829518954;2.13601872275488;0.731067583560403
2016;6;28;0;5.72727970443763;7.41772296756659;36.3833194242623;7.51359603123665;3.20196217752298;2.36055273462926;1.10250143782521
2016;6;28;1;5.6434040230664;6.55708532191774;28.7300761336532;9.60289942839145;4.51985233069261;2.24808598479574;0.595899884763404
2016;6;28;2;5.69692083876801;6.87966762845834;29.2329972782811;9.06786596345901;4.21095500586827;2.32758933777307;0.771383497250968
2016;6;28;3;4.85169524401742;6.13385228603911;34.358286800449;7.90633501031399;3.48178500440121;2.21479682849945;0.87411136870308
2016;6;28;4;4.24985536162399;5.65768380287293;34.9324564680741;8.46207155864239;3.93743930663268;1.7392466454714;0.915837169096086
2016;6;28;5;4.25571547098475;5.38826500436129;36.8454046419042;8.19602245874405;3.76960717899005;2.11488229856654;0.738645014707397
2016;6;28;6;4.25509528649695;6.09759785293399;30.9258437919427;8.84245049057006;3.77529898122152;2.19882261421464;1.20167400645763
2016;6;28;7;3.77364288924142;5.93020857761201;31.6694949752348;8.65658696522713;3.52578136179447;2.21916711874071;1.40650492332538
2016;6;28;8;3.51488244119816;5.72128244972308;39.2624209569843;7.5143685120821;2.77615150616169;1.96954535088299;1.4390067001206
2016;6;28;9;3.44180485241847;4.86318711074004;39.4808217126034;7.38644250147343;2.3335730064551;1.91806983506531;0.927020751112445
2016;6;28;10;2.44166908033922;3.62520696252808;65.246914553312;5.51405700427294;1.66624399735928;2.03359508237186;0.771899445130496
2016;6;28;11;2.11539033009632;3.41234949946306;71.1609361587291;5.22730500147343;1.51902551672459;1.87741706941904;0.845872428975069
2016;6;28;12;2.22821347409081;3.50087170544592;72.4056562822201;5.83850699322224;1.79715617121458;1.9669847591829;0.830023438545931
2016;6;28;13;2.26773543401319;3.73472239311016;74.4645607403897;5.79138451237679;1.73146934551001;2.01977813771802;0.956763984306446
2016;6;28;14;2.13939972374473;2.92745362707023;80.3064718849927;4.87118249484301;1.17166983289321;2.06305385796919;0.513966117911555
2016;6;28;15;2.04205205952505;2.75560355206;80.1095304349252;4.22722651222944;0.752320170040925;1.98345264054276;0.465375894974415
2016;6;28;16;2.13682216152797;3.28532108278735;81.9739219314604;3.85117349882126;0.543414489877224;2.20152774068999;0.749047152097516
2016;6;28;17;1.84564022948076;2.86308379595202;79.6064906137525;3.84962850397825;0.497264515550931;1.98563360307555;0.663573288383714
2016;6;28;18;2.10185814321758;3.22492458709356;85.6450487162855;3.95607902033329;0.626484495011965;2.28808574282094;0.732460175477694
2016;6;28;19;1.81672568086745;2.8785439395156;87.0455066860956;6.12943051782846;2.25081066769361;2.41963277337237;0.692514314086948
2016;6;28;20;6.57858304375207;8.4939859304115;82.7621188001184;34.7323244725943;30.0148043277661;4.29491072613105;1.24921935128886
2016;6;28;21;2.44819862460974;3.56015212768936;81.2029092075342;7.78984195196629;3.90913402963479;2.54297478514878;0.725212352688438
2016;6;28;22;2.05583547275083;2.9481482010127;76.5834315127038;8.04801144518852;3.64054100704193;2.06789036310894;0.581963374551549
2016;6;28;23;1.8086245452392;2.91018990792871;76.2980912257107;7.39478553771973;2.94244535328547;2.02030361713848;0.718437242298018
2016;6;29;0;1.67702723336209;2.52627577301844;77.6091735375558;7.82692195343971;3.04720583773454;2.00603382970395;0.553877054890932
2016;6;29;1;1.56782944531377;2.89876814094702;80.837562158059;8.002125;2.94444518837929;2.00777355671202;0.86803376226708
2016;6;29;2;1.58110339241111;2.9016860116539;80.091103154213;7.8453074395895;3.13119880897999;2.00994608635415;0.861279563909916
2016;6;29;3;2.85208226622612;3.73840088064466;70.1497207079452;9.57029998526573;4.82075030780633;2.28646094419283;0.55812771808328
2016;6;29;4;6.13639655177129;7.68613483990157;60.3816259376421;11.2118625294685;6.5595284703652;3.28518622645553;1.01073412411007
2016;6;29;5;8.7169789698736;10.1961332123959;49.3190752334033;13.2168090218067;8.17523992958069;3.46868074059411;0.964699445829125
2016;6;29;6;9.58114686686893;12.1725231232308;40.9316195828392;14.5862970418453;8.32415068896612;4.16582616736562;1.6900869203364
2016;6;29;7;5.65888769858852;8.24326253390086;39.4618143183561;12.3479009369373;6.58152664906184;3.34712787791925;1.68552061696364
2016;6;29;8;5.03940979660902;8.11259521208729;32.8996634787768;11.8868242223137;5.77997409315277;2.59974883783097;2.00432124116182
2016;6;29;9;3.15622280961536;4.73746322615488;46.2394598034077;10.5518384590387;5.06888352024555;2.23633250962977;1.03127970681212
2016;6;29;10;2.09374937915216;3.87058571253378;60.3912789787906;8.45496444017887;3.62438849677245;1.90702598241606;1.15884670906218
2016;6;29;11;1.27674848349142;2.54262069875379;75.2037665728957;5.68586097671986;1.86191999413172;1.33278227752116;0.825597621564944
2016;6;29;12;1.46289159011912;1.97830411766476;81.6859486805114;6.65612100913525;2.46494665786425;2.11952393031001;0.336150325235044
2016;6;29;13;1.36967319978242;2.59646668859409;82.3091794248293;6.95940451827049;2.59078229254882;2.14073868381145;0.800110606981252
2016;6;29;14;2.08320252519614;3.77203790068998;77.8210148828857;7.62684450058937;2.76569082746506;2.20176840366602;1.10145277889164
2016;6;29;15;1.35067932420557;3.11608457418496;82.0481826677383;7.2240629979372;2.71123385005792;2.33204030236898;1.15139139473028
2016;6;29;16;1.29526334168637;2.53466431391725;84.5812415980599;6.70571548762321;2.30834431616863;2.23641108553933;0.808333165466478
2016;6;29;17;1.22765365241511;2.14455421974528;86.2406982404472;5.06523449395895;1.37149933303992;2.2485402040605;0.597999480889496
2016;6;29;18;1.36595921395635;2.42651447145953;87.3520571503044;5.71861501178741;1.75746716872056;2.18666522916401;0.691690588967821
2016;6;29;19;3.53217218986616;5.00440621900262;101.708982316124;20.1728624484301;15.2528040751139;3.09161404945085;0.96018610582278
2016;6;29;20;2.61632354886696;3.33158388567795;101.79176922045;12.2853285371304;6.80489264876843;2.48876739592291;0.466490397491273
2016;6;29;21;2.08499231108143;3.13474747903109;97.8150681786738;9.51064728483911;4.6864564308312;2.10403504229508;0.684646806711933
2016;6;29;22;3.42461315675047;4.61162696465922;90.0294915951501;12.3327600176811;6.85411934184233;2.27542991785615;0.774166432250111
2016;6;29;23;3.36303897730254;4.90624766440091;82.621148799337;11.4990780170918;6.23170966725349;2.18671830002458;1.00647554017347
2016;6;30;0;3.30966634886883;4.77781242860358;80.463191348216;10.6708114074772;5.67813390128895;2.17331318985082;0.957519958906506
2016;6;30;1;2.90571638715033;4.02732688877119;79.5825423451644;9.90548643168757;5.22821050041813;2.48147770720176;0.731510614812352
2016;6;30;2;2.75186749459496;3.96443993540419;79.0813843642332;9.90645941598792;5.20010331511079;2.65872360759443;0.790835687075895
2016;6;30;3;2.78934447340437;4.22534037750293;76.9762880068703;10.3072388447261;5.52091100948948;2.56676914327214;0.936551721972231
2016;6;30;4;2.86018910872947;4.26915758227299;75.5085356194453;10.6065315100193;5.90327553873062;2.21577112232609;0.918924522232622
2016;6;30;5;3.05853388487128;4.08769659103979;72.741352551879;10.4151060194492;5.89712219659487;2.35861195122369;0.671216472067015
2016;6;30;6;6.10774321703562;8.02868797812378;58.8938765601603;12.7175716248874;7.40533075552152;3.49045221405633;1.25283374324107
2016;6;30;7;4.75750319876952;6.54287476623701;47.1102616782447;12.3363134958744;6.69290206689835;2.94338202134199;1.16441336016316
2016;6;30;8;3.80469334210252;6.2964786738647;52.2115897835741;16.6747250458399;7.09584285732552;2.80186515485803;1.62513405267125
2016;6;30;9;2.4873887213827;3.97965899662111;56.1572844136476;10.7347505532133;5.18440171503199;2.25997517430132;0.973253678463546
2016;6;30;10;3.56737387828357;5.26377429947629;64.1910606009048;12.5665699731509;6.15814312760918;2.96031824613387;1.10638667637413
2016;6;30;11;2.50238398707735;4.186956087563;78.6068246918576;14.868325728178;8.47455569951024;2.97288554250644;1.09867228520167
2016;6;30;12;-999;-999;86.4649605964401;11.1262695005894;5.73852000880241;3.15599856820491;-999
2016;6;30;13;-999;-999;105.439323522754;10.6088489451885;5.15918367781639;3.64340319435216;-999
2016;6;30;14;-999;-999;115.453570960141;11.4890354787827;5.26594399735928;2.62795694143409;-999
2016;6;30;15;-999;-999;-999;11.6177339776039;5.21025635445913;2.42626032468718;-999
2016;6;30;16;-999;-999;-999;11.9602604640484;5.60237748826345;1.6449623597314;-999
2016;6;30;17;-999;-999;-999;12.7061865188599;6.08341435798009;2.27435177255824;-999
2016;6;30;18;-999;-999;-999;12.5156879758358;6.39031186971664;2.40335787405273;-999
2016;6;30;19;-999;-999;-999;13.5803474440098;7.27654565375646;2.51548452032413;-999
2016;6;30;20;-999;-999;-999;14.0361224587441;7.75804400469462;2.8509771237187;-999
2016;6;30;21;-999;-999;-999;13.9533104787827;8.19016186971664;2.66139218249076;-999
2016;6;30;22;-999;-999;-999;15.9426524970531;9.98247396655082;2.73023636182478;-999
2016;6;30;23;-999;-999;-999;15.7626600029469;10.1810728268782;2.62852279579704;-999
2016;7;1;0;-999;-999;-999;12.7466654581547;7.16455501320362;2.54499010183001;-999
2016;7;1;1;-999;-999;-999;8.96435104744434;4.78429183157285;2.25929263804308;-999
2016;7;1;2;-999;-999;-999;8.42112906453609;4.75675565082232;2.20475880862013;-999
2016;7;1;3;-999;-999;-999;11.3784135400772;7.06840919454098;2.1813931333315;-999
2016;7;1;4;-999;-999;-999;15.0556680141449;10.1793806801637;3.54593013633271;-999
2016;7;1;5;-999;-999;-999;13.8701895654201;9.21053832453092;4.98581330311431;-999
2016;7;1;6;-999;-999;-999;12.7801920330048;8.00802315669059;4.38063250627325;-999
2016;7;1;7;-999;-999;-999;10.158481495285;5.98972985563278;2.93644659323156;-999
2016;7;1;8;-999;-999;-999;8.87829456689358;4.93797130604585;2.74987451996965;-999
2016;7;1;9;-999;-999;-999;9.87188397760392;5.59268603051504;3.07155567676668;-999
2016;7;1;10;-999;-999;-999;14.338170020628;9.34852679196198;3.94392990043082;-999
2016;7;1;11;-999;-999;-999;12.6721964776039;7.14240301232338;4.44269730869873;-999
2016;7;1;12;-999;-999;-999;10.3874504758358;5.43992945980231;2.60793344049244;-999
2016;7;1;13;-999;-999;-999;11.5679850176811;5.73621248532931;2.19448904285407;-999
2016;7;1;14;-999;-999;-999;10.7860604935169;5.46023548444907;2.18713981840139;-999
2016;7;1;15;-999;-999;-999;11.1675210165024;5.81959014583429;2.28153375719645;-999
2016;7;1;16;-999;-999;-999;11.5088114893913;5.7868236587445;2.27331914978005;-999
2016;7;1;17;-999;-999;-999;10.5391694416523;5.55392000146707;2.36771579075622;-999
2016;7;1;18;-999;-999;-999;12.4110914834976;6.94903445833524;2.43050777304651;-999
2016;7;1;19;-999;-999;-999;15.7756380347729;9.95155352171262;2.13913439582913;-999
2016;7;1;20;-999;-999;-999;16.3136070153236;10.9810061455409;2.50067519042437;-999
2016;7;1;21;-999;-999;-999;13.5233369946957;8.44998631631533;2.41799029984541;-999
2016;7;1;22;-999;-999;-999;14.2586025559902;8.80241849530538;2.34050030065239;-999
2016;7;1;23;-999;-999;-999;16.0300995388985;10.2004558597406;2.35220288855859;-999
2016;7;2;0;-999;-999;-999;15.782590531826;10.2455290164312;2.35654508346523;-999
2016;7;2;1;-999;-999;-999;17.2775325648308;12.0492249377887;2.34746454255213;-999
2016;7;2;2;-999;-999;-999;19.9968871567726;14.7019268873215;2.92639047910458;-999
2016;7;2;3;-999;-999;-999;22.378659036541;16.5890003298124;2.97360474291416;-999
2016;7;2;4;-999;-999;-999;23.3484555141449;17.2723280269941;3.58112342962265;-999
2016;7;2;5;-999;-999;-999;23.4915225471497;17.822436030515;4.21809855109958;-999
2016;7;2;6;-999;-999;-999;22.5288331143379;16.6031529976527;5.20192557522419;-999
2016;7;2;7;-999;-999;-999;19.1835989599228;12.8900778034051;4.86464378058199;-999
2016;7;2;8;-999;-999;-999;18.1594184163094;12.2004429712454;3.5842474421355;-999
2016;7;2;9;-999;-999;-999;16.6921319711208;10.6282663075129;2.81219429809419;-999
2016;7;2;10;-999;-999;-999;15.8677200648308;9.85756133098603;2.74769016331593;-999
2016;7;2;11;-999;-999;-999;15.1281285076618;8.98578780047099;2.62385979291602;-999
2016;7;2;12;-999;-999;-999;15.3059579964638;8.19816112206777;2.76244528745978;-999
2016;7;2;13;-999;-999;-999;15.3464369504929;8.08263231455485;2.50047356070563;-999
2016;7;2;14;-999;-999;-999;16.1980410371304;9.21084599823951;2.67370413601358;-999
2016;7;2;15;-999;-999;-999;16.2776085607052;8.84579953462283;2.42558390644214;-999
2016;7;2;16;-999;-999;-999;12.1007009222031;6.56691254401207;2.3965827991296;-999
2016;7;2;17;-999;-999;-999;10.5595634664059;5.56284234096209;2.40006006229414;-999
2016;7;2;18;-999;-999;-999;10.9873739746571;6.12233418720563;2.37019186257799;-999
2016;7;2;19;-999;-999;-999;15.0297120241642;9.32683634565671;2.56811292997372;-999
2016;7;2;20;-999;-999;-999;14.9122919298649;8.79688047124545;-999;-999
2016;7;2;21;-999;-999;-999;16.2939855377197;9.62142717312177;-999;-999
2016;7;2;22;-999;-999;-999;17.9750999705315;10.144614313968;-999;-999
2016;7;2;23;-999;-999;-999;13.0190490041256;6.60660146214962;-999;-999
2016;7;3;0;-999;-999;-999;12.408001515913;6.40892565228939;-999;-999
2016;7;3;1;-999;-999;-999;6.49343250589371;3.30103086707592;-999;-999
2016;7;3;2;-999;-999;-999;5.99038049941063;2.62539483656089;-999;-999
2016;7;3;3;-999;-999;-999;8.58256744683005;4.9689058527513;-999;-999
2016;7;3;4;-999;-999;-999;7.722480012718;4.39094000833913;-999;-999
2016;7;3;5;-999;-999;-999;5.99099851355553;2.76861362500191;-999;-999
2016;7;3;6;-999;-999;-999;5.77809749557972;2.24742634125551;-999;-999
2016;7;3;7;-999;-999;-999;3.43556851576567;0.73047582453092;-999;-999
2016;7;3;8;-999;-999;-999;3.33359849882126;0.694478836854299;-999;-999
2016;7;3;9;-999;-999;-999;3.35584649970532;0.666327330692609;-999;-999
2016;7;3;10;-999;-999;-999;2.69659500589371;0.0768380057215692;-999;-999
2016;7;3;11;-999;-999;-999;2.84429700132608;0.257899831426144;-999;-999
2016;7;3;12;-999;-999;-999;2.92262849661112;0.372351824971041;-999;-999
2016;7;3;13;-999;-999;-999;3.32369948465058;0.687567321585758;-999;-999
2016;7;3;14;-999;-999;-999;3.59376460892421;0.859754997968673;-999;-999
2016;7;3;15;-999;-999;-999;4.51505996966773;1.0396543042742;-999;-999
2016;7;3;16;-999;-999;-999;4.68822362935066;1.44749301232338;-999;-999
2016;7;3;17;-999;-999;-999;4.54742073820288;1.38951183338599;-999;-999
2016;7;3;18;-999;-999;-999;4.7671389169693;1.5945738747831;-999;-999
2016;7;3;19;-999;-999;-999;5.5919249778986;2.08990100777547;-999;-999
2016;7;3;20;-999;-999;-999;6.33367947406769;2.85691399882635;-999;-999
2016;7;3;21;-999;-999;-999;6.17222702121735;2.77630535035133;-999;-999
2016;7;3;22;-999;-999;-999;6.21919501326084;2.83168534154892;-999;-999
2016;7;3;23;-999;-999;-999;6.62274898939133;3.11196965698401;-999;-999
2016;7;4;0;-999;-999;-999;7.78458898644447;3.89344299325148;-999;-999
2016;7;4;1;-999;-999;-999;9.04731750884057;4.67030132658482;-999;-999
2016;7;4;2;-999;-999;-999;8.22445048320293;4.02189384712378;-999;-999
2016;7;4;3;-999;-999;-999;-999;-999;-999;-999
2016;7;4;4;-999;-999;-999;-999;-999;-999;-999
2016;7;4;5;-999;-999;-999;-999;-999;-999;-999
2016;7;4;6;-999;-999;-999;-999;-999;-999;-999
2016;7;4;7;-999;-999;-999;9.04500001473427;4.01697114847501;2.86407059669915;-999
2016;7;4;8;-999;-999;-999;9.2044439658165;3.76130015757084;2.74105588716983;-999
2016;7;4;9;-999;-999;-999;8.16419548172951;3.11966132365068;2.45991884070204;-999
2016;7;4;10;-999;-999;-999;8.79919048025608;3.19996235709985;2.33256697745958;-999
2016;7;4;11;-999;-999;-999;8.77261647613048;3.05997399589221;2.31135115500524;-999
2016;7;4;12;-999;-999;-999;7.9707615041256;2.79261167546908;2.10298364566508;-999
2016;7;4;13;-999;-999;-999;7.27010401296616;2.64708531220754;2.17187641796675;-999
2016;7;4;14;-999;-999;-999;8.07535801856518;3.65253997726043;2.15975654547096;-999
2016;7;4;15;-999;-999;-999;5.83371749410629;1.68224265977144;2.18186210137233;-999
2016;7;4;16;-999;-999;-999;5.3425620020628;1.42287967238824;2.13638259474438;-999
2016;7;4;17;-999;-999;-999;5.84236953005791;1.73193087074359;2.13899297135169;-999
2016;7;4;18;-999;-999;-999;6.87041248526573;2.40172115214268;2.23864939707153;-999
2016;7;4;19;-999;-999;-999;9.13893603565693;4.29048682570458;2.32054514475159;-999
2016;7;4;20;-999;-999;-999;9.33623249852657;4.34894350264072;2.19664600981984;-999
2016;7;4;21;-999;-999;-999;9.60089094872475;4.7096826737086;2.15939734547508;-999
2016;7;4;22;-999;-999;-999;15.7143014864445;10.214916127936;2.38643649813677;-999
2016;7;4;23;-999;-999;-999;12.5376269622803;7.23747198767662;2.2330734570757;-999
2016;7;5;0;-999;-999;-999;13.9982700795651;7.79142586854299;2.16419458526862;-999
2016;7;5;1;-999;-999;-999;12.5756339481354;7.01179848650297;2.22443028847757;-999
2016;7;5;2;-999;-999;-999;11.9440379758358;6.85811904137135;2.17331483668059;-999
2016;7;5;3;-999;-999;-999;12.5354639569759;7.84834414025942;2.67593210202961;-999
2016;7;5;4;-999;-999;-999;13.2451624144028;8.2917289448771;2.96104788585054;-999
2016;7;5;5;-999;-999;-999;12.4036728423975;7.64662695094287;3.17467851436049;-999
2016;7;5;6;-999;-999;-999;13.1327609988213;7.70712517957688;4.45984433893218;-999
2016;7;5;7;-999;-999;-999;12.7688762197001;6.92107394305591;3.68080633882969;-999
2016;7;5;8;-999;-999;-999;11.9403299499035;5.94342593075434;3.00531606756337;-999
2016;7;5;9;-999;-999;-999;11.0474744357586;4.69414551819166;2.62973492530795;-999
2016;7;5;10;-999;-999;-999;11.3934000589371;4.13834568309784;2.42125243255288;-999
2016;7;5;11;-999;-999;-999;11.5208624852657;3.97497467752298;2.61408970404394;-999
2016;7;5;12;-999;-999;-999;10.5305175088406;3.40686815815767;3.04005436769021;-999
2016;7;5;13;-999;-999;-999;11.293284036541;4.16418965111574;2.98634119933442;-999
2016;7;5;14;-999;-999;-999;11.7034814510822;3.77099167400201;3.06565747692397;-999
2016;7;5;15;-999;-999;-999;11.1341489746571;3.03643750733535;3.30920782885486;-999
2016;7;5;16;-999;-999;-999;11.2251495094299;3.55239449941317;5.81908940801011;-999
2016;7;5;17;-999;-999;-999;12.2215200132608;4.70491382658482;7.1694091846245;-999
2016;7;5;18;-999;-999;-999;13.5991965218067;5.60422354518573;7.98544287264022;-999
2016;7;5;19;-999;-999;-999;16.2684930141449;7.03118150469462;6.94157933625126;-999
2016;7;5;20;-999;-999;-999;16.0639350176811;7.85572816255887;7.15180931833809;-999
2016;7;5;21;-999;-999;-999;17.6815499115944;9.83633228521347;8.38908487398289;-999
2016;7;5;22;-999;-999;-999;16.1295975176811;9.53528042723338;8.8732097775058;-999
2016;7;5;23;-999;-999;-999;17.2542029728889;10.3172152887344;5.40119934624517;-999
2016;7;6;0;-999;-999;-999;9.0069930141449;4.02927786208789;2.88859853515765;-999
2016;7;6;1;-999;-999;-999;5.11065750589371;2.07959415859779;2.58092524983792;-999
2016;7;6;2;-999;-999;-999;4.38929699764252;1.62532435504595;2.33435096443676;-999
2016;7;6;3;-999;-999;-999;4.31498248747587;1.53886999413172;2.17834832643506;-999
2016;7;6;4;-999;-999;-999;4.62073797215223;1.69178034301599;2.25073341133328;-999
2016;7;6;5;-999;-999;-999;4.21749303256273;1.42503332233032;2.47350377792083;-999
2016;7;6;6;-999;-999;-999;4.01308951385021;1.21412785108487;1.72765653476389;-999
2016;7;6;7;-999;-999;-999;4.57114354155064;1.5477923262914;2.024104593271;-999
2016;7;6;8;-999;-999;-999;4.96465500147343;1.80084814568758;2.30495329422479;-999
2016;7;6;9;-999;-999;-999;5.13475950869322;1.52410198254188;2.3790761552845;-999
2016;7;6;10;-999;-999;-999;4.96913549720049;1.44580082453092;2.33358159309179;-999
2016;7;6;11;-999;-999;-999;5.59207949985266;1.93560616021156;2.27811755845681;-999
2016;7;6;12;-999;-999;-999;-999;-999;-999;-999
2016;7;6;13;-999;-999;-999;-999;-999;-999;-999
2016;7;6;14;-999;-999;-999;-999;-999;-999;-999
2016;7;6;15;-999;-999;-999;7.86863699469566;3.33825851291021;2.29116651395948;-999
2016;7;6;16;-999;-999;-999;8.12093550825119;3.18904016784032;2.42120617854032;-999
2016;7;6;17;-999;-999;-999;8.19215995137691;3.46147900176048;2.10828218938924;-999
2016;7;6;18;-999;-999;-999;9.17926052298546;4.06173663879236;2.3887245057774;-999
2016;7;6;19;-999;-999;-999;11.4772934899807;6.20771167546908;2.49406263511838;-999
2016;7;6;20;-999;-999;-999;11.8973790129662;6.69013301819165;2.44986511658591;-999
2016;7;6;21;-999;-999;-999;11.9199360282898;6.99949183157285;2.29080326039395;-999
2016;7;6;22;-999;-999;-999;11.1227159781933;6.77274151643117;2.24660365696254;-999
2016;7;6;23;-999;-999;-999;11.8335704964638;7.08102348650297;2.33633943581707;-999
2016;7;7;0;-999;-999;-999;12.0440283056841;7.00365578837314;2.22058907265372;-999
2016;7;7;1;-999;-999;-999;10.977485984087;6.16571513849894;2.15647708492134;-999
2016;7;7;2;-999;-999;-999;11.5563975471497;6.62213865434329;2.0787876735767;-999
2016;7;7;3;-999;-999;-999;10.8952920035362;6.11018132511775;2.22617918510272;-999
2016;7;7;4;-999;-999;-999;9.7926255200386;5.25225283274651;2.13830265495155;-999
2016;7;7;5;-999;-999;-999;10.0806134590387;4.24710580839316;2.11360471774757;-999
2016;7;7;6;-999;-999;-999;8.26014002652169;2.89121882878542;2.03125320315237;-999
2016;7;7;7;-999;-999;-999;6.88493550088406;1.5125644935449;2.08501493344446;-999
2016;7;7;8;-999;-999;-999;8.53406850471497;1.77592717312177;2.01003088058056;-999
2016;7;7;9;-999;-999;-999;8.80676097671986;2.35295598430236;2.11191128251167;-999
2016;7;7;10;-999;-999;-999;7.78211698143482;2.54309398268859;2.10455163080987;-999
2016;7;7;11;-999;-999;-999;7.63673251326084;2.35572499266466;2.12450305167801;-999
2016;7;7;12;-999;-999;-999;6.75191098408699;2.14081985489925;2.00399836932401;-999
2016;7;7;13;-999;-999;-999;7.81193547141552;2.69400450381438;2.14793269030382;-999
2016;7;7;14;-999;-999;-999;7.81857899823189;2.66739134418964;2.19606322861281;-999
2016;7;7;15;-999;-999;-999;8.51305649528503;2.53832517224153;2.1280116717622;-999
2016;7;7;16;-999;-999;-999;9.95948548614979;3.75422383832137;1.9801919961506;-999
2016;7;7;17;-999;-999;-999;10.328276947546;3.20273133978844;2.23511295589656;-999
2016;7;7;18;-999;-999;-999;10.2660135400772;2.82768566402594;2.25333269306806;-999
2016;7;7;19;-999;-999;-999;12.3057224587441;4.54723469659487;2.34091747356296;-999
2016;7;7;20;-999;-999;-999;13.041297027111;5.50130902963479;2.27373112026802;-999
2016;7;7;21;-999;-999;-999;14.4917430288792;6.67490350704193;2.2923854800468;-999
2016;7;7;22;-999;-999;-999;16.1141475324154;8.03063661678632;2.41118812057904;-999
2016;7;7;23;-999;-999;-999;14.897923484087;7.55836834506989;2.32709260365527;-999
2016;7;8;0;-999;-999;-999;12.7758659929276;5.92342772652308;2.15541750413698;-999
2016;7;8;1;-999;-999;-999;12.5634285518646;5.52053816696008;1.99934843202101;-999
2016;7;8;2;-999;-999;-999;13.1974965070724;5.7863621481816;2.2083330855867;-999
2016;7;8;3;-999;-999;-999;12.8027489451885;5.74098134712378;2.13030263845688;-999
2016;7;8;4;-999;-999;-999;13.2222165129662;5.82851247799397;2.07698378882449;-999
2016;7;8;5;-999;-999;-999;12.3959505053043;5.64591235709985;2.11644910612127;-999
2016;7;8;6;-999;-999;-999;12.8710379168987;5.69544660651684;2.10865447089952;-999
2016;7;8;7;-999;-999;-999;12.7737030170917;6.09710550792217;2.32892370064102;-999
2016;7;8;8;-999;-999;-999;12.5084265011787;5.42316169747512;2.24959014937579;-999
2016;7;8;9;-999;-999;-999;12.3387854493141;5.07780578638713;2.64850182751562;-999
2016;7;8;10;-999;-999;-999;12.5640465070724;5.40931662998994;3.32145250554491;-999
2016;7;8;11;-999;-999;-999;12.9938655612946;5.34101470246315;3.27290994275855;-999
2016;7;8;12;-999;-999;-999;14.0117114599228;5.6728331610918;3.52788792365475;-999
2016;7;8;13;-999;-999;-999;14.5031759369373;6.17309917546908;4.0404307738439;-999
2016;7;8;14;-999;-999;-999;14.7852930288792;5.72359817136129;3.77812421137376;-999
2016;7;8;15;-999;-999;-999;16.049257358551;6.46230580105782;3.16675795435792;-999
2016;7;8;16;-999;-999;-999;14.8316430141449;6.34262347183228;3.02932096608357;-999
2016;7;8;17;-999;-999;-999;14.2077720565796;6.36939051232338;2.9374123770574;-999
2016;7;8;18;-999;-999;-999;15.1052626031399;7.03948850410779;2.81211258517022;-999
2016;7;8;19;-999;-999;-999;17.4533536402702;8.98840304166476;2.88584603716306;-999
2016;7;8;20;-999;-999;-999;17.1361650117874;9.77910632511774;3.11612133111909;-999
2016;7;8;21;-999;-999;-999;19.3294469829082;11.6121843814532;2.91406630036065;-999
2016;7;8;22;-999;-999;-999;22.7445149233818;14.1818163221836;2.8629142193913;-999
2016;7;8;23;-999;-999;-999;19.2229964481354;11.1169948438962;2.69294326693577;-999
2016;7;9;0;-999;-999;-999;15.530292047739;8.7148873644352;2.74022599213923;-999
2016;7;9;1;-999;-999;-999;14.7217935194492;8.20400684917768;2.69861120975789;-999
2016;7;9;2;-999;-999;-999;13.4746695153236;8.41798896948496;2.41891920181495;-999
2016;7;9;3;-999;-999;-999;15.362350431633;10.3507510041078;2.67826017461536;-999
2016;7;9;4;-999;-999;-999;15.7340775231215;11.077542525053;2.8452358029481;-999
2016;7;9;5;-999;-999;-999;14.8077938329697;10.3077055448185;3.24899615906488;-999
2016;7;9;6;-999;-999;-999;13.9932641738319;9.62601142042161;3.56125973137855;-999
2016;7;9;7;-999;-999;-999;13.9877213348027;9.6676354972083;3.46197107925064;-999
2016;7;9;8;-999;-999;-999;14.764281004715;10.3098313104471;3.05346853508985;-999
2016;7;9;9;-999;-999;-999;13.4527785061968;8.47235053302502;3.20831080215412;-999
2016;7;9;10;-999;-999;-999;13.6826264864445;8.52351867488225;2.75729806081182;-999
2016;7;9;11;-999;-999;-999;12.4552784339905;7.18609168133736;3.15023695236943;-999
2016;7;9;12;-999;-999;-999;11.2943654581547;5.68221698180835;3.16109807823026;-999
2016;7;9;13;-999;-999;-999;11.1702806799001;5.68377657479253;2.14047720110375;-999
2016;7;9;14;-999;-999;-999;11.7365445005894;5.95157920334339;2.40649655252676;-999
2016;7;9;15;-999;-999;-999;11.5876064805508;6.10156666666667;2.40911119858028;-999
2016;7;9;16;-999;-999;-999;12.4524975324154;6.44723016343911;2.34363393311149;-999
2016;7;9;17;-999;-999;-999;14.1876870094299;7.11255930809975;2.48590427248756;-999
2016;7;9;18;-999;-999;-999;14.6952194858551;8.03525167840322;2.4356064122486;-999
2016;7;9;19;-999;-999;-999;18.3856065836906;10.4230526971817;2.47985935650732;-999
2016;7;9;20;-999;-999;-999;19.0484114893913;10.8062514988263;2.47336648042027;-999
2016;7;9;21;-999;-999;-999;20.325971968174;10.8048670111497;2.57617424900478;-999
2016;7;9;22;-999;-999;-999;21.2529721155167;11.5001936455409;2.67854956915979;-999
2016;7;9;23;-999;-999;-999;22.0619340954781;12.5339536719481;2.71239600359899;-999
2016;7;10;0;-999;-999;-999;22.0433940836906;13.6787813104471;2.61308502613883;-999
2016;7;10;1;-999;-999;-999;21.6069315247536;13.6249396291097;2.52548285340069;-999
2016;7;10;2;-999;-999;-999;20.9453624705315;14.7402313251177;-999;-999
2016;7;10;3;-999;-999;-999;23.3481605608853;16.623375177973;-999;-999
2016;7;10;4;-999;-999;-999;23.9082252023597;17.5472524610821;-999;-999
2016;7;10;5;-999;-999;-999;22.7792775117874;16.6934531478882;-999;-999
2016;7;10;6;-999;-999;-999;20.0863425530434;14.5610153509458;-999;-999
2016;7;10;7;-999;-999;-999;19.165368073082;13.3720377529303;-999;-999
2016;7;10;8;-999;-999;-999;17.9018669003963;10.4782787928422;-999;-999
2016;7;10;9;-999;-999;-999;14.9126009811401;7.01456754988034;-999;-999
2016;7;10;10;-999;-999;-999;15.7847535371304;7.65636013263067;-999;-999
2016;7;10;11;-999;-999;-999;15.4374374705315;7.84172934624354;-999;-999
2016;7;10;12;-999;-999;-999;14.2372814068794;6.61521614260674;-999;-999
2016;7;10;13;-999;-999;-999;13.0502580406666;6.15986949941317;-999;-999
2016;7;10;14;-999;-999;-999;12.6996975176811;5.66237250440121;-999;-999
2016;7;10;15;-999;-999;-999;12.1070354493141;5.36532033127944;-999;-999
2016;7;10;16;-999;-999;-999;11.4088500294685;4.90782001613776;-999;-999
2016;7;10;17;-999;-999;-999;11.6430720123768;5.18948883392016;-999;-999
2016;7;10;18;-999;-999;-999;18.3749459280968;10.9107042875608;-999;-999
2016;7;10;19;-999;-999;-999;17.2699619504929;9.22715233802796;-999;-999
2016;7;10;20;-999;-999;-999;13.2653219829082;7.14009550352097;-999;-999
2016;7;10;21;-999;-999;-999;13.1610344829082;7.36253850410779;-999;-999
2016;7;10;22;-999;-999;-999;12.4798439805508;6.49076501760483;-999;-999
2016;7;10;23;-999;-999;-999;13.3569405465603;7.19039897388617;-999;-999
2016;7;11;0;-999;-999;-999;12.8962214923382;6.41415599530538;-999;-999
2016;7;11;1;-999;-999;-999;12.6606089628696;6.34539253520966;-999;-999
2016;7;11;2;-999;-999;-999;12.8135640453815;6.30678038702806;-999;-999
2016;7;11;3;-999;-999;-999;11.325110984087;5.49392498532931;-999;-999
2016;7;11;4;-999;-999;-999;11.3767140601158;5.81866709536711;-999;-999
2016;7;11;5;-999;-999;-999;-999;-999;-999;-999
2016;7;11;6;-999;-999;-999;-999;-999;-999;-999
2016;7;11;7;-999;-999;-999;11.8887269917488;6.37415935944716;-999;-999
2016;7;11;8;-999;-999;-999;13.7887679846764;7.10056031220754;3.56816314863951;-999
2016;7;11;9;-999;-999;-999;15.0576765306473;8.74626933450699;3.76896792444574;-999
2016;7;11;10;-999;-999;-999;14.1048750442028;7.14409515903791;3.57505067599051;-999
2016;7;11;11;-999;-999;-999;17.8558259074688;10.6061142259439;3.85015328169634;-999
2016;7;11;12;-999;-999;-999;-999;-999;-999;-999
2016;7;11;13;-999;-999;122.501998047928;17.4603191489362;9.39792036709887;3.45543402085709;-999
2016;7;11;14;-999;-999;109.644355094912;15.6962250736713;8.31507450528145;3.02410220448553;-999
2016;7;11;15;-999;-999;98.6575221925569;13.1081954817295;6.25032354518572;2.88874537927745;-999
2016;7;11;16;-999;-999;102.227290316112;13.3356194563866;6.39538829518954;2.71954194319506;-999
2016;7;11;17;-999;-999;99.1872345293228;13.1227184899807;6.62460001467069;2.93260403323021;-999
2016;7;11;18;-999;-999;101.459035890671;13.8491774675846;7.12701966431936;3.01462969567342;-999
2016;7;11;19;-999;-999;95.3402384266153;16.8735149381161;9.11869983509382;3.32098921109065;-999
2016;7;11;20;-999;-999;94.429383332169;16.2810075648308;8.81534049765269;3.34530927211035;-999
2016;7;11;21;-999;-999;96.0207094150196;18.2187464334011;9.87125250293414;4.40149027664702;-999
2016;7;11;22;-999;-999;97.3580488220842;17.1865321037292;8.88548847476641;5.62344557604517;-999
2016;7;11;23;-999;-999;97.0606957241517;16.7078909781933;8.94163767957687;5.05547751342771;-999
2016;7;12;0;-999;-999;98.4735542997578;17.5251960607052;9.92540185798009;5.37271739946082;-999
2016;7;12;1;-999;-999;97.0471649393831;17.9353934163094;10.1335383392016;5.03385440712925;-999
2016;7;12;2;-999;-999;99.2952872186045;16.8423058573723;9.69526716138522;5.16038089637738;-999
2016;7;12;3;-999;-999;96.4519254542066;17.2909739746571;9.8789441842715;6.10370871406792;-999
2016;7;12;4;-999;-999;94.9657457918292;18.0080084133625;10.0663131302834;5.95609994213159;-999
2016;7;12;5;-999;-999;93.7478496960398;18.313918563652;10.4821246555169;6.07721661175973;-999
2016;7;12;6;-999;-999;85.9214782673927;19.0522739009857;11.2036029976527;5.65111982948269;-999
2016;7;12;7;-999;-999;68.2570232279506;20.5733265011787;12.602255665493;4.75156639694738;-999
2016;7;12;8;-999;-999;53.1686521621822;20.681012931633;12.5597976913134;3.89243070722313;-999
2016;7;12;9;-999;-999;61.5818626353833;19.2915945153236;11.3543596379121;3.51700218619855;-999
2016;7;12;10;-999;-999;76.6169217829746;17.8454744504929;10.5121221379121;3.32998374034237;-999
2016;7;12;11;-999;-999;94.7960826559515;17.8508821037293;10.5464269642035;3.15988746568255;-999
2016;7;12;12;-999;-999;93.0059827828322;19.2909766190529;11.4618891637325;2.94769187573296;-999
2016;7;12;13;-999;-999;91.4530226356812;20.2505760990143;12.4070411719481;2.87740475782671;-999
2016;7;12;14;-999;-999;103.127853747841;20.9533965954781;12.2525924911976;2.72726231686957;-999
2016;7;12;15;-999;-999;115.927293892349;19.9324605671883;10.2949095023473;2.54066329633442;-999
2016;7;12;16;-999;-999;116.155284858036;20.3044965070725;10.8239424143155;2.84056592118216;-999
2016;7;12;17;-999;-999;109.782663607588;22.3757234693527;11.4525053503513;2.72036552831198;-999
2016;7;12;18;-999;-999;91.1475391564914;23.2841834575653;11.8106293169022;2.56804714024596;-999
2016;7;12;19;-999;-999;98.9689406592129;22.5696208986282;12.0478403474172;2.99902882850536;-999
2016;7;12;20;-999;-999;108.729245250067;24.7420455259323;13.6887805005868;3.23731769290343;-999
2016;7;12;21;-999;-999;111.653807824936;25.5193349587441;14.2585790786425;3.18699207681393;-999
2016;7;12;22;-999;-999;111.770663438525;25.8410041013718;14.6299327652613;3.27858975047923;-999
2016;7;12;23;-999;-999;108.266549769435;23.7759570153236;13.1548250586828;3.36845272702231;-999
2016;7;13;0;-999;-999;108.860322379128;21.299321968174;12.1027588573933;3.3224672972013;-999
2016;7;13;1;-999;-999;110.216277636578;20.035975431633;11.65464229695;3.39714118237041;-999
2016;7;13;2;-999;-999;105.897916751151;22.0273259811401;13.2781992963632;3.18188295679965;-999
2016;7;13;3;-999;-999;98.0211297979156;23.1656819563866;14.9717504800479;3.16540968914675;-999
2016;7;13;4;-999;-999;91.419113117807;18.2079315394878;12.6699422822793;3.57212319463308;-999
2016;7;13;5;-999;-999;82.6044132795373;15.6815475029469;11.1492997764111;2.41802367818316;-999
2016;7;13;6;-999;-999;72.8985982574007;11.1661305878162;7.08333095129331;2.4553648146042;-999
2016;7;13;7;-999;-999;67.889200154013;6.95152501473427;3.65484752640724;2.28522936020423;-999
2016;7;13;8;-999;-999;68.1236323146099;6.15059699027538;2.62231817649603;2.39158500578674;-999
2016;7;13;9;-999;-999;70.8246052077531;5.79231148202419;2.1223598431627;2.34775732997533;-999
2016;7;13;10;-999;-999;73.6030652610092;6.98366099145413;2.86399032541116;2.35080796309911;-999
2016;7;13;11;-999;-999;74.3875658694539;7.5998069637537;3.11750765170256;2.2739903095742;-999
2016;7;13;12;-999;-999;71.5093809053384;8.89420798172951;3.39409998532931;2.61214410385998;-999
2016;7;13;13;-999;-999;80.6547615512836;11.5024770359516;4.7046061822176;2.50494173543415;-999
2016;7;13;14;-999;-999;83.6263976613991;17.3421135253429;8.05494234096209;2.70202816313073;-999
2016;7;13;15;-999;-999;87.1075315399231;14.9082749705315;7.28823703462283;3.03151333564247;-999
2016;7;13;16;-999;-999;90.6974769597418;15.3011684310436;7.19039908391635;2.95079125490516;-999
2016;7;13;17;-999;-999;91.2540109700745;16.2929040424347;7.62113234389624;2.83099919055762;-999
2016;7;13;18;-999;-999;87.3920801256009;14.0041409929276;6.23632466285229;2.57142661318374;-999
2016;7;13;19;-999;-999;88.3061124230667;11.2750530465603;5.68806268691222;2.41907161875957;-999
2016;7;13;20;-999;-999;85.3131969961025;10.6250714407682;6.64998250146707;2.8119496242422;-999
2016;7;13;21;-999;-999;69.1224486058258;13.4328000147343;9.57496949941317;3.09196362915371;-999
2016;7;13;22;-999;-999;60.0016442532553;11.7326819711208;8.39722153697014;3.46618831627813;-999
2016;7;13;23;-999;-999;55.1696941963411;9.02321553182602;5.71667566696008;3.30341648658681;-999
2016;7;14;0;-999;-999;53.8139644119849;9.87466492338181;6.37892821390629;2.811145586051;-999
2016;7;14;1;-999;-999;50.8990672815611;8.69891998379231;4.81336629284223;2.35403039551564;-999
2016;7;14;2;-999;-999;47.2398845101997;6.28624800825119;2.57755266784032;2.31453717040126;-999
2016;7;14;3;-999;-999;62.961888194369;2.93406149860024;0.376351500660182;2.18127084553589;-999
2016;7;14;4;-999;-999;64.5382828530504;1.62946350968778;-0.639563835753997;2.40312519932245;-999
2016;7;14;5;-999;-999;63.127238257821;1.8908775025785;-0.598644166850051;2.23729600156296;-999
2016;7;14;6;-999;-999;58.0274223146411;2.027764515692;-0.529111496809125;2.40054574073141;-999
2016;7;14;7;-999;-999;48.6335959159576;2.74510801303983;-0.122683831719557;2.39491411977144;-999
2016;7;14;8;-999;-999;49.6314873974345;4.25410950869322;-0.123145333113272;2.39449234302497;-999
2016;7;14;9;-999;-999;48.4611591725862;3.3492030115664;-0.636487168353796;2.48046778517366;-999
2016;7;14;10;-999;-999;52.0038395009203;2.60327699359059;-0.750169997799397;2.28771488218776;-999
2016;7;14;11;-999;-999;57.9000248616049;2.31822450666726;-0.893081167546909;2.32940613143903;-999
2016;7;14;12;-999;-999;54.9690782981951;1.85086199837923;-1.0101483325998;2.36892696690104;-999
2016;7;14;13;-999;-999;65.3110540544441;3.01347451863885;-0.320975007335345;2.15836710487927;-999
2016;7;14;14;-999;-999;67.4069623038295;2.65766099882126;-0.445426174515486;2.54739848563981;-999
2016;7;14;15;-999;-999;63.7769205221437;2.51382150062621;-0.496191171948115;2.46144436682677;-999
2016;7;14;16;-999;-999;66.5458527546492;1.92857549609542;-0.836162836230794;2.47144362972426;-999
2016;7;14;17;-999;-999;62.4617646405506;3.66561900265217;0.385427675175667;2.40155320946471;-999
2016;7;14;18;-999;-999;60.1240958807488;3.35229300677776;0.0723768304725488;2.17839247559668;-999
2016;7;14;19;-999;-999;57.8932734573038;5.32294047288895;0.86431084176898;2.6117292737957;-999
2016;7;14;20;-999;-999;80.5640953100897;4.11320551598668;0.486496153059602;2.39768348772116;-999
2016;7;14;21;-999;-999;83.6323310713407;2.16758699837923;-0.662331167546908;2.57094172109056;-999
2016;7;14;22;-999;-999;80.795373695681;3.04931849826872;-0.00392449611226676;2.19536954396427;-999
2016;7;14;23;-999;-999;74.9132006717117;2.87751450464129;0.0111511616786315;3.1467337362754;-999
2016;7;15;0;-999;-999;75.4756657354604;2.19555149381161;-0.511728336634238;3.54071541394775;-999
2016;7;15;1;-999;-999;77.3907488380953;1.86584849882126;-0.630180002200603;-999;-999
2016;7;15;2;-999;-999;75.5536446278103;1.99423800714612;-0.482346172314882;-999;-999
2016;7;15;3;-999;-999;71.6784060698305;1.94417999410629;-0.52434267077446;-999;-999
2016;7;15;4;-999;-999;68.9216006362673;2.36094374723732;-0.309437494105526;-999;-999
2016;7;15;5;-999;-999;66.3589903663842;2.25549750663042;-0.277901663732528;-999;-999
2016;7;15;6;-999;-999;60.018040072305;3.49118850692511;0.754473830986023;-999;-999
2016;7;15;7;-999;-999;52.0490810369203;3.98450700427294;1.0382963390549;2.02466018926958;-999
2016;7;15;8;-999;-999;48.2983098575618;4.41077250663042;1.33104117561579;1.80726168926906;-999
2016;7;15;9;-999;-999;48.0206938658675;5.1614880089879;2.08620898562272;1.91626698926911;-999
2016;7;15;10;-999;-999;46.319599933953;5.03170799278021;1.89668633098602;2.63973992736244;-999
2016;7;15;11;-999;-999;48.7725201937727;6.41293799057007;2.7421543389082;2.36139502056552;-999
2016;7;15;12;-999;-999;55.7684753554204;7.52533799057007;3.77883716285229;-999;-999
2016;7;15;13;-999;-999;51.2033315378135;8.03735101060867;4.07527399589221;-999;-999
2016;7;15;14;2.38713292562847;3.7894027672805;54.5126951643024;7.48334540215185;3.97214830508475;-999;0.914555696935189
2016;7;15;15;2.17206308231775;3.00746966342482;71.5545496402482;6.07844550751448;2.33788033201297;-999;0.544849375858014
2016;7;15;16;1.26252664207005;2.3209820244819;78.3053284815192;5.17662898349762;1.62532434404294;2.15343922111196;0.69032105746212
2016;7;15;17;1.01982364815006;1.70484757841605;73.6748843461156;5.69003251694441;1.87776483436028;2.03836502323066;0.446770314352347
2016;7;15;18;1.10332387715839;2.04980869258228;70.0300187229489;4.14595949027538;0.493880163439115;1.98756340447217;0.61729422846945
2016;7;15;19;1.13265784679456;2.28938744301784;69.3784178864084;4.23974100766182;0.493111001173656;1.91374320481245;0.754415170758588
2016;7;15;20;2.33320937805373;3.30044827454219;65.8691166873922;4.20358800530434;0.663558322330316;2.33675305263892;0.630829970670037
2016;7;15;21;2.44454906786822;3.43559362845076;63.3308672300378;4.44460800014734;0.678787844483058;2.45054983570963;0.646355945107969
2016;7;15;22;2.62903094086555;4.15385617835432;61.7125613985997;4.58520298393965;0.888924175469081;2.32895916110376;0.994485915872645
2016;7;15;23;3.81861032374798;5.24888204388175;58.5792063668496;4.8767445079565;1.0982913368543;2.29335798943901;0.932818428350837
2016;7;16;0;2.57258882879788;3.640359348375;58.6266642113317;5.26677272727273;1.16765618854003;2.50574739334551;0.696396358740936
2016;7;16;1;2.61522313816131;3.59281225591042;56.9856421647117;4.70861120537232;0.978386209931867;2.04061175384355;0.637580350331139
2016;7;16;2;2.88353463239674;3.95894293159673;56.3842237999006;4.42619583646182;0.647379325521404;1.92987095294688;0.701377693045179
2016;7;16;3;2.45362663086747;3.362029348434;56.9025213145608;4.84000666539584;0.639933919140271;1.87472049471454;0.59245721171834
2016;7;16;4;2.3493978873949;3.78284421621301;56.0811907954653;4.09157551635504;0.659404851965109;1.9994890464647;0.934888897508464
2016;7;16;5;3.02111364658831;4.1785568873172;54.8229989672978;3.86368800162077;0.712323501173655;2.21828980635047;0.754880607316383
2016;7;16;6;3.31070166479758;4.42636896329175;54.0829881737723;3.00142349513769;0.376505339348316;2.04283090953418;0.727634477626689
2016;7;16;7;3.02136426690203;4.16677080181845;53.520845789468;2.94889350839853;0.351276660064857;1.27015550632563;0.747030308075724
2016;7;16;8;4.02396755116183;5.14352511750631;50.8325223550699;3.119925;0.498648999559879;1.40914948339226;0.730171697296846
2016;7;16;9;3.81563999941707;5.07705009220944;49.2413636620036;3.21169800825119;0.7206305042545;2.07847540220513;0.822687440225986
2016;7;16;10;3.43748914685894;4.86604753361931;55.0966092468792;3.13800149749517;0.475573999559879;1.95078697988532;0.931700998059716
2016;7;16;11;2.19993864528154;3.57329247066625;62.2426100537419;3.44267552372217;0.545721987676621;1.95253299381119;0.895696767915652
2016;7;16;12;1.9682768299469;3.12465815078874;67.4149514460503;3.70996048614979;0.939996826438109;1.967309949317;0.754188026720589
2016;7;16;13;1.9347520139377;3.35259423157126;66.7848379297392;4.02035101060867;1.42426417473555;2.01031999720093;0.924711948425238
2016;7;16;14;1.90521621740734;3.03207241779478;66.9222683133854;3.99408603197336;1.46379934037526;1.82876548685767;0.734931841989085
2016;7;16;15;1.578954669047;2.67715125330515;63.2945386440969;4.27712999410629;1.75069849750598;1.98384199914023;0.716240136281336
2016;7;16;16;1.69160926815356;2.81735902548623;60.1640150940498;4.99879951679707;2.36587804166476;1.90609853597981;0.734210223532343
2016;7;16;17;1.79925442373772;3.04624535786773;59.660541806159;5.54526600766182;2.81045633978844;1.99515376757858;0.813283313211364
2016;7;16;18;2.26732290067618;3.45848470597365;59.3519195511371;5.93167049646378;3.13627532981237;1.84052311843972;0.776871742262526
2016;7;16;19;2.05428602257041;3.03097365457917;58.9720871930526;5.7017745020628;2.91198634565671;1.8131654203904;0.636992404348813
2016;7;16;20;2.07466164079539;3.06609843886854;59.4418720424684;5.44375950500965;2.75584549618562;1.91395019890082;0.646611761086407
2016;7;16;21;1.89774206761703;3.55755795630762;58.1428653478849;5.64878100471497;2.7435388559262;1.85922525026271;1.08252636673492
2016;7;16;22;2.89357031085841;4.20649967310469;58.1016360071193;5.83309947996139;2.83230065228939;1.90006620446928;0.856288135314387
2016;7;16;23;3.19177926203153;4.17062612066564;60.0204016064291;6.13064208510048;3.16335004015136;2.09207868820055;0.638400644726327
2016;7;17;0;2.70334817868217;3.86839323251001;66.1772953273195;6.14595151313685;2.96858133952092;2.11511182392534;0.759838484374116
2016;7;17;1;2.6017849690547;3.79937989848577;66.4284671661518;6.33816000294685;3.13750598063469;2.2528294129618;0.781067404288988
2016;7;17;2;3.41271879556278;4.355241429168;60.7248584410627;6.80003366156628;3.48640001389855;2.61687652154174;0.614710106749852
2016;7;17;3;3.17389809707237;4.62896545697096;62.3699506152453;6.72054748821259;3.555625;2.31323533728546;0.948990061607499
2016;7;17;4;3.2947482887726;4.53565379261636;63.8844762333861;6.62769299941063;3.57177750293414;2.38579470854123;0.80931441594831
2016;7;17;5;2.7111531177116;4.15262231871938;66.5522190666637;6.47350203595161;3.30995317722956;2.32151309845031;0.940121387895762
2016;7;17;6;3.97433247530805;5.69475099054161;67.5764825186201;6.56681999852657;3.34225813908577;2.76768096754413;1.12205119691227
2016;7;17;7;3.00211468368639;4.28664305311693;58.5401231869422;6.57732598850727;3.35471864554087;2.45316925113759;0.837765102866051
2016;7;17;8;2.71354794304233;4.19364330617747;37.8536613165578;7.8686370241642;4.14265301965873;2.29678613529048;0.965313241542635
2016;7;17;9;2.54485891127896;3.91822132495148;40.5843758550634;8.52819753241539;4.51539117194812;2.38498857011899;0.895702369168218
2016;7;17;10;2.44443622602246;3.92842183280953;46.8152825576886;7.92935550677777;3.87867497065862;1.94882173050419;0.967850445430692
2016;7;17;11;2.42203173902933;3.84425463441792;49.4401723785566;8.93607750442028;4.78383037235737;2.08046698830137;0.927569011793709
2016;7;17;12;2.69505338888136;3.73010392273975;57.788153741633;8.71946850471497;4.93889434184233;1.64559206772444;0.675056493578151
2016;7;17;13;2.20255014454169;3.36977211888584;69.458178148984;8.26848298909664;4.54169669454098;2.01792607620993;0.761258264648095
2016;7;17;14;2.23980933563686;3.52483726897202;74.247567744072;8.27280902180672;4.60753730575244;2.12263906617554;0.838090916772459
2016;7;17;15;1.97146160253306;3.48422274201267;77.4317600972627;8.83472551267147;5.45854333773454;2.09962285480735;0.986617751532986
2016;7;17;16;2.17550023223944;3.40352122635154;78.2400108699792;7.69636949322224;4.52292899442514;2.0835574386916;0.800911181829387
2016;7;17;17;1.72317940179667;2.6792642566207;76.0931245734254;5.33622746758461;2.74846148855686;2.04750628341148;0.623555342032197
2016;7;17;18;1.63340229787162;3.04769283403765;76.6481920585671;4.85310599734783;2.37772313835224;1.976696241751;0.922395553660585
2016;7;17;19;1.72918292923299;3.18445525575307;67.201581115842;2.84337000957727;0.513724672021469;1.8007420336122;0.949123740151955
2016;7;17;20;2.92445525938991;4.16931325000407;67.1365794288544;1.63270800198913;-0.577722837881247;1.97714882270906;0.811892214589886
2016;7;17;21;3.33908362081571;4.18677585228791;71.926836556061;1.61416799388528;-0.555570838834842;2.18831783069015;0.55286203590263
2016;7;17;22;2.68120479664531;3.92995302718858;71.5938078726156;2.03487149970531;-0.255441990977526;2.19788713168783;0.814429416049929
2016;7;17;23;1.88321792328309;3.03491430521719;66.7279681361296;2.84429700500965;0.502956325117747;2.07580533210786;0.751132525246769
2016;7;18;0;1.83126278535801;3.28720422856246;65.7478444699566;3.16117650117874;0.864310839935144;1.9997779365232;0.949560135813783
2016;7;18;1;2.01560086486834;3.14557944479007;66.0612973270582;3.49149751399756;1.08552316402594;1.8698713800862;0.736968247469872
2016;7;18;2;3.65556435146892;4.80279043057061;59.5152841615319;5.40467099808455;2.56647665639718;2.34392458177573;0.748217008702824
2016;7;18;3;4.65362563047898;5.62104210558041;52.46824369947;6.04708195638657;3.02413081572851;2.58204751707496;0.630945786847008
2016;7;18;4;5.55568301910103;7.2060714757519;47.7733280013396;7.37779049499035;3.99589601291021;2.70546335437797;1.07637782711487
2016;7;18;5;6.23298331829303;7.70926835617154;44.5104574637266;7.19177247347832;3.88159783421357;2.67071718158409;0.962828160164483
2016;7;18;6;5.43969815725109;7.05252674369669;40.7125857592913;6.24051599292755;2.95167533714771;2.02937934986301;1.05188140549041
2016;7;18;7;6.16703571434878;7.87050074894354;38.5333239639552;5.99285249705315;2.77876667400201;2.3604975076782;1.11099419358769
2016;7;18;8;4.99725671286948;7.43218410012644;33.7657109261343;6.20961600766182;2.83537736370166;2.56169620436179;1.58805149158443
2016;7;18;9;3.81844784906004;7.14348259062286;23.9402852618583;6.09157802445888;1.96868033934832;2.55779942001581;2.16857652862387
2016;7;18;10;3.83127626639413;6.43779541372911;31.9494756738123;7.26902251768112;2.69569665419658;2.43701187794156;1.69996306314159
2016;7;18;11;2.6049196157893;4.3555141253113;44.1793482317423;5.24476349219084;1.72254700234731;2.58911435334763;1.14173187937967
2016;7;18;12;1.62186338714797;3.06835554587275;50.1205307952463;4.35268051782846;1.16843932863871;2.22324222329946;0.943397344105547
2016;7;18;13;1.10812363716725;2.62557774557597;56.1384808790281;3.97817250663042;1.13290384052197;2.08897809311347;0.989678490159873
2016;7;18;14;1.1408087195592;2.55527739493139;57.4461477071628;4.2638430251956;1.30165899295807;2.30756781799534;0.922511735454564
2016;7;18;15;1.58470122047151;2.30189024664449;59.820521626771;4.81988847008944;1.78869534228245;2.4661929622239;0.467748282237295
2016;7;18;16;2.06158478872391;3.29444147247603;66.0545944726105;5.61139197406769;2.15697236150106;2.76214143186574;0.8040650024262
2016;7;18;17;1.52815956525709;2.88069595597549;72.2533669491436;5.86909802298546;2.51355798885028;2.3580127114961;0.882119706708077
2016;7;18;18;1.41741729090608;2.45242274891458;75.5901902204251;6.04414650707245;2.43910264950196;2.41451906200275;0.675027095259728
2016;7;18;19;1.74608349945402;2.84205752256457;77.9390756415275;7.88856744990349;4.00989483656089;2.55489864136413;0.71479058934041
2016;7;18;20;2.52940266273929;3.86809995583723;78.4993523738986;6.14287200869322;3.16642670407693;2.41715225998786;0.873093893563352
2016;7;18;21;1.95321113793685;3.04901557290079;80.6319746949515;5.16720450353622;2.30880585240523;2.40369290511551;0.714679984518847
2016;7;18;22;2.25243305625379;3.63312038614805;75.6949943897102;6.99648449027538;3.63038799471855;2.34286391407957;0.900479655009489
2016;7;18;23;2.5836032185085;4.19639586821279;73.6360460740896;6.83364152033329;3.71976518251101;2.11384855196935;1.05185796766802
2016;7;19;0;4.91173180824848;6.45963880875355;60.9364002009184;9.01688094577789;5.41393164759477;2.33506564955107;1.00953976445075
2016;7;19;1;5.22333226429268;6.73976899459619;55.8512174805268;9.66748045520782;5.92973483949502;2.45024547858489;0.989014959565102
2016;7;19;2;4.98110433919527;6.42640955586659;54.1058391772915;9.67041597819328;6.07572264730136;2.55847381691987;0.94262322447131
2016;7;19;3;4.23015943541771;5.47566828311319;54.0758393201831;9.4582875;5.93542665639718;2.56457160756666;0.812316701399722
2016;7;19;4;6.89929998291193;8.1873409012469;43.3283290839982;10.4098372701548;6.65432371091035;-999;0.84005597550403
2016;7;19;5;3.29791202792997;4.67180289191009;68.844904230916;10.9669799429241;4.43223209352661;-999;0.896047022689966
2016;7;19;6;2.64452860465751;4.20816615674847;66.6330382023341;10.3741635253429;4.00343383538723;-999;1.0197991775405
2016;7;19;7;-999;-999;59.7986673997311;9.8263064879179;4.07773533421357;-999;-999
2016;7;19;8;-999;-999;48.3289259571339;9.75971701827049;3.97728215698401;-999;-999
2016;7;19;9;2.7212685352534;4.22078775516485;55.1134706605313;9.07590005893708;3.39686899735928;2.60898887770606;0.977981415915048
2016;7;19;10;2.48182352384099;3.99453043160939;57.0792197971536;9.78320106954575;3.45009532394409;2.41559305516454;0.986582381792461
2016;7;19;11;2.47971637899989;4.20141888658392;62.4760026390409;11.0137934973478;3.71376565522353;2.26174516579243;1.12288861242536
2016;7;19;12;1.59379330361001;2.99078212936042;73.1699251564032;9.99146694459915;3.76314619248708;2.28826959866853;0.911111436041191
2016;7;19;13;1.24143632703489;2.51857588187077;77.3888762687873;8.61487196080685;3.20888467458884;2.27437270450479;0.832946142719849
2016;7;19;14;1.14027692090376;2.54771415149741;78.6729448506793;7.68200098114014;3.03782200234731;2.59906535644305;0.917925850706213
2016;7;19;15;1.53351113967489;2.98349162393871;69.6277146274156;8.38590303182602;3.03089945393403;2.37393062281833;0.945672418345703
2016;7;19;16;1.38488353602046;2.75311452669214;79.7324302312563;8.21780695638657;3.27411000440121;2.4400108945978;0.892355672263377
2016;7;19;17;1.40928648537055;2.6976417648615;81.5715364374094;8.27790755746365;3.24611233509382;2.47305778084246;0.840261000797701
2016;7;19;18;1.85530261451885;3.30549720078993;89.8890094125153;9.5312115483284;4.07619698767662;2.50349786112949;0.945812054958177
2016;7;19;19;1.81769097319913;3.31948532978422;94.9881752797991;11.4930524675846;5.94650266784032;2.75040187956547;0.97946525243808
2016;7;19;20;1.70950391525439;2.84504955951029;92.7796775242292;11.0562809899807;5.69590812441508;2.64305381900748;0.740599068194092
2016;7;19;21;1.50701637397465;2.60203524534573;91.6344882428507;10.5388605229855;5.57530282541116;2.20448247180872;0.714167642573089
2016;7;19;22;2.30728903585971;3.8795634870064;92.3818728218992;12.6170400265217;7.00579903990428;2.42574498902532;1.02543213419452
2016;7;19;23;2.92061663849069;4.04763215742269;91.6223291833989;13.2861794593334;7.44407020304998;2.2857895572573;0.735035749010563
2016;7;20;0;2.95106793051022;4.40356447528602;91.5625216046029;13.4817765011787;7.64405349237124;2.021947360035;0.947313384589662
2016;7;20;1;3.13318259236237;4.46239462887248;89.9562530342371;13.660996536541;7.79481016197204;2.28755173173468;0.866907640966583
2016;7;20;2;3.07273765974865;4.35767540787857;87.3252830156697;14.3204025559902;8.33430367194812;2.38971709248108;0.838032098283478
2016;7;20;3;3.23187712905223;4.65773053383059;78.5273048239929;13.8763694858551;9.03316845129331;2.45797692402298;0.92993681786538
2016;7;20;4;5.37450833812052;7.22827500445021;64.7647326569255;16.7248860430241;11.2108331684272;3.0952633247778;1.20902041470352
2016;7;20;5;7.38699732108175;9.31727626804277;55.7747429631266;17.904184527111;12.0390717787584;3.89460009827837;1.25892146802322
2016;7;20;6;6.69476762236032;8.69483027566369;55.7730865438246;16.8384434163094;11.0313096232414;3.69998097995685;1.30443416771407
2016;7;20;7;6.1402669837256;8.61602376837975;48.2640477636122;16.3992000589371;9.76387676995595;3.40440168925049;1.61468028789944
2016;7;20;8;5.21543727522201;7.45704539929072;45.809296444545;15.2504925677776;9.01040118368467;3.04751904101971;1.46196931522682
2016;7;20;9;3.86440730566397;6.10702368734343;49.1440734828038;13.5944070153236;7.28808310974439;2.53804461884313;1.46262689746563
2016;7;20;10;2.95211038242168;4.52680268443798;59.5197959665639;13.2863339186668;6.85119649295807;2.67847528348713;1.02700904843845
2016;7;20;11;2.78299309245182;4.45175704739373;71.4066334318084;11.7467414982319;5.78251636619568;2.80890874373284;1.08836226559234
2016;7;20;12;1.13933906050114;2.67794806598042;75.427679883693;8.40799650707245;3.54793334066868;2.40984022861291;1.00347564321793
2016;7;20;13;1.21296716338101;2.92559492450076;73.5453517731751;8.33831699616909;3.49101498826345;2.25812960539463;1.11697009315708
2016;7;20;14;1.51345707807669;3.07157100690448;78.3077045689554;9.66639895255566;4.31633084506989;2.40943109434485;1.01619668893737
2016;7;20;15;1.21189641571497;2.45435315887742;83.1359409374233;8.75515798172951;3.90928783714771;2.34336238073117;0.810326129039529
2016;7;20;16;1.46767560741671;3.05029113885404;88.6496575841655;12.6006629905701;7.34623216431936;2.50597121833849;1.03217655214558
2016;7;20;17;1.73588232534181;2.84450796064425;91.1351874880254;12.1215584280968;6.2772443198363;2.52859148159686;0.723041928463461
2016;7;20;18;1.66182908864936;3.06595557092088;92.5901192888928;10.4392080038309;4.40755400176048;2.48730374902708;0.915766591732524
2016;7;20;19;2.06262868573231;3.18888546197183;99.1392561478383;10.8586755789757;4.87089998532931;2.57557340369961;0.734540899566253
2016;7;20;20;2.60052215392276;3.79336877362629;95.3249419119289;14.5669844534397;8.10955317722957;2.62601973786739;0.777970572578609
2016;7;20;21;2.20666855295301;3.36117446125805;89.5552970738998;14.2657094976425;7.71573985269865;2.50951718618038;0.752964888941626
2016;7;20;22;1.91449226627577;3.1724386278787;89.7558668581294;14.4169649823189;7.37146076291403;2.5212695815578;0.820428406338314
2016;7;20;23;2.32827530052749;3.65093775482705;85.324671781718;14.82220010536;6.76132913702625;2.28215613722743;0.862636025372147
2016;7;21;0;1.70438803430677;3.34409959411509;84.643001317619;13.7170276504937;5.86773994897584;2.27955921729788;1.06941439073272
2016;7;21;1;1.50434927135109;3.10009882092342;82.7577590098994;12.7410065004866;5.17236117569875;2.36261451074736;1.04074251480998
2016;7;21;2;1.38951098971929;2.16610617599728;82.2768093520299;12.6287819858551;5.01811850997607;2.30045227718314;0.586644550039362
2016;7;21;3;1.20942842367473;2.37935260728287;82.5973625510713;11.5590031206729;4.56740511010865;2.13350353620463;0.763020636485017
2016;7;21;4;0.883367534173252;2.03649924351633;83.8604629456403;10.957400973773;4.23695280340513;2.20134232471904;0.752068640978463
2016;7;21;5;1.5440539311631;2.38339536758033;80.707433182935;11.2719629611015;4.68860750146707;2.33048895273953;0.547415675320232
2016;7;21;6;3.66528336486115;5.38880542872963;63.7692578243359;13.9974974882126;7.57205953902404;2.72399944568366;1.12407532094351
2016;7;21;7;5.65878759304765;8.01852253323231;45.5801925232081;16.3301384074688;9.42221296537718;2.97446330701265;1.53901122929408
2016;7;21;8;3.7116429924574;5.78944842645554;52.5398063191065;13.0865655023575;5.83712717312177;2.80925234534729;1.35513774905632
2016;7;21;9;1.89074051973863;3.31592424956617;61.1491524201486;11.3643539245606;4.6059990105629;2.59316558068538;0.929500058104054
2016;7;21;10;1.99032172071824;3.78814275918734;64.9396594255397;11.4025154728889;4.55308033568064;2.6575336388079;1.17253286347854
2016;7;21;11;1.33902962839212;2.53419590328347;68.3202974797377;11.5985969737263;5.12668052637779;2.42187371549109;0.77948344392757
2016;7;21;12;1.53797910594998;2.8712504141308;71.9593246520575;12.2465542582657;5.64825370434583;2.28230691542028;0.869555084362699
2016;7;21;13;1.36552860028056;2.52648534708572;78.3651133519881;12.5606208791404;6.07255049963655;2.64931738581549;0.757172104218635
2016;7;21;14;1.03323605010887;2.63584693155213;81.1971689737681;13.2630045182705;6.55460578638713;2.55932054731195;1.04521745248941
2016;7;21;15;1.40624950808229;2.98269910278902;92.9922751960268;14.2108620388985;7.41807234683037;2.49193470723835;1.028155148849
2016;7;21;16;1.89333380109039;3.0563784006702;110.045878275211;15.5516817275683;7.8079202132225;2.40889290029403;0.758533794809631
2016;7;21;17;1.9367001934794;3.27470042222195;116.00156024873;16.5545902934317;8.39425687574936;2.30280300919517;0.872639270524036
2016;7;21;18;1.66550417064162;2.92519013848966;115.89685399338;16.9881761080538;8.60047923730101;2.33890762524354;0.821562971708428
2016;7;21;19;1.8620915037337;3.46880674945029;126.917550507845;17.3655116430918;10.0150866477578;2.33326624621314;1.04789430513002
2016;7;21;20;3.2675045400672;4.14633537443095;121.217500600547;21.0089181175232;13.1453433437868;2.38198258145123;0.573170528478871
2016;7;21;21;3.46427105151538;4.95620506453789;114.095195543397;20.9073384354909;12.5659852927702;2.40634742259594;0.9730343693719
2016;7;21;22;4.21388718916599;5.857354825767;106.951844700367;27.2970469290895;18.1720266715356;2.40766518360481;1.07186409144428
2016;7;21;23;3.04515041910439;4.38951241209043;105.439385197055;20.0112840204434;12.5005310340609;2.48160575697314;0.876788391869037
2016;7;22;0;2.61829690596049;4.2516016107841;83.5542663628487;17.6157610639052;11.5648316702929;2.46248453535855;1.06523586135724
2016;7;22;1;1.72986049040261;2.99691647638208;92.9769025958883;12.1836238189553;7.78566434759465;2.85693334459033;0.826369672864226
2016;7;22;2;2.14855387173242;3.76732351622173;85.5183853843485;12.983774203702;8.32275804670234;2.94827511886877;1.05575614366014
2016;7;22;3;6.83280141072786;8.7386399939504;73.8224446086179;13.4681048778169;8.5729155626297;3.4632005203962;1.24298154460173
2016;7;22;4;7.13392782303306;8.57420841463374;77.3417655556936;13.1976510695457;8.54705512676239;4.77441596792084;0.939346180819061
2016;7;22;5;3.75103135568312;5.46682602508911;72.0784029958899;15.0445439068794;10.1135399735928;3.46889623603873;1.11903554014083
2016;7;22;6;5.32323615270117;7.39355512538223;63.3836743954098;16.312525652647;10.9542391637325;2.93790829275902;1.3502551040446
2016;7;22;7;4.1677044836052;5.96702419889683;65.6666099632103;14.8372048909664;9.42359751173655;2.89008638138137;1.1735102954857
2016;7;22;8;4.99452745177112;6.78548662243981;59.9159719220983;15.1356989304543;9.53205002934138;2.88271003219806;1.1680575762677
2016;7;22;9;5.09469658730631;7.0799735720919;57.4178055027483;14.8619248968601;8.70673420187632;3.01798469567558;1.29479100419856
2016;7;22;10;5.58426942714308;7.70515307952784;67.4491837964351;15.7768739893913;9.07039623649916;3.32418163579127;1.38323321889319
2016;7;22;11;2.31417722641913;3.81023328457605;84.8526081755995;14.3389425383091;8.255541051054;2.93495154053143;0.975722753410919
2016;7;22;12;2.26205490844611;3.75505939986088;78.7720964236709;14.1787260400772;7.82465388086637;2.73359968531009;0.973732531796141
2016;7;22;13;1.87312673650981;2.82718430222482;89.8237233600522;13.8774509516716;7.74589117194811;2.55964520770153;0.622233150861206
2016;7;22;14;1.65865227235873;3.13618483363975;93.6346140851073;13.8280109988213;7.47791350410779;2.57096747079743;0.963641790751797
2016;7;22;15;1.63776985674332;3.19313482379651;93.7873516297445;14.0597610135555;7.61897865727743;2.39004918711021;1.01440382526952
2016;7;22;16;1.36195757850187;2.49423644585186;99.5834133969467;13.8263115483284;7.68958820363681;2.44834365132186;0.738468487230878
2016;7;22;17;1.32560264409839;2.39799254988658;107.844869121839;15.3246524970531;8.76888276526133;2.59319208624812;0.699409106965413
2016;7;22;18;2.3377466038194;3.9717112880802;105.386146974955;16.3429620978355;9.28945487030347;2.66627811666131;1.06566629773704
2016;7;22;19;2.65466083297524;4.01887545060278;101.311180020336;18.714845883894;11.4071245052815;2.88637725678307;0.889736207207918
2016;7;22;20;2.52624095853741;4.34147851675958;101.159419321259;18.4905121273041;11.3088250146707;2.49102138258028;1.18389185936352
2016;7;22;21;3.46267947280965;5.26549666764022;96.0152308606315;20.5904760695458;13.5689443785191;-999;1.17579133993395
2016;7;22;22;3.72385202379999;5.29814185688261;92.2787524376706;22.2984734693527;14.9099093849818;-999;1.02674655954709
2016;7;22;23;3.03894219756785;4.68419395985886;92.4845424370157;22.0708949174881;15.0455904683113;-999;1.07302769224733
2016;7;23;0;-999;-999;94.7210903880736;21.8980094976425;14.559630965964;-999;-999
2016;7;23;1;-999;-999;88.1248757064065;23.3751839776039;15.4749392992973;-999;-999
2016;7;23;2;-999;-999;87.2835073867569;22.9671495094299;15.5270888192495;-999;-999
2016;7;23;3;-999;-999;78.1992961670056;24.5961974882126;17.5272299143155;-999;-999
2016;7;23;4;-999;-999;50.3779689238228;30.0824927298546;22.1666893579801;-999;-999
2016;7;23;5;-999;-999;43.2659617584705;29.834886680894;23.2930413965128;-999;-999
2016;7;23;6;-999;-999;38.7350773694884;25.36881943522;19.9250299147556;-999;-999
2016;7;23;7;-999;-999;29.2923660671824;20.4698115483284;15.7761449647903;-999;-999
2016;7;23;8;-999;-999;37.7345163601455;18.7327679846764;12.5008795111497;-999;-999
2016;7;23;9;-999;-999;63.0079267314654;18.0776879611015;10.6202670258204;-999;-999
2016;7;23;10;-999;-999;68.2066653391706;17.2639364599228;10.0333927916686;-999;-999
2016;7;23;11;-999;-999;78.7851909830227;17.3533814822698;9.45163949510606;-999;-999
2016;7;23;12;-999;-999;84.1678275540697;17.3900085312366;8.87441252934138;-999;-999
2016;7;23;13;-999;-999;91.9242354500876;17.2529670035362;8.07478684037527;-999;-999
2016;7;23;14;-999;-999;-999;18.2482339159421;7.85746430143289;-999;-999
2016;7;23;15;-999;-999;-999;18.8005934752464;8.54874737617175;-999;-999
2016;7;23;16;-999;-999;-999;20.0798534339905;8.2618481566906;-999;-999
2016;7;23;17;-999;-999;-999;20.2108695742607;7.78142666373253;-999;-999
2016;7;23;18;-999;-999;-999;22.3360169740677;9.70988135445913;-999;-999
2016;7;23;19;-999;-999;-999;25.0936873821259;11.5989546320438;-999;-999
2016;7;23;20;-999;-999;-999;26.8199159339905;13.1215970023473;-999;-999
2016;7;23;21;-999;-999;-999;25.874684899807;12.8326980211258;-999;-999
2016;7;23;22;-999;-999;-999;28.4809455554009;15.0929711924871;-999;-999
2016;7;23;23;-999;-999;-999;26.4375285518646;13.7536981566906;-999;-999
2016;7;24;0;-999;-999;-999;24.1110675530434;11.5189612723033;-999;-999
2016;7;24;1;-999;-999;-999;24.2873519622803;11.7241749266466;-999;-999
2016;7;24;2;-999;-999;-999;23.4901320447922;11.3545135187785;-999;-999
2016;7;24;3;-999;-999;-999;-999;-999;-999;-999
2016;7;24;4;-999;-999;-999;-999;-999;-999;-999
2016;7;24;5;-999;-999;-999;-999;-999;-999;-999
2016;7;24;6;-999;-999;-999;-999;-999;-999;-999
2016;7;24;7;-999;-999;-999;-999;-999;-999;-999
2016;7;24;8;-999;-999;-999;-999;-999;-999;-999
2016;7;24;9;-999;-999;-999;-999;-999;-999;-999
2016;7;24;10;-999;-999;-999;-999;-999;-999;-999
2016;7;24;11;-999;-999;-999;-999;-999;-999;-999
2016;7;24;12;-999;-999;-999;-999;-999;-999;-999
2016;7;24;13;-999;-999;-999;-999;-999;-999;-999
2016;7;24;14;-999;-999;-999;-999;-999;-999;-999
2016;7;24;15;-999;-999;-999;-999;-999;-999;-999
2016;7;24;16;-999;-999;-999;-999;-999;-999;-999
2016;7;24;17;-999;-999;-999;-999;-999;-999;-999
2016;7;24;18;-999;-999;-999;-999;-999;-999;-999
2016;7;24;19;-999;-999;-999;-999;-999;-999;-999
2016;7;24;20;-999;-999;-999;-999;-999;-999;-999
2016;7;24;21;-999;-999;-999;-999;-999;-999;-999
2016;7;24;22;-999;-999;-999;-999;-999;-999;-999
2016;7;24;23;-999;-999;-999;-999;-999;-999;-999
2016;7;25;0;-999;-999;-999;-999;-999;-999;-999
2016;7;25;1;-999;-999;-999;-999;-999;-999;-999
2016;7;25;2;-999;-999;-999;-999;-999;-999;-999
2016;7;25;3;-999;-999;-999;-999;-999;-999;-999
2016;7;25;4;-999;-999;-999;-999;-999;-999;-999
2016;7;25;5;-999;-999;-999;-999;-999;-999;-999
2016;7;25;6;-999;-999;-999;-999;-999;-999;-999
2016;7;25;7;-999;-999;-999;-999;-999;-999;-999
2016;7;25;8;-999;-999;-999;-999;-999;-999;-999
2016;7;25;9;3.51954273518942;5.69233734183648;60.3995350623164;17.5218356861472;7.96641128887733;2.48227019841476;1.41708936950256
2016;7;25;10;3.64001261132125;5.17160601911676;79.7151004996938;15.9602938739426;7.71901427852864;2.89683977005757;0.998900093891738
2016;7;25;11;2.44193537447423;3.61428487512269;84.2099661975861;16.7653649548827;8.92239255221137;2.40526554450056;0.764602420140497
2016;7;25;12;2.42670963208639;4.28523894499035;84.5468555565553;17.4870345860481;9.214999431928;2.6489951698074;1.21212659685734
2016;7;25;13;2.19291472836984;3.54591250760158;81.8318883543685;17.500840266977;9.14257695296832;2.01577827339066;0.882420622752081
2016;7;25;14;1.51876595773198;2.72568183152175;87.6603829748322;15.9866036364405;7.98529632073118;2.05887458037713;0.787146492999922
2016;7;25;15;1.20860916358821;2.45338388062424;99.3697928266587;14.5151162250807;6.86875962895267;2.20816335364958;0.81183790384097
2016;7;25;16;1.5198880262561;2.89745877357172;93.5548943552475;15.7268810470481;7.04221697986335;2.18989532742041;0.898447030283779
2016;7;25;17;2.25512687913148;3.54251621531202;85.7786315523132;18.0359912042057;8.29649682684506;2.26824639071081;0.839631015803942
2016;7;25;18;4.87091576442853;6.4666100104307;84.8752169869607;16.5721137866195;8.88500816685813;2.151181250489;1.04070644600664
2016;7;25;19;2.75790680981521;4.36085514249425;93.3221778672781;16.3346807377624;9.90272679859162;2.33529542418299;1.04543753705584
2016;7;25;20;2.72946691867349;4.19695132214771;98.2271338750528;15.9150207515496;9.96088999390602;2.3718674017418;0.957088415864198
2016;7;25;21;1.83443850649927;3.55776251723478;100.687069157134;16.9074020605087;11.1538635297351;2.52029690956414;1.12394615135313
2016;7;25;22;1.46782377118003;2.60192161234966;111.486267668558;12.5553588617948;7.60528752708435;2.43804929277001;0.739654815867431
2016;7;25;23;1.35651735592493;2.93383080621727;111.964690395452;12.7481683334177;7.51084782522375;2.28790146032911;1.02871855257037
2016;7;26;0;1.86732529625439;3.24109486672904;98.3848884553738;15.3449030489751;9.33624213153975;2.39150330672354;0.895967915471699
2016;7;26;1;1.95851852744339;3.10688369258495;94.5183532389978;15.3291049611699;9.56057913572138;2.27965483315087;0.748959916805194
2016;7;26;2;2.11474170800599;3.58155442601543;82.195731654725;16.4533030594045;10.2138952746478;2.25735833146357;0.956650344852389
2016;7;26;3;4.72136368565267;5.93920782103505;60.3007203390451;17.0355192535094;10.2015546001026;2.90374089237256;0.794273868630659
2016;7;26;4;7.07677313082649;8.97860389951009;43.9471258212385;20.0180536108017;12.3998111185392;2.94565053759065;1.24036766137471
2016;7;26;5;7.72389354203692;9.69137726018671;41.2479579436963;18.2250809163094;11.1416081537565;2.97091399934656;1.28318629525773
2016;7;26;6;6.42583334711538;8.45647168347719;43.8154232377501;14.242534468174;8.19231549765269;3.14112507732984;1.3243755258594
2016;7;26;7;5.58528463527778;7.354917121169;43.8490560727215;12.5900024086475;6.75305083920161;2.9561498238116;1.15414838384223
2016;7;26;8;5.49547896806771;6.96631808662675;44.5158070459746;12.4841700500965;6.2743215149641;3.08544694373092;0.959276349813346
2016;7;26;9;5.35610364710666;7.53467084204511;42.7166242615795;17.3155394770145;9.03178402963479;2.80426962667514;1.42085423226373
2016;7;26;10;4.844566322473;6.95044054232456;46.9458888077386;13.6543529581547;6.32693247946103;3.09070919051423;1.37344411723582
2016;7;26;11;5.77549738991726;8.73681437756815;67.8195630834335;11.527506004715;4.92904898855686;4.032706383684;1.93136102698779
2016;7;26;12;5.37534472877795;9.09248297239594;87.483516994586;10.7437275559902;4.76998532687823;2.92054286476838;2.42430512018391
2016;7;26;13;2.54261930818145;4.25084591004588;97.9155285393474;10.9373160518646;5.13795467605591;2.81913517272211;1.11409967182267
2016;7;26;14;1.4380462264756;2.8808948567582;107.801971951036;11.956089015913;5.98311503227552;2.45915258382332;0.94102104705147
2016;7;26;15;2.27111663972914;3.70966451809768;104.111176238931;12.5383994946957;6.3344703899622;2.76344831998643;0.938216111048937
2016;7;26;16;2.09437853853747;3.44618024684493;101.743276329146;15.9686084870338;7.25408598650297;2.42304723678707;0.881640549298852
2016;7;26;17;1.99174974250669;2.95481762084896;101.439712225153;11.7118244799614;5.63437482042313;2.32250098007025;0.628109646596654
2016;7;26;18;1.95912056307624;3.17646658210621;94.22314159537;12.5181599882126;6.51107104225159;2.45136929385281;0.793948998812951
2016;7;26;19;4.48776414942644;6.21890405851544;96.2405164510757;17.0760644917488;9.74310933744113;3.6206718356449;1.12904365409727
2016;7;26;20;1.99225363787124;3.04391463522108;101.676316894778;15.1676804552078;8.55613129577636;2.26855558160627;0.685889782267389
2016;7;26;21;1.90849043636824;3.45552001886017;101.898470531561;15.5686079227924;9.57450803286235;2.04915817928483;1.00896751535954
2016;7;26;22;2.59402624229502;3.79822909291292;92.4184437081219;15.2297895064831;9.49866822417578;2.37523723280631;0.785377068368472
2016;7;26;23;5.72201245736292;7.17861970302001;76.6043318720314;16.417121968174;10.4602803503513;2.63123167965794;0.949994369944767
2016;7;27;0;5.31358499469471;7.07412502161654;75.9761036093175;16.2348120094299;10.2944480211258;2.88548895106762;1.14821831253741
2016;7;27;1;6.60442627335422;8.3890842518214;66.8236911318753;18.7656765011787;12.1392173556328;3.11972563852125;1.16394795980574
2016;7;27;2;6.69241344814669;8.63922303201376;52.3148842468186;19.3968089481354;12.8103921320438;3.08143246460266;1.26970269408067
2016;7;27;3;5.69303913096058;7.53405263144166;47.5693125286058;18.0273209575653;11.9455412599723;2.67917965472049;1.20070284262547
2016;7;27;4;4.6091468150056;6.17822420132769;55.6861589275958;16.4138774528503;10.4978156332175;2.39229088985059;1.02334701921739
2016;7;27;5;4.59150057414476;6.42235113726419;51.6212053471818;15.6165030170918;9.9740132036368;2.56296763631169;1.19407460889641
2016;7;27;6;4.19377498675562;5.7517525231041;53.8860291329583;14.2938284339905;8.94086843662262;2.73277659478923;1.01610773421891
2016;7;27;7;5.92465557811629;7.84715082093585;46.2796763078304;13.8400620094299;8.41491227641106;3.13159512181477;1.2538449622364
2016;7;27;8;4.71843055973505;7.1006929704804;50.7710876581691;12.3817364893913;6.63890652670066;3.12551868909876;1.553703570188
2016;7;27;9;3.13283453856415;5.13604417133564;69.7481051262926;13.103096968174;6.38277402523359;3.0123387104827;1.30648661718936
2016;7;27;10;3.03424501537862;4.64622248832682;78.8799691271686;16.708818073082;8.01633018544515;2.96054602686802;1.05132631211632
2016;7;27;11;2.80352453247865;4.1023431417086;83.7598702145885;17.9673749852657;8.22985088321368;2.77465165948606;0.847085149429789
2016;7;27;12;2.21627694644807;3.72440345783624;86.8311481976767;18.8447804846764;9.03609130751292;2.6797515491833;0.983595062605153
2016;7;27;13;2.32817470419113;3.9381802092839;95.5606670914206;20.7214920624733;9.84833141314189;2.65582024991468;1.05004020128174
2016;7;27;14;1.71511666947074;3.38796450160143;94.6972342547187;18.9668354493141;10.0972336778164;2.42942588488287;1.09102575662499
2016;7;27;15;1.90683756704635;3.59131161813363;100.784130630343;20.7346245831013;10.257681834507;2.70853409560495;1.09860833771226
2016;7;27;16;1.73644570871322;3.00220577376289;108.101508076317;16.6360484988213;9.12439165199598;2.34672370460656;0.825524477571616
2016;7;27;17;2.00350458071443;3.65283222181687;86.0278422238295;17.3056514717102;8.23661949941317;2.46473339508391;1.07568596676504
2016;7;27;18;1.73486349867004;3.074467495722;100.710452669404;19.1511539540291;9.49666837441127;2.41336703354526;0.873685242847173
2016;7;27;19;2.13896700925489;3.69412478778934;94.5363654902164;18.5866110872269;10.7234891050498;2.29538056204637;1.01426869761112
2016;7;27;20;4.2833112356305;5.85321817278368;92.6420354450734;11.0672505053043;6.25155419600805;2.28886054496869;1.02388804949268
2016;7;27;21;4.41749035477074;5.84100306924807;93.0091248597365;12.7259625442028;7.63774639406999;2.06854546259632;0.928410227486002
2016;7;27;22;3.85140856531011;5.63943897881287;85.348386212283;10.5288180288792;5.90404461297194;2.20179752267892;1.16614745064746
2016;7;27;23;4.6954817794971;6.43330432019232;70.0152986090522;12.4671749705315;7.38299839495024;2.38643432120162;1.1334020440622
2016;7;28;0;4.94584568358939;6.5250945899767;64.1362005113435;12.351454547739;7.32177263263066;2.76353862460257;1.029980850557
2016;7;28;1;3.85605799372948;5.26517839743533;65.5003462916094;10.9672889864445;6.2534002162536;2.45787177275362;0.919023610575939
2016;7;28;2;3.21166112845855;4.63115856222624;64.2615950796585;9.85535251178741;5.46761950674852;2.22622602838643;0.925791474847441
2016;7;28;3;3.70711605170849;5.23505065154056;60.8517498165339;10.3568594829083;5.69529286502202;2.26281567588168;0.996513831585034
2016;7;28;4;3.76430782704298;5.36445355242384;59.714253505038;10.2218264717102;5.56438070216974;2.4195910018973;1.04360968595708
2016;7;28;5;4.09213732509155;5.38068566682302;54.5409581135011;9.80946596345902;5.29978733509382;2.36473599675003;0.840386915344738
2016;7;28;6;5.02438180848302;6.69587313461202;49.5813013872571;10.275129057169;5.54222866461277;2.68394430581588;1.09014104795128
2016;7;28;7;5.13127654937743;7.26628257102678;48.1736724305977;9.69220049057007;5.09703498973052;2.67525057721884;1.39244378085604
2016;7;28;8;4.5281220820822;7.04669565930879;51.7408516188488;10.2026685194492;4.53877384565671;3.18694633313552;1.64260525669537
2016;7;28;9;3.38710390562638;5.32738159372821;73.8972807460959;8.10131395697594;3.68269130017757;2.52460454991856;1.26544261352666
2016;7;28;10;1.7139718019223;2.7892683337059;94.8537624392059;7.58234846935272;3.74591680956682;2.27595934178024;0.701304798710327
2016;7;28;11;1.50797148049822;2.59114670364383;92.9065227596889;7.26747749705315;3.20949999266466;2.38832619258847;0.706443254844448
2016;7;28;12;1.137742499271;2.52485051671125;96.1019768799637;7.66902306718826;3.16950332012971;2.12181966706673;0.904667205935141
2016;7;28;13;1.17623566359946;2.4528632002597;95.2863643653045;6.48493500294685;2.25265667326848;2.20413759759741;0.832612206179559
2016;7;28;14;0.992786381112369;2.15799654857901;98.6474448103488;5.59702348408699;1.78177282687823;2.01949783472395;0.759946170936664
2016;7;28;15;1.45029500152625;2.54125073058987;98.6825147729894;8.77060803329945;3.43855783861478;2.10312366192795;0.711517674760639
2016;7;28;16;1.70008632915043;2.97193126063568;78.8147312101494;10.5231015011787;4.74214148708979;2.22028397237758;0.82949300709315
2016;7;28;17;1.64885746152803;3.22525974545772;69.5092259702296;9.29698945491314;4.67199349530538;2.19155151504141;1.02812429291858
2016;7;28;18;2.60706552881661;3.92246194924582;77.0934169731165;7.21865549941063;3.52885801085631;2.1088150327024;0.857897142403362
2016;7;28;19;3.43514829117321;5.21593315602875;70.0172661796929;7.47636148939133;3.83390948767662;2.51733914306568;1.16142192807263
2016;7;28;20;2.01174321404466;3.47530941502745;72.1054872772013;8.66539345314503;4.6459956610918;2.46334883986431;0.954532977314608
2016;7;28;21;1.96434292054028;3.6322203406974;72.9702471841353;8.36782655274868;4.14034547417959;2.17417326777367;1.08778407057319
2016;7;28;22;4.88814146335121;6.45022278895386;55.9615938847089;10.2482460312366;5.30086414906184;2.01739424113006;1.01878421183395
2016;7;28;23;6.52491752087028;8.41810114416376;55.3523163483253;11.0400584280968;5.98896064935525;2.21010881773484;1.2347280220957
2016;7;29;0;6.01877436685632;7.50105133186128;52.1038213319187;11.3580195005894;6.01865047271252;-999;0.966736074979698
2016;7;29;1;5.17893743405467;6.82680123529574;48.7259245907839;10.1315985061884;5.1430311822176;-999;1.07473125530733
2016;7;29;2;4.39578367032552;5.91099417968134;47.3203811248103;8.51691899528503;3.98805047271252;-999;0.98821522236752
2016;7;29;3;-999;-999;40.8082759799536;9.30545890716206;4.4691432797692;-999;-999
2016;7;29;4;-999;-999;33.4664772577789;9.44539897652676;4.51967420805546;-999;-999
2016;7;29;5;-999;-999;32.1066465040846;10.0769055141449;5.00088919307391;-999;-999
2016;7;29;6;-999;-999;30.9886328702846;8.82969507155984;4.22464354231398;-999;-999
2016;7;29;7;-999;-999;30.6118403789773;7.76002351355553;3.43009699501197;-999;-999
2016;7;29;8;-999;-999;29.8824818348485;6.8691764717102;2.85983682570457;-999;-999
2016;7;29;9;-999;-999;-999;-999;-999;-999;-999
2016;7;29;10;-999;-999;45.1121809277041;-999;-999;2.31834055315267;-999
2016;7;29;11;-999;-999;-999;-999;-999;-999;-999
2016;7;29;12;-999;-999;-999;-999;-999;-999;-999
2016;7;29;13;-999;-999;-999;-999;-999;-999;-999
2016;7;29;14;-999;-999;-999;-999;-999;-999;-999
2016;7;29;15;-999;-999;86.673023327854;6.2753487378814;1.69645128329017;2.18656129809687;-999
2016;7;29;16;-999;-999;88.7090015901287;7.26567498199145;2.04275966239417;2.40480765255306;-999
2016;7;29;17;-999;-999;94.9979538278448;7.31387294533673;2.127961185273;2.52243267277888;-999
2016;7;29;18;-999;-999;100.567323813996;6.67465033934034;2.05145329513632;2.39307120238448;-999
2016;7;29;19;-999;-999;104.669933761474;7.12026708737287;2.39910600464127;2.52376730409722;-999
2016;7;29;20;-999;-999;108.108645105744;9.82855268176702;4.27485498273373;2.5952211370692;-999
2016;7;29;21;-999;-999;103.831140608164;9.52892835887273;3.67458942064533;2.35564554361982;-999
2016;7;29;22;-999;-999;104.775049108187;8.79426056892222;3.54731801792492;2.33649034475551;-999
2016;7;29;23;-999;-999;100.76531167116;8.75357439047098;4.11365543463826;2.16094513263672;-999
2016;7;30;0;-999;-999;93.2811864303436;8.24882746272168;4.2291803288379;2.20800366074454;-999
2016;7;30;1;-999;-999;87.0375733338539;8.24299922059617;4.20303112709297;1.94358488473954;-999
2016;7;30;2;-999;-999;90.833553412497;7.46523749263287;3.65300146948497;2.17012486596972;-999
2016;7;30;3;-999;-999;86.6345867518739;7.62128255746365;3.82344882365068;2.26205596729393;-999
2016;7;30;4;5.92585986225849;9.25509315898259;71.5884322724341;10.5200115777969;5.65806516784032;3.06115375109667;2.17131481224632
2016;7;30;5;5.21154220332765;7.86449043583428;65.7523337966611;11.6954474882126;6.45646016197204;2.95824868288577;1.73024395707937
2016;7;30;6;6.60264048219657;9.02893512047536;58.4714600654019;12.8066115188599;7.17747700821559;5.2267194104349;1.5824212415971
2016;7;30;7;7.07482635415693;9.90405074599702;39.0249088210633;12.9490604640484;6.30293446567059;5.20279346483232;1.84521067815093
2016;7;30;8;5.43598329669758;8.54759222615404;38.4776256243428;12.4001220271111;5.07334468632539;4.08579391985832;2.02938092836412
2016;7;30;9;3.10800759406127;5.29186442052721;51.0422482455472;10.7295135106087;4.21772368075053;3.10775145145203;1.42430411224008
2016;7;30;10;2.52712114103938;3.60521861183681;69.1377773705561;8.85913648939133;3.36441019131343;2.29829635697418;0.703131561759622
2016;7;30;11;1.2735063239511;2.92004904792351;73.6818306103938;7.23101549499035;2.38141517884334;2.39459185356442;1.07386965313472
2016;7;30;12;1.27193706251501;2.91761426354816;80.5453121774889;6.39022649381161;1.93806751687129;2.29004217057413;1.07330516197089
2016;7;30;13;1.32751889782476;2.56447550577855;86.4037781055323;7.04932347671986;2.00990767004093;2.47042590881723;0.80673895926693
2016;7;30;14;1.13276103605417;2.22113736915285;97.3903932743544;6.64546048614979;1.90930067429543;2.57238982260406;0.709835401346264
2016;7;30;15;1.08716431238925;2.39484193036662;103.153923618403;5.46199048762321;1.40426583846808;2.51140739722;0.852862965281266
2016;7;30;16;1.14949544520937;2.63337786449151;93.8365053891264;5.0114685010314;1.14474899222453;2.44563136983581;0.967783146885373
2016;7;30;17;1.14408342713401;2.52341895192492;96.546619329192;5.73066598187685;1.46533767224153;2.29097175047972;0.899598012245951
2016;7;30;18;1.52045981173432;3.05195356478887;91.5358703742986;7.12070246021748;2.15481866754691;2.293597811054;0.99883509940326
2016;7;30;19;1.40359600402651;2.94484219921048;90.9627928977569;8.29320301709175;2.99321032687823;2.44697782381875;1.0051956095159
2016;7;30;20;1.32344214616475;2.60180872521943;86.4930961867437;8.74588804950714;3.36133349823952;2.40603380807683;0.833746403808152
2016;7;30;21;2.11615724820442;3.28341876785373;90.6905159438257;12.8475539687634;6.28832035328547;2.51933293877516;0.761284055963751
2016;7;30;22;3.17217940132701;4.51689489442312;90.5573475676573;11.2344194711208;4.76690865581036;3.39252312005469;0.87701894345756
2016;7;30;23;2.75113013526903;3.909477872946;86.5585651484289;10.268176515913;4.19572553139528;2.91150858966175;0.755470517198319
2016;7;31;0;2.58436868981138;3.90736637717229;82.6559592282801;10.4025915424347;4.1437298262914;3.1228532104194;0.862854663252646
2016;7;31;1;10.3089006788565;11.7256577503059;68.9540967742649;10.0015094976425;4.34694366021156;5.86970613738934;0.924004219716205
2016;7;31;2;4.07762569248007;5.28740362535433;72.8544980341895;8.18520755746365;3.64792498532931;2.53639378853879;0.789013118354711
2016;7;31;3;3.49050880291856;4.98516963444597;76.358447167253;8.40552448732853;3.16596515316963;2.37082828577216;0.974812791273368
2016;7;31;4;3.48495202089157;4.713922580356;76.3777797647427;7.27643848850727;2.70169617414872;2.26408416148897;0.801530485173715
2016;7;31;5;2.54126391262326;4.04481168567779;86.1580644228706;5.45735549572706;1.56148349457184;2.25755966848067;0.980608824790271
2016;7;31;6;2.26066800374425;3.5328777814541;91.9045069549947;3.74796750515699;0.628945829665661;2.27412894345002;0.829730958579591
2016;7;31;7;2.57895695267209;3.95804242196171;88.9610791302311;3.37021500994563;0.370967329959075;2.22969416108364;0.89943492688502
2016;7;31;8;2.71245993680437;4.58878775317196;78.5856254791693;4.93638148607612;1.6923956555903;2.38657757727027;1.22373472123974
2016;7;31;9;3.68702946547919;5.57123596390173;69.5376884181719;7.09876353271007;3.11166201995214;2.44454585171053;1.22887317130382
2016;7;31;10;2.01329719601818;3.57154082929658;83.92606064687;4.93993501031399;1.26904633538723;1.95170948960481;1.0162812817459
2016;7;31;11;1.60455456831974;3.17661047366468;86.5975093295763;7.12363793900013;2.45064018251101;2.64676897213996;1.02528959935416
2016;7;31;12;1.33218409738845;2.74941388299016;91.4034723919382;9.69189153506756;3.64577133538723;2.83198658670397;0.924312522304048
2016;7;31;13;1.59884651607044;3.26504544726098;104.472622336982;9.44855401296615;3.24442018104394;2.85379212430907;1.08668936568756
2016;7;31;14;1.40237774834846;2.66610194065483;107.038923653602;9.88996044194698;3.56008615874449;2.80805175806577;0.824196688183077
2016;7;31;15;1.29843472059356;2.7674070111808;112.462762943001;9.8423745241642;3.95159196713765;2.86297697495859;0.958058810858933
2016;7;31;16;1.49409192920994;2.80324139659452;102.345421023436;10.2052950353622;4.18157283421357;2.72223433732624;0.853822900537956
2016;7;31;17;1.62263741193334;3.06395831794226;97.9399148714839;12.9915480229855;5.8482031992356;2.76844378279984;0.940024670393891
2016;7;31;18;1.6993636523587;2.90622364755917;122.876754447976;12.3956415719032;3.35118048591614;2.19713107311712;0.787110049171018
2016;7;31;19;1.79162655166869;2.89050441223462;121.193057422414;11.3842845271111;4.38924781954288;2.1500759025491;0.716684462408847
2016;7;31;20;1.85841114443178;2.83587826425212;119.414559149368;9.02460595314503;3.34979599090417;2.12393772683798;0.637500783690358
2016;7;31;21;1.41809414358;2.56395872206471;111.759786405969;8.92510804803372;3.95559166666667;2.01325291051211;0.747329042557761
2016;7;31;22;1.86403818176038;3.22733028877215;99.0051381545039;9.72819894518852;4.94735518544515;2.07601919385869;0.889134548872217
2016;7;31;23;4.19698562360282;5.84734666934781;75.9243507775689;12.4146448732853;6.8793480064551;2.81560825929631;1.07635994981381
2016;8;1;0;5.25226203485582;6.75872720220902;60.3137973258251;12.1717709870338;6.76935723033746;2.73281856968729;0.982511539586528
2016;8;1;1;4.99448416149501;6.69526715971784;58.8190313955001;10.0951365483284;5.22579348063469;2.66484593132425;1.10924497844345
2016;8;1;2;3.1911614465954;4.88389618950797;79.1048013027654;7.02800248968601;3.07243452435335;2.38244427491306;1.10399593326986
2016;8;1;3;1.75601846210471;3.46662527351553;90.1261330436394;5.56952248821259;2.01498420187632;2.1837178789737;1.1156520365216
2016;8;1;4;1.42565026123338;2.95113852101112;90.8545898383429;5.406525;1.89484036208789;2.1070215807989;0.994918336790186
2016;8;1;5;3.13902423792009;4.7785709197872;66.8446142145949;6.81587398939133;2.83630031147401;2.34587109295506;1.06930685789136
2016;8;1;6;2.5906699723874;4.31179656900711;61.6167055212993;7.10463452711105;3.03459151643117;2.23212871758449;1.12251300522216
2016;8;1;7;2.42432337319146;3.9494011302913;63.0978699954339;5.8479314879179;2.24327285255194;2.29054329680403;0.994650608317733
2016;8;1;8;2.16371275405094;3.76287539305121;61.4885161531463;5.99516999852657;1.42841768177748;1.56355533145145;1.04296852031032
2016;8;1;9;2.78941555796706;4.41269614292845;58.9460491419782;6.00181350324154;1.40195832966566;1.87868377184352;1.05869816393664
2016;8;1;10;2.09279929004319;3.83045060874359;73.7649576255801;5.48856452858448;1.47656749853293;2.11623467499399;1.13329037365031
2016;8;1;11;1.94279227882942;3.5502886480672;79.1845601425133;5.06971497863531;1.01014482922554;2.3768910095312;1.0484037512759
2016;8;1;12;2.1738636862644;3.54627453814717;84.9873328700456;7.40590951974392;2.43387232115666;2.45971769103412;0.895081763754088
2016;8;1;13;2.20429933381725;3.66745678526386;78.9092323602106;8.06116604143381;3.62550931337901;2.13715484515143;0.954266392235317
2016;8;1;14;1.64590726668907;3.0631188019948;70.4892347549011;6.32138571744306;2.5381823132549;1.82423897731242;0.924300619522092
2016;8;1;15;1.14599220437012;2.57732828430235;68.7739399166008;3.97394339612379;1.05468610527556;1.97026583278263;0.933512600248692
2016;8;1;16;1.60948167532128;2.92159307878637;55.445186255216;4.7250254647851;1.51225684551001;2.00645254890525;0.855754665335235
2016;8;1;17;1.43898499702853;2.70120084026642;48.5536888837943;5.06662502368007;1.69248357205732;2.01910234857238;0.823212947969482
2016;8;1;18;2.55805744667083;4.10140864886811;43.6849467090065;6.27366330101707;2.45784237227873;1.96375351478808;1.00656848804394
2016;8;1;19;2.93006367624726;4.47036331914805;40.1324360575897;6.86264686443931;2.87268596954513;1.96637764982683;1.00457827128519
2016;8;1;20;3.58055068118433;5.22272930662124;42.1117045887076;6.42923367397409;2.59918646713725;1.99210421185706;1.07102340267773
2016;8;1;21;4.11965220202382;5.73848020038072;49.1568570691734;5.19019881370916;1.72566018217297;2.12637173464719;1.05579420185724
2016;8;1;22;4.24264645131015;5.60952509350334;45.1122131972967;6.18829501630931;2.44977550191304;1.74104021740333;0.891473675112401
2016;8;1;23;4.65838993924384;6.31952025254126;32.9749707960524;7.25222389860477;3.10624915403431;2.10633983794287;1.08338363006375
2016;8;2;0;5.12550493441538;6.65117132409222;31.6733582280816;7.48287404292317;3.33449611303362;2.18960932617673;0.995034512514127
2016;8;2;1;5.02836879040644;6.74398088425743;29.4068535029392;8.0303985503912;3.65777033127944;2.11812931937303;1.11891646497499
2016;8;2;2;5.06580700722661;6.72573925769992;26.8644324264795;8.62528372701548;4.36716101694915;2.02169089263258;1.08260225750011
2016;8;2;3;7.01706914104862;8.9565892670921;18.6698706318565;10.3808070447922;5.77267102024555;2.30941306293764;1.26494853408798
2016;8;2;4;5.73621998794271;7.74497733776436;19.3447165450305;10.994171968174;6.13494847916762;1.95948097977872;1.31010481967971
2016;8;2;5;5.37193674387833;6.92762783094407;19.8929629372699;9.39942304508686;5.024579474473;2.11904143130616;1.01461651965009
2016;8;2;6;5.35387290121559;7.82621628969498;16.5006835708813;8.18891548025608;4.19741766343911;1.97388445955563;1.61245408233985
2016;8;2;7;4.44898840810837;8.19712142947333;18.1514212510843;9.4000303085508;4.79658259409872;2.19099235694042;2.44451981048227
2016;8;2;8;4.05005950283462;8.20705585660399;18.2595280545942;9.55716750884056;4.83121096449693;2.20451733194473;2.71117910729624
2016;8;2;9;3.66400683007287;7.3254650328905;26.5524314730519;8.91892795078755;3.04920565448999;2.28387093968193;2.38799078395062
2016;8;2;10;3.93523393218156;6.38850058085142;41.8278305467185;7.16595474521737;2.16375720580001;2.50229545937873;1.60001229649127
2016;8;2;11;3.53618993212945;5.6394471221385;65.6749725941145;5.5409400187668;1.26132227390691;3.12006042038243;1.37173729913247
2016;8;2;12;3.3676524278203;5.0147204154113;76.9214578570396;5.01712980153731;0.567742141363876;2.64052187600562;1.07421222830857
2016;8;2;13;2.67825367024812;4.00685383857705;83.4808256887251;3.40683149160147;0.16975333113273;2.03367351621475;0.866508582586912
2016;8;2;14;2.56847208022915;3.72569456721965;78.8305801480847;4.11156219451644;0.66940400576158;2.30834281377767;0.754736632467128
2016;8;2;15;2.22250157255597;3.48566286736619;79.3216184869176;4.04308916140425;0.518000178180892;2.18933437649568;0.823829568320262
2016;8;2;16;2.32613134284637;3.74551066607476;88.8774969315398;4.04564640796596;0.655017942720446;2.05070424573473;0.925714443549063
2016;8;2;17;2.15639684264629;3.44124911205356;87.9263434371302;4.76974929611158;0.888389651617761;2.12134297143396;0.837976349346683
2016;8;2;18;1.91526743736602;3.43628483790632;88.8252118877942;5.00839255879576;1.20826817781709;2.01453673996605;0.99200245736075
2016;8;2;19;2.42902801820506;3.65437498735248;94.7164683653957;6.41949504009344;2.25990506908045;2.35897721241248;0.799167191698139
2016;8;2;20;2.37174079578771;3.66586366150911;98.2688457114743;6.54519001508992;2.36447759531284;2.4304917234569;0.84402260123148
2016;8;2;21;2.11155775891568;3.56408471361088;98.9698284696437;5.6138746362719;1.59472742472024;2.25218198273192;0.947333217837298
2016;8;2;22;2.61965153401559;3.60974341627553;97.0669906886535;6.42907933192334;2.07937256833254;2.10220935455257;0.645734611494842
2016;8;2;23;2.44076621294718;3.94933639103652;97.1333158189166;7.25929966370813;2.70344139145161;2.14451183962405;0.983884420542581
2016;8;3;0;3.165995124587;4.6999324356708;95.2825115961295;7.59929896327197;2.93619814633515;2.12141333184035;1.00042877977066
2016;8;3;1;3.06278106369938;4.15583155716476;91.271337617323;7.89719593549987;3.12408338177406;2.25702388768392;0.7128838730917
2016;8;3;2;3.52807844377125;4.87353332296876;88.3053299260716;7.79280414829583;3.1899260493558;2.17331975170135;0.877501168597959
2016;8;3;3;4.62234771951966;6.33669239093264;76.2182261502827;9.18853050677776;3.78868251613776;3.22544905815022;1.11808985630334
2016;8;3;4;7.53690348261494;9.45087495905551;53.6435142168378;9.64863145108223;5.04150117634932;3.80320067053248;1.24828579033546
2016;8;3;5;10.5359157187528;12.8612488756046;40.1656265299895;11.0992320005894;5.90804433450699;5.44792134767159;1.51657450135684
2016;8;3;6;7.28857037160227;8.98064400179207;43.7503396998311;9.6591375;5.01196516784032;5.47020040099801;1.103564757765
2016;8;3;7;6.46231652497016;8.5260906014477;32.6448739870211;9.9438809457779;4.29925535035133;4.04789099159083;1.34598654464827
2016;8;3;8;4.91448327040515;7.93769382394344;36.024847255766;9.96551102092266;3.59608317576249;3.25258212007529;1.97172780348444
2016;8;3;9;3.4594002406554;5.26473816711368;49.1227497630925;7.93862548320294;3.05966634052197;2.71408830819294;1.17743535266395
2016;8;3;10;3.31963821132894;4.76996997194417;57.4851902169981;12.212404547739;6.2652453092734;2.70581841022227;0.945901519606271
2016;8;3;11;2.49368546628453;4.29323254112555;73.1168172716306;6.6500954596281;2.16343335533937;2.51266346752665;1.17365857862278
2016;8;3;12;2.07360042635722;3.68865351329921;86.8879013339307;5.28462450942993;1.46626064935525;2.46558309934831;1.05333221726813
2016;8;3;13;2.07217460860287;3.98030263125751;100.409052756558;4.4696370020628;0.66048167693615;2.369226984664;1.24447470933595
2016;8;3;14;1.95726972655028;3.1702317275337;101.638280677093;4.07751602239609;0.274513830252489;2.25150233560352;0.791089756917533
2016;8;3;15;2.37738242290614;3.98702833535485;108.062939857463;4.32456149307489;0.472497317488989;2.3605305839709;1.04980567616294
2016;8;3;16;2.2465714444604;3.67734463248072;107.176308219512;4.1578560010314;0.501879503814379;2.28771890076118;0.933145484027898
2016;8;3;17;2.29625254571411;3.74895763403124;106.328193249084;4.72857902033329;0.615562331426143;2.38148667247947;0.947449395989255
2016;8;3;18;2.62721589442431;4.14744770345055;106.424760697702;5.19949500589371;1.01229849383831;2.35707899567238;0.991490097204879
2016;8;3;19;2.49338822586308;3.91781735842218;106.209617658257;5.06585248968601;1.30473566402594;2.36057963693242;0.929007912291423
2016;8;3;20;2.73238743706258;4.13752573711196;104.863512091104;6.35530949027538;2.37756934551001;2.77879972146461;0.916426495900407
2016;8;3;21;2.31489159279699;3.61392153317759;101.011914680008;6.41247447259426;2.32649666886727;2.35929566320963;0.847222978898857
2016;8;3;22;2.85790265699152;3.94027238121123;99.5180486568608;6.63387298614979;2.59462816989422;2.75441108831943;0.7059179111412
2016;8;3;23;3.41460819888023;5.00109073091966;98.0459175140079;7.19331747937202;2.7156950234731;3.3784836589303;1.03469859699433
2016;8;4;0;4.11023282506471;5.48567642209731;96.8772708452309;7.32309747347832;2.72492501467069;3.1382123840785;0.897059709989361
2016;8;4;1;3.45200979010667;4.91871441763662;99.0076664058308;6.36983250589371;2.28065434257587;3.07194401279906;0.956579848603479
2016;8;4;2;3.54853467216816;4.5615484527326;95.7390801290087;6.83935800383091;2.54263249413172;3.03794539838416;0.66068419684302
2016;8;4;3;2.82807642033206;4.27400012681758;93.9832634081991;6.6281564658165;2.53709449941317;2.65723583375126;0.943026601457865
2016;8;4;4;2.60434873373181;4.23834437687137;92.7841700945417;6.37693951385021;2.49171369102001;2.63195629267345;1.06568648901414
2016;8;4;5;5.10964417433372;6.8776850329248;75.3633986764259;7.36280396139622;3.71991897535324;3.98002663371852;1.1531103298447
2016;8;4;6;7.35157263136955;9.26927334974185;61.6191406942368;8.5030139717102;4.23264550352097;5.32681166544467;1.25071798944051
2016;8;4;7;6.45981172422863;8.56433524620262;52.1583449705397;8.17439247937202;3.25764984242916;6.19039153371872;1.37256319660124
2016;8;4;8;4.55846576381503;6.03878627390938;71.4164905917765;6.54658046994209;2.36956999046405;3.89374851232651;0.965460081635802
2016;8;4;9;3.70082081476727;5.27052857480896;69.1276094794147;6.37029606070519;2.36233983436028;2.60149960511049;1.02375814684728
2016;8;4;10;2.44178619958646;4.06965187438076;73.838118604152;5.84499601650238;1.84099869175355;2.50032952551465;1.06168854417808
2016;8;4;11;2.3354093413238;3.6735381859053;87.1037687901774;6.34078651149273;2.08682435504596;2.77337050022756;0.872723153343685
2016;8;4;12;2.41597637712127;4.02618407611751;90.0878761072893;6.54905248968601;2.43187252273957;7.51172868523871;1.05017207146878
2016;8;4;13;3.31248733819205;4.91652053636824;108.611215160063;8.63928300383091;4.17280434624354;14.0492921856104;1.04614508270173
2016;8;4;14;4.1863573794131;6.19644328942686;118.107401449896;6.15646800677776;2.15912600410779;9.20892677960507;1.31097130218993
2016;8;4;15;2.87922701341988;4.0287038416913;99.7927956230874;4.32765148644447;0.96337950381438;6.78437804160608;0.74968493977744
2016;8;4;16;2.42963318900148;3.94019248732351;111.476621061878;4.30185001473427;0.983070166373253;6.91615425142924;0.985181718100196
2016;8;4;17;2.47558599549885;3.75262124350482;122.280290580116;5.13321450648308;1.35165483729442;6.90661001774734;0.832878114154523
2016;8;4;18;3.2352332701775;4.5170242894282;120.453387349937;6.70247096124888;2.56370766637325;5.94315668611784;0.83597981224143
2016;8;4;19;4.00286212244989;5.43556217269313;116.749169026904;13.6715024823189;7.71573986003399;6.73093830691319;0.934402177119934
2016;8;4;20;3.47901730852467;5.04576255932812;115.705937823163;9.1149884516716;4.32094584066868;5.92667050139874;1.02182600823844
2016;8;4;21;3.11642193328558;4.64076666509035;103.529209485082;6.93839251620769;2.82383983069261;5.83511735529426;0.994172531673931
2016;8;4;22;2.75158443769429;4.09049829132504;107.893797612403;7.31722653801441;3.29272383098602;9.63524854427901;0.87323513361796
2016;8;4;23;2.94616492394681;4.20770140509665;105.932042992089;10.9085789613962;6.01095882805189;10.866257129642;0.822769870289666
2016;8;5;0;3.14965376243487;4.57240495870958;104.076606570748;-999;-999;13.2898620213702;0.927913567863268
2016;8;5;1;4.43621416432513;5.99831956510063;100.730945451807;-999;-999;14.983303733644;1.01879991358109
2016;8;5;2;4.17291633066351;5.52242132753183;98.0961970490939;-999;-999;15.880706179481;0.880142641785981
2016;8;5;3;3.22988280586943;4.19976505873656;100.887309662629;-999;-999;-999;0.632553958852153
2016;8;5;4;2.94576403271555;4.61497180734892;95.0878541891285;-999;-999;-999;1.08865172330952
2016;8;5;5;2.40769491460834;4.04753450965221;99.0182236146303;-999;-999;-999;1.06949789488478
2016;8;5;6;-999;-999;92.9336174299874;-999;-999;-999;-999
2016;8;5;7;-999;-999;84.5426454141353;-999;-999;-999;-999
2016;8;5;8;-999;-999;78.2058948183008;-999;-999;-999;-999
2016;8;5;9;-999;-999;77.2415086039044;-999;-999;-999;-999
2016;8;5;10;-999;-999;76.2402798976987;-999;-999;-999;-999
2016;8;5;11;-999;-999;85.2767131621852;-999;-999;-999;-999
2016;8;5;12;-999;-999;86.4172564247869;-999;-999;-999;-999
2016;8;5;13;-999;-999;95.076102141992;-999;-999;-999;-999
2016;8;5;14;-999;-999;87.062361996183;-999;-999;-999;-999
2016;8;5;15;-999;-999;81.3921961624621;-999;-999;-999;-999
2016;8;5;16;-999;-999;79.7229008195099;-999;-999;-999;-999
2016;8;5;17;-999;-999;81.1079603645987;-999;-999;-999;-999
2016;8;5;18;-999;-999;84.7282185228513;-999;-999;-999;-999
2016;8;5;19;-999;-999;96.1835742480589;-999;-999;-999;-999
2016;8;5;20;-999;-999;-999;-999;-999;-999;-999
2016;8;5;21;-999;-999;-999;-999;-999;-999;-999
2016;8;5;22;-999;-999;-999;-999;-999;-999;-999
2016;8;5;23;-999;-999;-999;-999;-999;-999;-999
2016;8;6;0;-999;-999;-999;-999;-999;-999;-999
2016;8;6;1;-999;-999;-999;-999;-999;-999;-999
2016;8;6;2;-999;-999;-999;-999;-999;-999;-999
2016;8;6;3;-999;-999;-999;-999;-999;-999;-999
2016;8;6;4;-999;-999;-999;-999;-999;-999;-999
2016;8;6;5;-999;-999;-999;-999;-999;-999;-999
2016;8;6;6;-999;-999;-999;-999;-999;-999;-999
2016;8;6;7;-999;-999;-999;-999;-999;-999;-999
2016;8;6;8;-999;-999;-999;-999;-999;-999;-999
2016;8;6;9;-999;-999;-999;-999;-999;-999;-999
2016;8;6;10;-999;-999;-999;-999;-999;-999;-999
2016;8;6;11;-999;-999;-999;-999;-999;-999;-999
2016;8;6;12;-999;-999;-999;-999;-999;-999;-999
2016;8;6;13;-999;-999;-999;-999;-999;-999;-999
2016;8;6;14;-999;-999;-999;-999;-999;-999;-999
2016;8;6;15;-999;-999;-999;-999;-999;-999;-999
2016;8;6;16;-999;-999;-999;-999;-999;-999;-999
2016;8;6;17;-999;-999;-999;-999;-999;-999;-999
2016;8;6;18;-999;-999;-999;-999;-999;-999;-999
2016;8;6;19;-999;-999;-999;-999;-999;-999;-999
2016;8;6;20;-999;-999;-999;-999;-999;-999;-999
2016;8;6;21;-999;-999;-999;-999;-999;-999;-999
2016;8;6;22;-999;-999;-999;-999;-999;-999;-999
2016;8;6;23;-999;-999;-999;-999;-999;-999;-999
2016;8;7;0;-999;-999;-999;-999;-999;-999;-999
2016;8;7;1;-999;-999;-999;-999;-999;-999;-999
2016;8;7;2;-999;-999;-999;-999;-999;-999;-999
2016;8;7;3;-999;-999;-999;-999;-999;-999;-999
2016;8;7;4;-999;-999;-999;-999;-999;-999;-999
2016;8;7;5;-999;-999;-999;-999;-999;-999;-999
2016;8;7;6;-999;-999;-999;-999;-999;-999;-999
2016;8;7;7;-999;-999;-999;-999;-999;-999;-999
2016;8;7;8;-999;-999;-999;-999;-999;-999;-999
2016;8;7;9;-999;-999;-999;-999;-999;-999;-999
2016;8;7;10;-999;-999;-999;-999;-999;-999;-999
2016;8;7;11;-999;-999;-999;-999;-999;-999;-999
2016;8;7;12;-999;-999;-999;-999;-999;-999;-999
2016;8;7;13;-999;-999;-999;-999;-999;-999;-999
2016;8;7;14;-999;-999;-999;-999;-999;-999;-999
2016;8;7;15;-999;-999;-999;-999;-999;-999;-999
2016;8;7;16;-999;-999;-999;-999;-999;-999;-999
2016;8;7;17;-999;-999;-999;-999;-999;-999;-999
2016;8;7;18;-999;-999;-999;-999;-999;-999;-999
2016;8;7;19;-999;-999;-999;-999;-999;-999;-999
2016;8;7;20;-999;-999;-999;-999;-999;-999;-999
2016;8;7;21;-999;-999;-999;-999;-999;-999;-999
2016;8;7;22;-999;-999;-999;-999;-999;-999;-999
2016;8;7;23;-999;-999;-999;-999;-999;-999;-999
2016;8;8;0;-999;-999;-999;-999;-999;-999;-999
2016;8;8;1;-999;-999;-999;-999;-999;-999;-999
2016;8;8;2;-999;-999;-999;-999;-999;-999;-999
2016;8;8;3;-999;-999;-999;-999;-999;-999;-999
2016;8;8;4;-999;-999;-999;-999;-999;-999;-999
2016;8;8;5;-999;-999;-999;-999;-999;-999;-999
2016;8;8;6;-999;-999;-999;-999;-999;-999;-999
2016;8;8;7;-999;-999;-999;-999;-999;-999;-999
2016;8;8;8;4.60765158460846;6.80529764825871;52.4941565779551;-999;-999;-999;1.43329740657524
2016;8;8;9;3.72491982823501;5.67716756036543;64.2007399735828;-999;-999;2.45927362738479;1.27324943617502
2016;8;8;10;3.63916264022459;5.07120103995416;72.1143811533285;-999;-999;2.65659333799487;0.933970650869654
2016;8;8;11;3.42086772122916;5.02084022032122;83.5162199036115;-999;-999;2.87705323046142;1.04349670835136
2016;8;8;12;3.51737236072905;5.06635119837179;94.5414450786253;-999;-999;2.78059716588079;1.0102388130442
2016;8;8;13;2.74361179086842;4.32420361290869;95.103898301022;-999;-999;2.28078423554897;1.03085669565074
2016;8;8;14;2.50936969047131;3.46044952461255;94.4970379956924;-999;-999;1.99966685576349;0.620291084296092
2016;8;8;15;2.41824552057911;4.00616282083037;100.824039343755;-999;-999;2.25461558559207;1.03563434801952
2016;8;8;16;2.52190046398156;3.93438027994775;100.67613352381;-999;-999;2.27296131890918;0.921214608007236
2016;8;8;17;2.94263739697978;4.32208549245817;92.9755673529518;-999;-999;2.41266799048928;0.899671430471523
2016;8;8;18;3.2684454228522;4.77787890384496;95.9351370799662;-999;-999;2.46026496224613;0.984447463806473
2016;8;8;19;2.75533400181742;4.00688454408053;104.447268437726;-999;-999;2.11932810280799;0.816257074373486
2016;8;8;20;2.73851187771008;4.21092518678214;112.079267141847;-999;-999;1.97440059238018;0.960303031596683
2016;8;8;21;3.14325742897468;4.11950800288538;108.601173649641;-999;-999;2.26472406726529;0.636707356520217
2016;8;8;22;3.30854632218093;4.98034552361072;104.478925300726;-999;-999;2.29442184654143;1.09034184319192
2016;8;8;23;3.3128900056804;4.9082486858146;99.3565495294255;-999;-999;2.4070688185568;1.04048759107079
2016;8;9;0;3.05137154244186;4.33325907512939;97.5176057173365;-999;-999;2.17395074376371;0.836042757981877
2016;8;9;1;3.03641936102831;4.08603202484888;96.406414891867;-999;-999;2.25996727168063;0.684553865995943
2016;8;9;2;3.80305220823497;4.93580626687697;91.7924300516143;-999;-999;2.37261705392197;0.738778405400931
2016;8;9;3;5.93248986054508;7.15400660353896;79.1063001489439;-999;-999;2.9153080003891;0.796669131021637
2016;8;9;4;8.0910162128064;9.95842692924708;66.8232693459154;-999;-999;4.52110682867155;1.21791901851545
2016;8;9;5;7.88227381465992;9.89934440949596;65.1098324753045;-999;-999;4.7774178287309;1.31552669025133
2016;8;9;6;8.57497994479812;10.2120608993065;60.0828241789383;-999;-999;4.79578976396073;1.06769871876148
2016;8;9;7;7.27820731447803;9.9059540793805;57.7098022470905;-999;-999;4.60721038815175;1.71380764426432
2016;8;9;8;5.87419360341616;8.49108148871869;50.967193940121;-999;-999;3.43233498278627;1.70672551933696
2016;8;9;9;5.06393061387225;6.89451901814431;57.6664813927463;-999;-999;3.30438450592826;1.19390362977367
2016;8;9;10;3.49257942853564;5.20395939301149;69.6995704467873;-999;-999;2.82461163869584;1.11615628436265
2016;8;9;11;2.53334630069204;4.40375491601433;85.5505856686551;-999;-999;2.59802333547655;1.21987423813122
2016;8;9;12;2.66511592974685;4.06403298949547;89.5607605625511;-999;-999;2.56485444510039;0.912369023800488
2016;8;9;13;2.27113135912909;3.93681826749045;87.7630625290605;-999;-999;2.52513565471434;1.08635542611225
2016;8;9;14;2.47972314795673;3.77666300063554;102.76110569441;-999;-999;2.79149412127557;0.845859830695861
2016;8;9;15;2.63935522930946;4.15871930839051;99.0937969664742;-999;-999;2.70243667764081;0.990924166639162
2016;8;9;16;2.80523612510289;4.160405266385;102.991006496891;-999;-999;2.56403780284474;0.88383677781318
2016;8;9;17;2.27599749228242;3.85234169806252;105.795994651536;-999;-999;2.39725433374333;1.02808641454382
2016;8;9;18;2.52401629099331;3.51925394752678;99.1011645752845;-999;-999;2.31867055049953;0.64909066825169
2016;8;9;19;3.9637492699082;5.13019505546569;87.3734081069636;-999;-999;2.09511813800919;0.760752036919556
2016;8;9;20;4.64424490053397;6.1330487666889;84.9365818244503;-999;-999;2.57326429328484;0.97099289806234
2016;8;9;21;3.46489017905768;4.89286821292064;82.3921956371703;-999;-999;2.604280992822;0.931322493842633
2016;8;9;22;4.15653579524347;5.21920199309164;81.0051435468324;-999;-999;3.78939384971902;0.69306733719491
2016;8;9;23;1.98403574716085;3.08456079197811;80.9359544348437;-999;-999;2.45977341031624;0.717758750463972
2016;8;10;0;5.28952468502169;6.68430142514154;72.6741658822268;-999;-999;3.44622338885265;0.909668721197416
2016;8;10;1;4.49363881474807;6.33537868041672;70.0163719565272;-999;-999;4.62744953502462;1.20117657556946
2016;8;10;2;3.7446136136521;5.44791592010702;67.6148189706817;-999;-999;5.61458227592882;1.11088806283958
2016;8;10;3;2.99324079737605;4.28205902624376;67.1015825175856;-999;-999;2.70087493759543;0.840562934831605
2016;8;10;4;3.03829309671081;4.38588670707277;65.0731894514644;-999;-999;2.43363851462442;0.878896041904477
2016;8;10;5;4.87430378331114;6.32159034171338;62.3473668050396;-999;-999;2.99828974676613;0.943915448916105
2016;8;10;6;2.64450182143746;4.00441760043994;62.6075391436242;-999;-999;2.49174365697836;0.886932519046076
2016;8;10;7;4.14611006630309;5.65412426224622;52.3509064818395;-999;-999;2.39437305003442;0.983521810847846
2016;8;10;8;3.18263026488275;4.71445011747431;54.2371471618122;-999;-999;2.0026655313399;0.999047780429747
2016;8;10;9;2.91079495275984;4.21377515987501;58.1648673734122;-999;-999;2.03848449440156;0.849799329640494
2016;8;10;10;2.70591696994808;4.29940134290988;62.6577118335057;-999;-999;2.05727203996589;1.03926517420678
2016;8;10;11;2.69454625772994;4.13289219929887;59.9224232207835;-999;-999;1.97212308905862;0.938084408544168
2016;8;10;12;2.1235847380798;3.74750429993991;59.3148250012316;-999;-999;1.94549170583584;1.05911490253115
2016;8;10;13;3.01156826820798;4.46442242035891;61.1937554936803;-999;-999;1.8371935697042;0.947546614922706
2016;8;10;14;1.9324504819352;3.27763481668548;65.5243532780797;-999;-999;1.7018166321953;0.877324720415059
2016;8;10;15;3.24736765964647;4.66039100255713;57.1726308826331;-999;-999;1.9918106079598;0.921569094461086
2016;8;10;16;3.09036308019291;4.33169646641306;58.7532022171429;-999;-999;1.83328565065722;0.809593479401949
2016;8;10;17;3.01503340369515;4.81138339695884;58.3327877885675;-999;-999;1.81931779240013;1.17157345271957
2016;8;10;18;2.36507072074514;3.69773649921415;60.0047855964288;-999;-999;1.89531798892101;0.869160159911535
2016;8;10;19;4.68358124842222;7.03720529337354;57.9692584851933;-999;-999;1.80928721438003;1.53502572387777
2016;8;10;20;2.63488608269805;4.04701708083838;43.5096063166839;-999;-999;1.97438579697116;0.920987110188803
2016;8;10;21;3.24051971627674;4.09590308685679;46.6033238618176;-999;-999;1.81497943655247;0.557878171084373
2016;8;10;22;2.55710890001389;4.17424707631956;34.9095408893203;-999;-999;1.97789709648835;1.05469210557175
2016;8;10;23;2.57053124022097;3.8848162434557;34.2892275446324;-999;-999;1.92374759229659;0.857172279829343
2016;8;11;0;2.72732238004771;4.06072865184391;40.0141184203227;-999;-999;1.90322793029338;0.869643107180893
2016;8;11;1;3.00119885450374;4.1685364219116;33.1713161724802;-999;-999;1.58264861354381;0.761333654057322
2016;8;11;2;3.0836709481079;4.785413778493;26.4236272002948;-999;-999;1.82637248551697;1.10987097776685
2016;8;11;3;2.95876587725463;4.25522333702023;31.1412280078095;-999;-999;1.8477818820634;0.845545215652563
2016;8;11;4;3.52098125599578;5.02986954455184;27.9198657252049;-999;-999;1.73510018669734;0.984091891124166
2016;8;11;5;4.0647747167556;5.16587926807115;25.0733298635343;-999;-999;1.67570466649109;0.718136702662386
2016;8;11;6;5.76974177555203;7.46240126932362;22.9294753374833;-999;-999;1.92817376263016;1.10394685603199
2016;8;11;7;5.18763793095462;7.39377902640326;18.4222808717784;-999;-999;1.8962963741782;1.4388378378789
2016;8;11;8;4.78954580532061;7.41797886348308;15.615016543134;-999;-999;1.92338544545096;1.71425524243128
2016;8;11;9;4.5491265395384;7.08831506567231;15.9815791784365;-999;-999;1.9941558012172;1.65605025736872
2016;8;11;10;5.46574511246375;9.10771275483939;23.1216793754292;-999;-999;3.20149012023857;2.37527910567072
2016;8;11;11;5.68335870107574;8.72673138654311;31.486968504296;-999;-999;2.79527815969439;1.98487747844028
2016;8;11;12;4.22624504220506;6.66352772674351;39.1765861269814;-999;-999;2.51617178242296;1.58958760858758
2016;8;11;13;3.5932051313381;5.64987361739908;46.4668380666913;-999;-999;2.68697981181973;1.34135230236299
2016;8;11;14;2.94028328862067;4.84181335259584;51.1437679421917;-999;-999;1.96231243914323;1.24017154277042
2016;8;11;15;2.79732195460105;4.12118072296813;61.885912176246;-999;-999;2.01692432076185;0.863416257402592
2016;8;11;16;2.36166439405938;3.76803996745406;70.1545225528922;-999;-999;1.94048848187858;0.917233441434713
2016;8;11;17;2.46524674909671;4.0000462391054;69.0407482475283;-999;-999;2.10518217805201;1.00099108997952
2016;8;11;18;2.26628975236669;3.88672898520372;71.3384785828392;-999;-999;1.89420098861142;1.05684504359193
2016;8;11;19;2.47513040784539;3.7477462388544;70.1056426818825;-999;-999;1.80989913794227;0.829995785182129
2016;8;11;20;3.54554848090743;5.04902042794041;61.8630428054384;-999;-999;1.89378065022146;0.980559371312827
2016;8;11;21;3.55616504398514;4.93728937675025;59.991169845002;-999;-999;1.82913512578425;0.900764666819086
2016;8;11;22;4.36391746667123;5.88564518352481;56.3613004030202;-999;-999;1.96019780177032;0.992465723282645
2016;8;11;23;7.27772306512719;8.92600094782739;45.8128638527187;-999;-999;2.21576640659356;1.07500131784893
2016;8;12;0;5.62648159789249;7.42722997024783;44.1568447736791;-999;-999;2.06855563790172;1.17444206084054
2016;8;12;1;5.15893426576264;6.78799268328888;38.5704102209595;-999;-999;1.95367069057785;1.06246644699541
2016;8;12;2;5.38015093502925;6.83627021627729;36.5161237843582;-999;-999;1.83310400612982;0.949676121190536
2016;8;12;3;5.30729421433666;6.82656810448965;30.738669414803;-999;-999;1.89208898821789;0.990865345722167
2016;8;12;4;5.3553945341853;6.3663262533465;28.973720478621;-999;-999;1.80297473972704;0.659326283365078
2016;8;12;5;4.89001865097892;6.70767542253893;27.1036329715966;-999;-999;1.9213760802093;1.18546966220467
2016;8;12;6;4.65966306233297;6.4948796074943;26.8664522022443;-999;-999;1.84624081278912;1.19692208776997
2016;8;12;7;4.02196379272681;6.55741337024691;25.5137901607996;-999;-999;1.98911009088427;1.6536117275981
2016;8;12;8;3.64242492438494;6.06864320071271;29.2754864222189;-999;-999;1.93800285006866;1.58237143858825
2016;8;12;9;3.65363844118291;6.19422745683394;33.3180287922783;-999;-999;1.92621516661622;1.65696365194395
2016;8;12;10;3.62324642095022;5.68453649743609;45.2329574434917;-999;-999;1.78423178729252;1.34436648816834
2016;8;12;11;2.49488632037553;4.48379573342415;65.7750019595094;-999;-999;2.00487403201861;1.29716006175294
2016;8;12;12;2.26231349069406;3.66230903279654;74.6688527067823;-999;-999;2.04289392806458;0.91307240638169
2016;8;12;13;2.44508938327532;3.99193418320631;73.6528254739129;-999;-999;2.09620629792511;1.00884700079181
2016;8;12;14;2.8057151212097;4.33201990904328;76.3338474060396;-999;-999;2.11412978032856;0.995450873655063
2016;8;12;15;2.59432717712032;3.96361977162517;81.8048167024573;-999;-999;2.07700151272583;0.893048046729886
2016;8;12;16;2.63762534593285;3.88894243425117;81.639608326857;-999;-999;1.52037329196878;0.816104816492123
2016;8;12;17;2.38989132484828;3.55602369153033;76.9466164881552;-999;-999;1.96691587537637;0.760547626178097
2016;8;12;18;2.49410301647379;3.4610636114195;81.0447598166441;-999;-999;2.19325400612288;0.630648463335406
2016;8;12;19;2.92344903737092;4.19153177160827;78.9013089969418;-999;-999;1.95251430528604;0.827039314641198
2016;8;12;20;2.61477403836316;3.55283408868771;81.2609430825457;-999;-999;2.02898706009185;0.611799624871711
2016;8;12;21;3.1732470540451;4.40118668042243;76.5706594100703;-999;-999;1.66458729991984;0.80085811406513
2016;8;12;22;3.62273893839684;4.77361347974453;85.4457088865565;-999;-999;-999;0.750596523567239
2016;8;12;23;4.34275387788365;5.9508972056448;86.5121424848921;-999;-999;-999;1.04882569545928
2016;8;13;0;4.71805618584389;6.22383867780801;82.438207921726;-999;-999;-999;0.982066300982871
2016;8;13;1;3.53727907759358;5.28741726377102;77.6789438904492;-999;-999;-999;1.14143426682179
2016;8;13;2;-999;-999;63.6612187955577;-999;-999;-999;-999
2016;8;13;3;-999;-999;59.0565128791113;-999;-999;-999;-999
2016;8;13;4;-999;-999;54.7967085118819;-999;-999;-999;-999
2016;8;13;5;-999;-999;41.1948768165085;-999;-999;-999;-999
2016;8;13;6;-999;-999;40.8992221286466;-999;-999;-999;-999
2016;8;13;7;-999;-999;41.5245529383799;-999;-999;-999;-999
2016;8;13;8;-999;-999;38.4773179951055;-999;-999;-999;-999
2016;8;13;9;-999;-999;40.3788583246766;-999;-999;-999;-999
2016;8;13;10;-999;-999;59.0922792654667;-999;-999;-999;-999
2016;8;13;11;-999;-999;65.9997061593475;-999;-999;-999;-999
2016;8;13;12;-999;-999;64.8002943018652;-999;-999;-999;-999
2016;8;13;13;-999;-999;64.2974171652532;-999;-999;-999;-999
2016;8;13;14;-999;-999;67.0923465839854;-999;-999;-999;-999
2016;8;13;15;-999;-999;-999;-999;-999;-999;-999
2016;8;13;16;-999;-999;-999;-999;-999;-999;-999
2016;8;13;17;-999;-999;-999;-999;-999;-999;-999
2016;8;13;18;-999;-999;-999;-999;-999;-999;-999
2016;8;13;19;-999;-999;-999;-999;-999;-999;-999
2016;8;13;20;-999;-999;-999;-999;-999;-999;-999
2016;8;13;21;-999;-999;-999;-999;-999;-999;-999
2016;8;13;22;-999;-999;-999;-999;-999;-999;-999
2016;8;13;23;-999;-999;-999;-999;-999;-999;-999
2016;8;14;0;-999;-999;-999;-999;-999;-999;-999
2016;8;14;1;-999;-999;-999;-999;-999;-999;-999
2016;8;14;2;-999;-999;-999;-999;-999;-999;-999
2016;8;14;3;-999;-999;-999;-999;-999;-999;-999
2016;8;14;4;-999;-999;-999;-999;-999;-999;-999
2016;8;14;5;-999;-999;-999;-999;-999;-999;-999
2016;8;14;6;-999;-999;-999;-999;-999;-999;-999
2016;8;14;7;-999;-999;-999;-999;-999;-999;-999
2016;8;14;8;-999;-999;-999;-999;-999;-999;-999
2016;8;14;9;-999;-999;-999;-999;-999;-999;-999
2016;8;14;10;-999;-999;-999;-999;-999;-999;-999
2016;8;14;11;-999;-999;-999;-999;-999;-999;-999
2016;8;14;12;-999;-999;-999;-999;-999;-999;-999
2016;8;14;13;-999;-999;-999;-999;-999;-999;-999
2016;8;14;14;-999;-999;-999;-999;-999;-999;-999
2016;8;14;15;-999;-999;-999;-999;-999;-999;-999
2016;8;14;16;-999;-999;-999;-999;-999;-999;-999
2016;8;14;17;-999;-999;-999;-999;-999;-999;-999
2016;8;14;18;-999;-999;-999;-999;-999;-999;-999
2016;8;14;19;-999;-999;-999;-999;-999;-999;-999
2016;8;14;20;-999;-999;-999;-999;-999;-999;-999
2016;8;14;21;-999;-999;-999;-999;-999;-999;-999
2016;8;14;22;-999;-999;-999;-999;-999;-999;-999
2016;8;14;23;-999;-999;-999;-999;-999;-999;-999
2016;8;15;0;-999;-999;-999;-999;-999;-999;-999
2016;8;15;1;-999;-999;-999;-999;-999;-999;-999
2016;8;15;2;-999;-999;-999;-999;-999;-999;-999
2016;8;15;3;-999;-999;-999;-999;-999;-999;-999
2016;8;15;4;-999;-999;-999;-999;-999;-999;-999
2016;8;15;5;-999;-999;-999;-999;-999;-999;-999
2016;8;15;6;-999;-999;-999;-999;-999;-999;-999
2016;8;15;7;-999;-999;-999;-999;-999;-999;-999
2016;8;15;8;-999;-999;-999;-999;-999;-999;-999
2016;8;15;9;-999;-999;-999;-999;-999;-999;-999
2016;8;15;10;-999;-999;-999;-999;-999;-999;-999
2016;8;15;11;-999;-999;-999;-999;-999;-999;-999
2016;8;15;12;-999;-999;-999;-999;-999;-999;-999
2016;8;15;13;-999;-999;-999;-999;-999;-999;-999
2016;8;15;14;-999;-999;-999;-999;-999;-999;-999
2016;8;15;15;-999;-999;-999;-999;-999;-999;-999
2016;8;15;16;-999;-999;-999;-999;-999;-999;-999
2016;8;15;17;-999;-999;-999;-999;-999;-999;-999
2016;8;15;18;-999;-999;-999;-999;-999;-999;-999
2016;8;15;19;-999;-999;-999;-999;-999;-999;-999
2016;8;15;20;-999;-999;-999;-999;-999;-999;-999
2016;8;15;21;-999;-999;-999;-999;-999;-999;-999
2016;8;15;22;-999;-999;-999;-999;-999;-999;-999
2016;8;15;23;-999;-999;-999;-999;-999;-999;-999
2016;8;16;0;-999;-999;-999;-999;-999;-999;-999
2016;8;16;1;-999;-999;-999;-999;-999;-999;-999
2016;8;16;2;-999;-999;-999;-999;-999;-999;-999
2016;8;16;3;-999;-999;-999;-999;-999;-999;-999
2016;8;16;4;-999;-999;-999;-999;-999;-999;-999
2016;8;16;5;-999;-999;-999;-999;-999;-999;-999
2016;8;16;6;-999;-999;-999;-999;-999;-999;-999
2016;8;16;7;-999;-999;-999;-999;-999;-999;-999
2016;8;16;8;-999;-999;-999;-999;-999;-999;-999
2016;8;16;9;-999;-999;-999;-999;-999;-999;-999
2016;8;16;10;3.24578941501526;6.11475284673072;32.4565673423258;-999;-999;1.79400118968895;1.87112834693995
2016;8;16;11;1.63796770062589;3.84483849224655;48.7600040906781;-999;-999;2.28822590641762;1.4393137432798
2016;8;16;12;0.996163784943279;2.38021299865332;56.7291199946587;-999;-999;2.27861692744219;0.902672264380974
2016;8;16;13;0.982538294897425;1.78204576621822;59.7689203685839;-999;-999;2.8833972066747;0.521436096619786
2016;8;16;14;1.08541780208656;2.24850608122708;61.2730129461781;-999;-999;3.14229089801931;0.758562282472919
2016;8;16;15;0.962385178336032;2.0605878036238;77.9329712614868;-999;-999;5.89639846940164;0.716244076220632
2016;8;16;16;0.940406682133441;2.00994968570769;82.0990102108642;-999;-999;6.88429855650468;0.697552366870861
2016;8;16;17;1.49661251671577;2.65491819719624;93.0250871233952;-999;-999;8.35456841833269;0.755443087635537
2016;8;16;18;2.16815215861872;3.34745285470524;106.887289413625;-999;-999;11.6681072459572;0.769135966537594
2016;8;16;19;2.27532872619266;3.41222889676556;98.7248832788223;-999;-999;9.11386693325284;0.741482485724061
2016;8;16;20;2.41098967600217;2.87840430452649;99.0919264581527;-999;-999;10.7774909911785;0.304846256155767
2016;8;16;21;1.64272373192826;2.79225836510789;93.4939441604437;-999;-999;10.6909888348877;0.749722639945088
2016;8;16;22;1.45377031395323;2.27047161752414;88.1622976148522;-999;-999;11.7528953564358;0.532649856460738
2016;8;16;23;1.54663861810683;2.38089972133886;79.0795577088966;-999;-999;9.9337122086946;0.544102299022145
2016;8;17;0;1.28589997789636;2.31916328426297;79.3569257027901;-999;-999;11.0249339570745;0.673890869790352
2016;8;17;1;1.6699932391127;2.83480341478535;73.7101175914776;-999;-999;9.20789612931886;0.759685297627505
2016;8;17;2;1.75162468466438;3.1941349893909;71.0842764221297;-999;-999;8.59132215145689;0.940800392256256
2016;8;17;3;1.78597052704918;2.73606562141679;66.6687184393296;-999;-999;7.20895141756923;0.61964884031193
2016;8;17;4;1.84672322874985;3.18101048244914;65.2182121081154;-999;-999;6.76947492651054;0.870217680629189
2016;8;17;5;1.52631121240987;2.86878946353657;50.767604197708;-999;-999;4.76077491287183;0.875559821733787
2016;8;17;6;1.76159053043503;3.02044553161795;36.6004874927591;-999;-999;3.97794504264438;0.821021018030915
2016;8;17;7;1.84571878124687;3.08903047193041;34.6553337728886;-999;-999;4.00858864236272;0.810883722951028
2016;8;17;8;3.28792804365859;4.76584339843621;33.0228444901054;-999;-999;3.78206086690573;0.963891447388961
2016;8;17;9;3.97871696314975;5.44577342157472;45.3242444340018;-999;-999;3.03506451570677;0.95680931153553
2016;8;17;10;3.39509581605433;4.95091494952411;53.002106801622;-999;-999;2.98740960805416;1.0147000310862
2016;8;17;11;4.18485333331205;5.87659142369366;61.2321723575299;-999;-999;3.02503984610823;1.10334591982525
2016;8;17;12;1.91115618568091;3.23727015259647;72.1056141366754;-999;-999;2.33225353367617;0.864887090347123
2016;8;17;13;2.11838686194584;3.57792146010331;74.0398444520169;-999;-999;2.42673979876937;0.951903579446843
2016;8;17;14;1.92413095518302;3.22477959621447;77.4205215814951;-999;-999;2.45561991879749;0.848278690045089
2016;8;17;15;1.9407646872797;2.87797526167788;67.3840496868812;-999;-999;2.2833015748472;0.611245599515964
2016;8;17;16;1.81647053698893;2.91770647779215;69.3271602337044;-999;-999;2.36641810303169;0.718222394446452
2016;8;17;17;1.74988920220741;2.99453915604231;64.0426655693214;-999;-999;2.36205606231221;0.811756533698806
2016;8;17;18;2.14845648933472;3.03966174715763;59.2174551345887;-999;-999;2.44123836891985;0.58124108603827
2016;8;17;19;4.81244007113448;7.2689308644946;65.3936671436185;-999;-999;2.34764615405586;1.60211507286614
2016;8;17;20;2.07636134275301;2.87495820318547;75.1401856301605;-999;-999;2.22824575992447;0.520842199246484
2016;8;17;21;2.46219378096301;3.52131465628856;58.180904968845;-999;-999;2.29561866663635;0.690755089712846
2016;8;17;22;2.19953086614107;3.43579343304639;57.5661354323073;-999;-999;2.22258164584422;0.806286308018275
2016;8;17;23;2.29963806630767;3.65120822372157;58.9796602569194;-999;-999;2.12548459837057;0.881489532581137
2016;8;18;0;2.81609126652353;3.80859544677137;48.1832546716882;-999;-999;2.00870256370776;0.647307904167916
2016;8;18;1;3.72530866184191;5.10981234685394;45.1632679801652;-999;-999;1.99252697504632;0.902968669042892
2016;8;18;2;3.34818511769066;4.84893329093193;43.1153402008644;-999;-999;1.92473346041054;0.978782935163106
2016;8;18;3;3.22184413584358;4.54777940900936;36.1740598437544;-999;-999;2.15702121907045;0.864770546881661
2016;8;18;4;4.5855398680162;6.14045751574564;24.8960046537754;-999;-999;2.41030934726571;1.01411208510387
2016;8;18;5;5.99167600653043;7.54510355455667;19.0754545811652;-999;-999;2.04111854666133;1.01314024706523
2016;8;18;6;5.92852750036681;7.29152747141313;16.0309773711876;-999;-999;2.01181934793198;0.888944018773411
2016;8;18;7;4.19478955385638;6.27113887685195;19.420197632664;-999;-999;2.34166758569945;1.35418807833445
2016;8;18;8;3.50552744214407;5.30338247117521;22.6516113603018;-999;-999;2.28831016009951;1.17255503200933
2016;8;18;9;2.58768257651265;4.583290659804;32.6427010391391;-999;-999;1.47158042510502;1.30152891206293
2016;8;18;10;2.10032297190253;3.58665199392709;44.2526354859346;-999;-999;1.2572310098458;0.969378813004515
2016;8;18;11;1.75767395996212;2.94645880168784;51.1487384121795;-999;-999;2.11423231163844;0.775321494577389
2016;8;18;12;1.36716312278692;2.46514197102937;65.7034491761957;-999;-999;2.18598777261787;0.716098129580717
2016;8;18;13;1.08297526138662;2.21850065983982;64.5834833643929;-999;-999;2.1702491120219;0.740585863949339
2016;8;18;14;0.943918182029575;2.10949510714841;68.3363068019324;-999;-999;2.1339493446204;0.760185369049787
2016;8;18;15;1.01282812661909;1.65194986234977;69.9781398428813;-999;-999;2.14008365225023;0.416833056723932
2016;8;18;16;0.877501905494993;2.13441122472411;73.1067063495487;-999;-999;1.973411316532;0.819752050773381
2016;8;18;17;1.04918418455767;2.35269657250279;79.9216777617952;-999;-999;2.15629127598841;0.850146416196425
2016;8;18;18;1.29364213387345;2.22465994040288;80.0770501640379;-999;-999;2.1248023301792;0.607206697040894
2016;8;18;19;1.40862683091229;2.24790175740627;84.6672820724515;-999;-999;2.17687480306364;0.547372297770915
2016;8;18;20;1.72583877930319;2.60859384322739;82.1604849636613;-999;-999;2.22107327355526;0.5757298978627
2016;8;18;21;2.22819461876089;3.29215119024141;79.6681599627252;-999;-999;2.17864630860336;0.693908914558686
2016;8;18;22;1.72921232839333;2.70392437529094;83.5210674364306;-999;-999;2.11390529173862;0.635703934352156
2016;8;18;23;2.05523425453455;2.94821742986316;84.8090617194354;-999;-999;2.27739754832235;0.5824006378843
2016;8;19;0;1.8708421416593;3.26135934252388;88.2422316216703;-999;-999;2.22943023872241;0.906890663953002
2016;8;19;1;2.16324073768501;3.34709112465401;79.2233521338374;-999;-999;2.32438394956015;0.772103259702062
2016;8;19;2;3.36857828284759;4.37542971104691;64.0431526531364;-999;-999;2.35721046646197;0.656665131257608
2016;8;19;3;3.48840223321412;4.89568508930481;53.3425117837523;-999;-999;2.05007623323961;0.917825168172116
2016;8;19;4;5.26523437032724;6.99955969789443;37.4653701344054;-999;-999;2.64994580906616;1.13112117336626
2016;8;19;5;4.31409760894678;5.62221390645571;32.5022063759621;-999;-999;2.44825490535921;0.853149070603364
2016;8;19;6;5.0608711823079;6.4574378581033;19.5256239751963;-999;-999;2.12404834037599;0.910836111253592
2016;8;19;7;5.48437699604304;8.08084603566913;13.8634366134694;-999;-999;2.12624619907265;1.69340841653438
2016;8;19;8;5.10326404312408;7.58300673381436;17.2789662797516;-999;-999;1.98799012395241;1.61727988247426
2016;8;19;9;4.83573065388253;6.87215482778611;21.1438312570679;-999;-999;2.04825704483802;1.32814902973732
2016;8;19;10;7.09256446515168;10.0287104397917;28.9370034869113;-999;-999;4.21912669480747;1.91494457655655
2016;8;19;11;4.50838768979268;6.8465632973183;49.1951422809997;-999;-999;2.82857409124365;1.52495030469897
2016;8;19;12;2.50247534955091;4.06467338847296;62.4518754484935;-999;-999;2.32232727932273;1.01886033187019
2016;8;19;13;1.88017272530058;2.85408149796165;72.2540791645327;-999;-999;2.25013980202891;0.635180041583866
2016;8;19;14;1.58370265086203;2.42089830542353;72.5231863757006;-999;-999;2.12938031933535;0.546016203576455
2016;8;19;15;1.64564005749213;2.42638198691229;72.1612456674798;-999;-999;2.48514185297938;0.509197273005723
2016;8;19;16;1.55450987597292;2.50989514058962;81.9314078610665;-999;-999;2.09745725421361;0.623099071640699
2016;8;19;17;1.37485877099474;2.58420987162979;82.8414009724672;-999;-999;2.22392966231823;0.788734739797024
2016;8;19;18;1.38468503552903;2.75400169403824;82.6289619008596;-999;-999;2.25544717717821;0.893063741192984
2016;8;19;19;1.71724480159029;3.13441370840319;79.6533713337083;-999;-999;2.17450329071536;0.924272817361759
2016;8;19;20;2.30499982021653;3.35623231052786;71.1814219327652;-999;-999;2.01128966163578;0.685610311411209
2016;8;19;21;2.06158352816292;2.8208931028676;74.762869333614;-999;-999;2.13601571628776;0.495219163000388
2016;8;19;22;2.20882570869091;3.77767097561523;67.4216308097228;-999;-999;2.10320515436636;1.02319563172313
2016;8;19;23;2.09209728964889;3.25596947247427;55.7410367858621;-999;-999;2.07214484141749;0.759073541832244
2016;8;20;0;2.22548739476833;3.17644688530455;60.2884540576091;-999;-999;1.95312347313304;0.620212596599723
2016;8;20;1;1.85468370450156;3.61111907343314;54.8151636839737;-999;-999;1.98639104208038;1.1455412683356
2016;8;20;2;1.61341657516265;2.99383721566931;43.8326113439022;-999;-999;1.83148086530764;0.900305721083576
2016;8;20;3;1.63433712084281;3.68666415134559;58.80285135083;-999;-999;2.05577314111208;1.33852081958
2016;8;20;4;1.47717570685936;2.62329170889784;52.446467416812;-999;-999;1.96015968785827;0.747493020157937
2016;8;20;5;1.32588846421237;2.3918164471433;44.6381425173105;-999;-999;1.70240232882335;0.695194662507776
2016;8;20;6;1.49298424444442;2.99525737482559;29.0140461532702;-999;-999;1.86564718604947;0.979777507105293
2016;8;20;7;1.69185448678118;3.47245232298017;29.3273400200483;-999;-999;1.91642183367966;1.16129994860886
2016;8;20;8;1.94376639663923;3.48396973201817;30.2466763931007;-999;-999;1.87923005866166;1.00451545984181
2016;8;20;9;1.27915025376059;2.79569066902402;35.6367123054925;-999;-999;2.02541294603779;0.989082582548898
2016;8;20;10;1.39390138208792;3.14473315910286;42.4471467385632;-999;-999;2.01885687485257;1.14188662444437
2016;8;20;11;1.36926722141784;3.50678953090042;53.6930363070187;-999;-999;2.15366496704308;1.39408489535815
2016;8;20;12;1.35874702807993;2.80929535667362;57.0561195658941;-999;-999;2.19262724616471;0.94604276451691
2016;8;20;13;1.27135466487619;2.59049886628099;68.7708507885043;-999;-999;2.01713410101259;0.860341432610769
2016;8;20;14;1.2107010349167;2.70511316224259;76.5995389691508;-999;-999;2.19089801343812;0.974650587225616
2016;8;20;15;1.38771330637336;2.70012979566851;90.7119263400328;-999;-999;2.21804411356382;0.855953641292393
2016;8;20;16;1.24830954579208;2.27036460042196;89.5171469980758;-999;-999;2.22199491692179;0.666580885524825
2016;8;20;17;0.998820496447813;2.31137972041447;95.591025933427;-999;-999;2.68375905923944;0.856046732367375
2016;8;20;18;1.49522093598838;2.78130657087593;102.089807869678;-999;-999;2.64832138344024;0.838780746184505
2016;8;20;19;1.9345878361342;2.89814583206031;105.744782628352;-999;-999;2.63126654623176;0.628429299644279
2016;8;20;20;2.34784948828517;3.32303370595999;102.92615056307;-999;-999;2.7376406258692;0.636011882552561
2016;8;20;21;3.19204123995687;4.52518497312885;94.5653422543482;-999;-999;2.52712389034589;0.869471880368964
2016;8;20;22;2.90311698165876;3.96026478934875;96.1528334770928;-999;-999;2.52976370117221;0.689468261605338
2016;8;20;23;2.61486006134838;3.77794666848172;96.978863749574;-999;-999;2.73112195458319;0.758561191995437
2016;8;21;0;1.98949634040018;3.20730565006402;97.1900064162689;-999;-999;3.3789464272912;0.794251155413602
2016;8;21;1;2.03794525175777;3.6677408260425;95.6623368193036;-999;-999;4.10075589595127;1.06294721816583
2016;8;21;2;1.97394884663812;3.30838630117963;96.0524741622279;-999;-999;4.59977918645778;0.870315641115719
2016;8;21;3;1.36808492202793;2.78722522912276;88.1975549801965;-999;-999;3.57554607744725;0.925558558026804
2016;8;21;4;1.13885321558849;2.50622418655965;88.1404445782129;-999;-999;3.79705891243449;0.891794770293427
2016;8;21;5;1.08492148964186;2.39146664135094;87.6641240908155;-999;-999;3.79752078059132;0.852124374571773
2016;8;21;6;1.36586367422361;2.62157637077696;86.9702524649689;-999;-999;3.52440106448773;0.818971617469681
2016;8;21;7;3.35290272481958;4.94502670811303;55.440910693297;-999;-999;2.71680071168798;1.03837793261869
2016;8;21;8;5.05168006584725;7.56482846421993;39.2307033302699;-999;-999;2.93568718213269;1.63906697320645
2016;8;21;9;3.68826799013177;5.7942572447806;32.6276878014481;-999;-999;2.89893311261656;1.37351914254555
2016;8;21;10;3.57882680470384;5.58401666639621;36.2998067699827;-999;-999;2.87356106621413;1.30777811586318
2016;8;21;11;8.50542633216087;10.9616391381707;41.8854700768697;-999;-999;4.72220377571062;1.60193377044679
2016;8;21;12;2.56788364220895;4.12507530635634;73.5560950529581;-999;-999;3.17827126894699;1.0155951909999
2016;8;21;13;1.87170686627426;3.24409223831863;80.6348351279508;-999;-999;2.54354060671503;0.895065145888775
2016;8;21;14;1.10878302474442;2.62739305179357;83.972180659267;-999;-999;2.08565343156273;0.990432376427977
2016;8;21;15;1.16013370861822;2.57513372028266;79.046739143086;-999;-999;2.10361195243731;0.922858271205831
2016;8;21;16;0.993066632278997;2.11801750394241;73.4154596711595;-999;-999;1.78098422183869;0.733689192972946
2016;8;21;17;1.74040667265933;3.11026687300432;67.4950454575734;-999;-999;1.91670188767149;0.893418237358895
2016;8;21;18;1.28047152787599;2.518615309858;62.0715321296149;-999;-999;1.6317154810846;0.807513230194337
2016;8;21;19;2.15366443644522;3.60892343902748;51.8815350289843;-999;-999;1.83222678015647;0.949115050324307
2016;8;21;20;2.44788326210924;3.94662241608232;59.116248606974;-999;-999;1.92854682446577;0.977472659521149
2016;8;21;21;1.62267854567042;2.7286240383451;59.802694438103;-999;-999;1.41852835283064;0.721293948412831
2016;8;21;22;1.00288088668563;2.55578952817678;72.2848779066811;-999;-999;1.76001251010671;1.01280181795997
2016;8;21;23;0.707192805851596;1.64745327033121;75.9622587462846;-999;-999;1.64969377259626;0.613234727618242
2016;8;22;0;0.725052683670494;2.10540582877916;74.9809533249968;-999;-999;1.78366739310161;0.900261700810934
2016;8;22;1;1.27318067714554;2.28572363730182;57.1109719839941;-999;-999;1.70136684711215;0.660377129348788
2016;8;22;2;0.960660580307039;2.66562922925098;52.8488201530422;-999;-999;1.80776107640692;1.11197484583321
2016;8;22;3;0.866730217441057;2.27353008698524;51.5775531367475;-999;-999;1.72326978743215;0.917510165963177
2016;8;22;4;1.01204776525032;2.55539118336159;49.0703550576657;-999;-999;1.63615064864815;1.0065634112891
2016;8;22;5;0.734453855849263;1.98368834869629;54.6920662832223;-999;-999;1.82266880009522;0.814746554696781
2016;8;22;6;1.0486706657667;2.71613729511325;46.003560948202;-999;-999;1.60989263349064;1.08751615418156
2016;8;22;7;1.20435457089753;2.50807082196117;42.6811329099748;-999;-999;1.35902076019557;0.850279375039936
2016;8;22;8;1.52564138755903;3.21292522398252;45.666472655624;-999;-999;1.63354701149275;1.10044087030339
2016;8;22;9;1.92073345557938;3.91480398007306;36.2134611540927;-999;-999;1.8879364307462;1.30052612136173
2016;8;22;10;2.96734023376559;5.21487203109298;32.4343574523346;-999;-999;1.89013377719902;1.46583271509794
2016;8;22;11;2.74813186213129;5.42591194127779;39.2087024940553;-999;-999;1.97595923484211;1.74643920433875
2016;8;22;12;2.03923706816259;3.73086616198442;64.406473027112;-999;-999;2.03069954223664;1.1032748326338
2016;8;22;13;2.29562790821755;4.0438534730207;76.3681131348897;-999;-999;2.05610438277503;1.14018686156356
2016;8;22;14;1.4830979559131;2.64865552909439;81.1371649718441;-999;-999;1.73385006527314;0.760172747780898
2016;8;22;15;1.01266432434885;2.40376905056463;78.3723173359091;-999;-999;1.84726332226058;0.907273846020438
2016;8;22;16;1.45929273608389;2.34673967194918;75.3298312807936;-999;-999;1.70408822236256;0.578789921037671
2016;8;22;17;1.8692418985009;3.20458885205141;76.1988529719464;-999;-999;1.72029617269712;0.870908813325045
2016;8;22;18;1.94589239644941;3.11360917857262;75.1854068878769;-999;-999;1.90771257539868;0.76158097662534
2016;8;22;19;2.29592429702064;3.54116119560334;73.796070961965;-999;-999;1.83371929166718;0.812139337098654
2016;8;22;20;2.51736093898061;3.93349365354163;71.3112529790609;-999;-999;1.39540660726536;0.923597016243513
2016;8;22;21;3.39199388070221;4.78883577392199;68.0214344503595;-999;-999;1.49043320084009;0.911015607136543
2016;8;22;22;3.29725832779459;4.62296871482784;66.8848161951113;-999;-999;-999;0.864623876898781
2016;8;22;23;2.82917840490783;4.03566410058264;66.8962606439059;-999;-999;-999;0.786865932273263
2016;8;23;0;2.75770209603303;4.09511006935862;67.7659467953033;-999;-999;-999;0.872253003523543
2016;8;23;1;2.49975058530685;4.32199856878334;68.34976535729;-999;-999;-999;1.18846403524853
2016;8;23;2;-999;-999;69.600717239286;-999;-999;-999;-999
2016;8;23;3;-999;-999;69.0319240769019;-999;-999;-999;-999
2016;8;23;4;-999;-999;69.3822804625938;-999;-999;-999;-999
2016;8;23;5;-999;-999;70.1369419566879;-999;-999;-999;-999
2016;8;23;6;-999;-999;68.5360853225575;-999;-999;-999;-999
2016;8;23;7;3.26161753962017;5.87290827280497;65.9356873994865;-999;-999;2.50275753825361;1.703075075461
2016;8;23;8;2.34165570563439;4.34981609727933;67.552230322499;-999;-999;2.40969267186075;1.30971548555504
2016;8;23;9;2.55905488012574;4.13569725638597;73.5774026520791;-999;-999;2.45656515137431;1.0282808803329
2016;8;23;10;2.72803969383345;4.70230282716004;74.0944825836444;-999;-999;2.23541963494852;1.28760780714344
2016;8;23;11;1.8291720181069;3.32850837433066;81.5974616975633;-999;-999;2.18200259860654;0.977862152830034
2016;8;23;12;1.82943928035835;2.95347041040119;84.7052151681574;-999;-999;2.4215681601276;0.733089340566644
2016;8;23;13;1.63112548243712;2.95166047784542;90.1414493639992;-999;-999;2.45267597013997;0.861248503804473
2016;8;23;14;1.59117040496185;3.22438241082747;91.1742981805543;-999;-999;2.55604538619375;1.06517540340712
2016;8;23;15;1.73576661696063;3.32064451940022;91.2957124739146;-999;-999;2.44788411871204;1.03365206294047
2016;8;23;16;1.39115057925971;2.4327094339576;96.7811481211933;-999;-999;2.39796972794538;0.679301198644496
2016;8;23;17;1.30031648605371;2.39534887114008;97.9348631502795;-999;-999;2.32221447611364;0.714176456172959
2016;8;23;18;1.65132584958321;2.1989793878204;100.043021871141;-999;-999;2.19127394958288;0.357177804488376
2016;8;23;19;1.68097479879224;2.97508075527964;98.2929668276592;-999;-999;2.33800500849041;0.844011573085661
2016;8;23;20;1.56232444030047;2.79997668467643;102.529134972237;-999;-999;2.08574299145273;0.807192651012982
2016;8;23;21;1.96421184945739;2.71881767186388;104.93229151596;-999;-999;2.30036318768766;0.492151391496284
2016;8;23;22;3.33452229414594;4.77562022544993;101.668941632133;-999;-999;3.15006493742744;0.939879247037694
2016;8;23;23;3.13368275450266;4.24694405128099;94.2915371959039;-999;-999;2.35776235270632;0.726065291361177
2016;8;24;0;3.98731977036724;5.57440142539201;90.5006056353201;-999;-999;2.87898573727514;1.03508934299994
2016;8;24;1;4.09479906098117;5.34217692379404;82.8108538948353;-999;-999;3.08223241599179;0.813535666803164
2016;8;24;2;5.85827972648141;7.39974628771936;74.0071889510174;-999;-999;3.92200349415254;1.00533933151868
2016;8;24;3;5.70943699324101;7.36497596301019;67.9122257381194;-999;-999;4.03536778497183;1.07973697453042
2016;8;24;4;4.93858634578173;6.4000992372341;63.4134034929879;-999;-999;3.27369802088101;0.953193815711877
2016;8;24;5;5.43190563803982;7.10834771559661;57.3951587204353;-999;-999;3.23867591256307;1.09336991146094
2016;8;24;6;4.19888905779969;5.84073795155255;57.5120942086606;-999;-999;2.43187275823767;1.07080835277711
2016;8;24;7;4.81266374978003;6.6397739465902;56.9578306768583;-999;-999;2.6758630010823;1.19163515450956
2016;8;24;8;4.48114602421107;6.37453378075682;58.7841462381339;-999;-999;3.10513989640721;1.23486115711953
2016;8;24;9;4.0545544849999;5.90741545283882;68.504169146753;-999;-999;3.39075283596815;1.20842972117947
2016;8;24;10;3.27644232655271;5.35141522775836;72.0595090159168;-999;-999;2.79505162100614;1.35329038065034
2016;8;24;11;2.10132566858868;3.18577548104186;74.4698741745016;-999;-999;2.35703294331428;0.707274537724433
2016;8;24;12;1.43651667825258;3.07223558504604;74.2684027499901;-999;-999;2.27425614131414;1.06681039580097
2016;8;24;13;1.53784671792972;2.4228838199169;72.713054901372;-999;-999;2.49328875229707;0.577218235448756
2016;8;24;14;1.50564685037523;2.90260408327769;67.5806950131093;-999;-999;2.24361562778642;0.911090831291514
2016;8;24;15;1.41292622637808;2.71002096962898;71.9940760880844;-999;-999;2.24888327516633;0.845960849808511
2016;8;24;16;1.63459362641379;2.91739423875298;76.4116968983081;-999;-999;2.41666944558424;0.836638265474356
2016;8;24;17;1.82216345385503;3.21746102682888;80.9314590077439;-999;-999;2.22043192524105;0.91000840664142
2016;8;24;18;1.97825213317663;3.21247771825145;79.7217225935256;-999;-999;2.04171309784309;0.804957795286771
2016;8;24;19;2.03590912073144;3.45445913906412;77.6933173835089;-999;-999;2.16087683854694;0.925173573671991
2016;8;24;20;1.60484141822149;3.23457310250967;82.7682193321583;-999;-999;1.98434465159462;1.06290554932393
2016;8;24;21;1.63990539528375;3.04579411149518;87.0700794495484;-999;-999;2.04437003691879;0.91691591480944
2016;8;24;22;1.36940287169396;2.28974682200088;89.6829870272091;-999;-999;2.0982628734606;0.600245243740965
2016;8;24;23;1.69908745887044;3.18756435675229;88.9739042488426;-999;-999;2.10484403344617;0.970779650449091
2016;8;25;0;2.21206082768429;3.79429708917907;89.8394053313163;-999;-999;2.37515295137159;1.03192919355857
2016;8;25;1;3.41393036299844;4.45690740761936;83.8254601843233;-999;-999;2.58720103237032;0.680226137365215
2016;8;25;2;2.95986645833371;4.2633675001643;85.8673417245913;-999;-999;3.02837804228453;0.850139016298505
2016;8;25;3;3.02351787830367;4.4310839650874;83.2970067919701;-999;-999;3.46736846907168;0.918009890282067
2016;8;25;4;3.09852253095537;4.39404667550438;86.290577076748;-999;-999;3.25710171209599;0.844936510592372
2016;8;25;5;4.02440848986058;5.50238330014733;77.6634350821454;-999;-999;2.7410335247565;0.963930224073003
2016;8;25;6;6.14595292106056;7.81262426896368;63.6875720802952;-999;-999;3.19536947255694;1.08699747428619
2016;8;25;7;5.24679524209919;6.94164437148481;69.5389120973747;-999;-999;3.7552991596247;1.10537492905014
2016;8;25;8;6.67692086188114;8.88493930735396;58.867637394164;-999;-999;4.52684887013929;1.44006223928065
2016;8;25;9;-999;-999;65.9278437903021;-999;-999;5.17880591153363;-999
2016;8;25;10;-999;-999;75.3693303787005;-999;-999;5.00884924813683;-999
2016;8;25;11;-999;-999;79.3842012202096;-999;-999;3.08462057942147;-999
2016;8;25;12;-999;-999;91.1076652977153;-999;-999;2.45460314350644;-999
2016;8;25;13;-999;-999;90.7159453879163;-999;-999;2.11199255353904;-999
2016;8;25;14;-999;-999;87.9721762848939;-999;-999;1.90563850699359;-999
2016;8;25;15;-999;-999;89.4387776737353;-999;-999;2.11639474064348;-999
2016;8;25;16;-999;-999;92.5258447462462;-999;-999;2.10632665955386;-999
2016;8;25;17;-999;-999;95.2505628063647;-999;-999;2.04631035204842;-999
2016;8;25;18;-999;-999;97.674357482476;-999;-999;2.09451631596968;-999
2016;8;25;19;-999;-999;95.1792827196119;-999;-999;2.12256903813423;-999
2016;8;25;20;-999;-999;95.9688103405854;-999;-999;2.18961829713011;-999
2016;8;25;21;-999;-999;98.630728013949;-999;-999;2.34254949924642;-999
2016;8;25;22;-999;-999;99.8692843401139;-999;-999;2.16992190055892;-999
2016;8;25;23;-999;-999;99.9988543542331;-999;-999;2.20936828152766;-999
2016;8;26;0;-999;-999;99.8800880862573;-999;-999;2.18966092819845;-999
2016;8;26;1;-999;-999;95.3885302005525;-999;-999;2.55687064955068;-999
2016;8;26;2;-999;-999;77.4566262720886;-999;-999;2.79131638935809;-999
2016;8;26;3;-999;-999;66.0376402207984;-999;-999;3.79435391899754;-999
2016;8;26;4;-999;-999;65.8946548290134;-999;-999;3.30885730420278;-999
2016;8;26;5;-999;-999;61.6729747721802;-999;-999;3.54857437688591;-999
2016;8;26;6;-999;-999;62.691220536487;-999;-999;3.57050736241485;-999
2016;8;26;7;-999;-999;59.7230552935833;-999;-999;3.7247797210154;-999
2016;8;26;8;-999;-999;49.787596019456;-999;-999;3.45749416115295;-999
2016;8;26;9;-999;-999;55.8023156880681;-999;-999;3.20904816171097;-999
2016;8;26;10;-999;-999;68.6673114725378;-999;-999;2.86813210570282;-999
2016;8;26;11;-999;-999;78.4807016654974;-999;-999;3.04913636190765;-999
2016;8;26;12;-999;-999;85.996364668924;-999;-999;2.80199300774734;-999
2016;8;26;13;-999;-999;90.5875934328765;-999;-999;2.09557989039407;-999
2016;8;26;14;-999;-999;90.0329943667347;-999;-999;2.08419590059646;-999
2016;8;26;15;-999;-999;93.7307365358014;-999;-999;2.10173505172909;-999
2016;8;26;16;-999;-999;92.4127730485079;-999;-999;2.1985968849026;-999
2016;8;26;17;-999;-999;96.8462426184062;-999;-999;1.80812861464126;-999
2016;8;26;18;-999;-999;103.168018625778;-999;-999;2.32818162879498;-999
2016;8;26;19;-999;-999;106.371981558224;-999;-999;-999;-999
2016;8;26;20;-999;-999;101.554887065989;-999;-999;-999;-999
2016;8;26;21;-999;-999;102.107166649251;-999;-999;-999;-999
2016;8;26;22;-999;-999;102.112230987886;-999;-999;-999;-999
2016;8;26;23;-999;-999;100.631353352243;-999;-999;-999;-999
2016;8;27;0;-999;-999;100.699491358428;-999;-999;-999;-999
2016;8;27;1;-999;-999;78.2152279350133;-999;-999;-999;-999
2016;8;27;2;-999;-999;64.8459492198864;-999;-999;-999;-999
2016;8;27;3;-999;-999;68.2570840073347;-999;-999;-999;-999
2016;8;27;4;-999;-999;70.9870173822997;-999;-999;-999;-999
2016;8;27;5;-999;-999;65.7563758596139;-999;-999;-999;-999
2016;8;27;6;-999;-999;61.6720604190572;-999;-999;-999;-999
2016;8;27;7;-999;-999;62.5722993568989;-999;-999;-999;-999
2016;8;27;8;-999;-999;60.4859653106095;-999;-999;-999;-999
2016;8;27;9;-999;-999;57.6590038791811;-999;-999;-999;-999
2016;8;27;10;-999;-999;69.4527487730611;-999;-999;-999;-999
2016;8;27;11;-999;-999;-999;-999;-999;-999;-999
2016;8;27;12;-999;-999;-999;-999;-999;-999;-999
2016;8;27;13;-999;-999;-999;-999;-999;-999;-999
2016;8;27;14;-999;-999;-999;-999;-999;-999;-999
2016;8;27;15;-999;-999;-999;-999;-999;-999;-999
2016;8;27;16;-999;-999;-999;-999;-999;-999;-999
2016;8;27;17;-999;-999;-999;-999;-999;-999;-999
2016;8;27;18;-999;-999;-999;-999;-999;-999;-999
2016;8;27;19;-999;-999;-999;-999;-999;-999;-999
2016;8;27;20;-999;-999;-999;-999;-999;-999;-999
2016;8;27;21;-999;-999;-999;-999;-999;-999;-999
2016;8;27;22;-999;-999;-999;-999;-999;-999;-999
2016;8;27;23;-999;-999;-999;-999;-999;-999;-999
2016;8;28;0;-999;-999;-999;-999;-999;-999;-999
2016;8;28;1;-999;-999;-999;-999;-999;-999;-999
2016;8;28;2;-999;-999;-999;-999;-999;-999;-999
2016;8;28;3;-999;-999;-999;-999;-999;-999;-999
2016;8;28;4;-999;-999;-999;-999;-999;-999;-999
2016;8;28;5;-999;-999;-999;-999;-999;-999;-999
2016;8;28;6;-999;-999;-999;-999;-999;-999;-999
2016;8;28;7;-999;-999;-999;-999;-999;-999;-999
2016;8;28;8;-999;-999;-999;-999;-999;-999;-999
2016;8;28;9;-999;-999;-999;-999;-999;-999;-999
2016;8;28;10;-999;-999;-999;-999;-999;-999;-999
2016;8;28;11;-999;-999;-999;-999;-999;-999;-999
2016;8;28;12;-999;-999;-999;-999;-999;-999;-999
2016;8;28;13;-999;-999;-999;-999;-999;-999;-999
2016;8;28;14;-999;-999;-999;-999;-999;-999;-999
2016;8;28;15;-999;-999;-999;-999;-999;-999;-999
2016;8;28;16;-999;-999;-999;-999;-999;-999;-999
2016;8;28;17;-999;-999;-999;-999;-999;-999;-999
2016;8;28;18;-999;-999;-999;-999;-999;-999;-999
2016;8;28;19;-999;-999;-999;-999;-999;-999;-999
2016;8;28;20;-999;-999;-999;-999;-999;-999;-999
2016;8;28;21;-999;-999;-999;-999;-999;-999;-999
2016;8;28;22;-999;-999;-999;-999;-999;-999;-999
2016;8;28;23;-999;-999;-999;-999;-999;-999;-999
2016;8;29;0;-999;-999;-999;-999;-999;-999;-999
2016;8;29;1;-999;-999;-999;-999;-999;-999;-999
2016;8;29;2;-999;-999;-999;-999;-999;-999;-999
2016;8;29;3;-999;-999;-999;-999;-999;-999;-999
2016;8;29;4;-999;-999;-999;-999;-999;-999;-999
2016;8;29;5;-999;-999;-999;-999;-999;-999;-999
2016;8;29;6;-999;-999;-999;-999;-999;-999;-999
2016;8;29;7;-999;-999;-999;-999;-999;-999;-999
2016;8;29;8;-999;-999;-999;-999;-999;-999;-999
2016;8;29;9;-999;-999;-999;-999;-999;-999;-999
2016;8;29;10;-999;-999;-999;-999;-999;-999;-999
2016;8;29;11;-999;-999;-999;-999;-999;-999;-999
2016;8;29;12;-999;-999;-999;-999;-999;-999;-999
2016;8;29;13;-999;-999;-999;-999;-999;-999;-999
2016;8;29;14;-999;-999;-999;-999;-999;-999;-999
2016;8;29;15;-999;-999;-999;-999;-999;-999;-999
2016;8;29;16;-999;-999;-999;-999;-999;-999;-999
2016;8;29;17;-999;-999;-999;-999;-999;-999;-999
2016;8;29;18;-999;-999;-999;-999;-999;-999;-999
2016;8;29;19;-999;-999;-999;-999;-999;-999;-999
2016;8;29;20;-999;-999;-999;-999;-999;-999;-999
2016;8;29;21;-999;-999;-999;-999;-999;-999;-999
2016;8;29;22;-999;-999;-999;-999;-999;-999;-999
2016;8;29;23;-999;-999;-999;-999;-999;-999;-999
2016;8;30;0;-999;-999;-999;-999;-999;-999;-999
2016;8;30;1;-999;-999;-999;-999;-999;-999;-999
2016;8;30;2;-999;-999;-999;-999;-999;-999;-999
2016;8;30;3;-999;-999;-999;-999;-999;-999;-999
2016;8;30;4;-999;-999;-999;-999;-999;-999;-999
2016;8;30;5;-999;-999;-999;-999;-999;-999;-999
2016;8;30;6;-999;-999;-999;-999;-999;-999;-999
2016;8;30;7;-999;-999;-999;-999;-999;-999;-999
2016;8;30;8;-999;-999;-999;-999;-999;-999;-999
2016;8;30;9;-999;-999;-999;-999;-999;-999;-999
2016;8;30;10;-999;-999;-999;-999;-999;-999;-999
2016;8;30;11;-999;-999;-999;-999;-999;-999;-999
2016;8;30;12;-999;-999;88.1631751866413;-999;-999;-999;-999
2016;8;30;13;-999;-999;89.1937722034015;-999;-999;1.96231051831862;-999
2016;8;30;14;-999;-999;93.065852138356;-999;-999;2.44216227755733;-999
2016;8;30;15;-999;-999;97.6451585063601;-999;-999;2.52770544704969;-999
2016;8;30;16;-999;-999;93.7360217753775;-999;-999;2.79834891416935;-999
2016;8;30;17;-999;-999;101.971414882903;-999;-999;2.7439749173374;-999
2016;8;30;18;-999;-999;105.594173454148;-999;-999;2.60450644168151;-999
2016;8;30;19;-999;-999;107.055094510773;-999;-999;2.68830011027561;-999
2016;8;30;20;-999;-999;106.924861759054;-999;-999;2.7966585954173;-999
2016;8;30;21;-999;-999;106.241376807967;-999;-999;2.69710296698045;-999
2016;8;30;22;-999;-999;105.884593861777;-999;-999;2.6067572806949;-999
2016;8;30;23;-999;-999;104.350066345927;-999;-999;2.55808178089953;-999
2016;8;31;0;-999;-999;102.771225877823;-999;-999;2.5304603539828;-999
2016;8;31;1;-999;-999;99.043115223544;-999;-999;2.78752788289058;-999
2016;8;31;2;-999;-999;93.2555220334234;-999;-999;2.89852409738301;-999
2016;8;31;3;-999;-999;84.9132427487231;-999;-999;2.98232746837049;-999
2016;8;31;4;-999;-999;81.215163193601;-999;-999;3.14816116860661;-999
2016;8;31;5;-999;-999;78.6603173830985;-999;-999;3.14335519336132;-999
2016;8;31;6;-999;-999;70.9553201330029;-999;-999;4.1018830124475;-999
2016;8;31;7;-999;-999;68.3745910100951;-999;-999;4.40109230588216;-999
2016;8;31;8;-999;-999;64.0918410609458;-999;-999;5.86545127155148;-999
2016;8;31;9;-999;-999;61.9704806430677;-999;-999;4.95477513267605;-999
2016;8;31;10;-999;-999;75.4093997446036;-999;-999;3.11976166985827;-999
2016;8;31;11;-999;-999;76.3703088335914;-999;-999;3.00879032261863;-999
2016;8;31;12;-999;-999;89.3911163671658;-999;-999;2.79296819630559;-999
2016;8;31;13;-999;-999;92.254256217215;-999;-999;2.65830206248177;-999
2016;8;31;14;-999;-999;89.1846499127228;-999;-999;2.62190429538333;-999
2016;8;31;15;-999;-999;89.9872447528605;-999;-999;2.71975159045625;-999
2016;8;31;16;-999;-999;101.251960953646;-999;-999;2.67545657962269;-999
2016;8;31;17;-999;-999;94.0114417673696;-999;-999;2.70354971379834;-999
2016;8;31;18;-999;-999;106.984276588241;-999;-999;2.51973928108348;-999
2016;8;31;19;-999;-999;103.754129068823;-999;-999;2.57942047213826;-999
2016;8;31;20;-999;-999;104.010343253473;-999;-999;2.71763499988375;-999
2016;8;31;21;-999;-999;105.187134962056;-999;-999;2.82426311455617;-999
2016;8;31;22;-999;-999;104.134375647744;-999;-999;2.57902387040432;-999
2016;8;31;23;-999;-999;102.860671824739;-999;-999;2.55446869774441;-999
2016;9;1;0;-999;-999;101.398201294943;-999;-999;2.70058526550487;-999
2016;9;1;1;-999;-999;99.1553600252683;-999;-999;2.55976158270466;-999
2016;9;1;2;-999;-999;86.8760052104053;-999;-999;3.01476548301178;-999
2016;9;1;3;-999;-999;57.7677365772354;-999;-999;3.60096535723072;-999
2016;9;1;4;-999;-999;59.9786116077358;-999;-999;3.34913821880062;-999
2016;9;1;5;-999;-999;62.9611876339956;-999;-999;3.2587734238191;-999
2016;9;1;6;-999;-999;58.6430332317952;-999;-999;3.19166205014119;-999
2016;9;1;7;-999;-999;55.5868851709376;-999;-999;3.82044667700225;-999
2016;9;1;8;-999;-999;52.145663593215;-999;-999;2.41769158718673;-999
2016;9;1;9;-999;-999;56.4391110126867;-999;-999;0.773590768500404;-999
2016;9;1;10;-999;-999;67.1946525761244;-999;-999;2.89073253091444;-999
2016;9;1;11;-999;-999;78.0866930180883;-999;-999;2.73366234265913;-999
2016;9;1;12;-999;-999;89.9093491914439;-999;-999;2.55070059745321;-999
2016;9;1;13;-999;-999;92.8654656409329;-999;-999;2.54281622837491;-999
2016;9;1;14;-999;-999;87.7462935406519;-999;-999;2.39407580048637;-999
2016;9;1;15;-999;-999;96.352221229814;-999;-999;2.60822619152787;-999
2016;9;1;16;-999;-999;99.300062413206;-999;-999;2.5160902144307;-999
2016;9;1;17;-999;-999;99.0372523463021;-999;-999;2.5191754400914;-999
2016;9;1;18;-999;-999;110.175086942942;-999;-999;2.5003203707477;-999
2016;9;1;19;-999;-999;115.643072176121;-999;-999;2.61361221712869;-999
2016;9;1;20;-999;-999;116.129673555963;-999;-999;-999;-999
2016;9;1;21;-999;-999;115.58908019454;-999;-999;-999;-999
2016;9;1;22;-999;-999;110.817631862615;-999;-999;-999;-999
2016;9;1;23;-999;-999;101.664043611315;-999;-999;-999;-999
2016;9;2;0;-999;-999;75.2832426283645;-999;-999;-999;-999
2016;9;2;1;-999;-999;63.1139862348326;-999;-999;-999;-999
2016;9;2;2;-999;-999;62.5075732067528;-999;-999;-999;-999
2016;9;2;3;-999;-999;59.9439866125647;-999;-999;-999;-999
2016;9;2;4;-999;-999;53.7069143148162;-999;-999;-999;-999
2016;9;2;5;-999;-999;47.6762545601958;-999;-999;-999;-999
2016;9;2;6;-999;-999;46.156061830366;-999;-999;-999;-999
2016;9;2;7;-999;-999;42.7151795655214;-999;-999;-999;-999
2016;9;2;8;-999;-999;42.1479701662706;-999;-999;-999;-999
2016;9;2;9;-999;-999;46.2143117892344;-999;-999;-999;-999
2016;9;2;10;-999;-999;58.9613856919929;-999;-999;2.90167298828574;-999
2016;9;2;11;-999;-999;77.9113047099372;-999;-999;3.15097600540778;-999
2016;9;2;12;-999;-999;94.3922275021662;-999;-999;2.94515696068079;-999
2016;9;2;13;-999;-999;98.6830893411085;-999;-999;2.80780097224887;-999
2016;9;2;14;-999;-999;104.243285640641;-999;-999;2.67658646609233;-999
2016;9;2;15;-999;-999;105.820036134225;-999;-999;2.68932973315657;-999
2016;9;2;16;-999;-999;105.426573711734;-999;-999;2.60858638103716;-999
2016;9;2;17;-999;-999;115.520870353158;-999;-999;2.47385613782349;-999
2016;9;2;18;-999;-999;116.946900953757;-999;-999;2.50327651490142;-999
2016;9;2;19;-999;-999;113.190454980715;-999;-999;2.64067072742732;-999
2016;9;2;20;-999;-999;117.672166145141;-999;-999;2.45151061855678;-999
2016;9;2;21;-999;-999;119.726757709166;-999;-999;2.49322160327622;-999
2016;9;2;22;-999;-999;124.858671091686;-999;-999;2.46338807085123;-999
2016;9;2;23;-999;-999;117.670760405613;-999;-999;3.06254359204002;-999
2016;9;3;0;-999;-999;101.914032029093;-999;-999;3.02876425402075;-999
2016;9;3;1;-999;-999;82.5060223403753;-999;-999;3.30663148825954;-999
2016;9;3;2;-999;-999;64.9349599137716;-999;-999;3.00597405511117;-999
2016;9;3;3;-999;-999;58.8148360779704;-999;-999;4.42489590652811;-999
2016;9;3;4;-999;-999;57.3046060483911;-999;-999;3.86767393175399;-999
2016;9;3;5;-999;-999;55.4139188526348;-999;-999;3.62627472772145;-999
2016;9;3;6;-999;-999;56.968123832386;-999;-999;3.60171625858791;-999
2016;9;3;7;-999;-999;61.4183501773545;-999;-999;3.942815162125;-999
2016;9;3;8;-999;-999;60.1605079024078;-999;-999;3.46129230351779;-999
2016;9;3;9;-999;-999;60.8162917454919;-999;-999;3.03946321908098;-999
2016;9;3;10;-999;-999;74.2823791073196;-999;-999;2.98021987920542;-999
2016;9;3;11;-999;-999;92.5431763339264;-999;-999;2.98857796589942;-999
2016;9;3;12;-999;-999;96.0144080628907;-999;-999;2.85382810340568;-999
2016;9;3;13;-999;-999;98.2786963465623;-999;-999;2.81214062082697;-999
2016;9;3;14;-999;-999;106.970350378583;-999;-999;2.75947784237613;-999
2016;9;3;15;-999;-999;103.800445986411;-999;-999;2.68179146198809;-999
2016;9;3;16;-999;-999;105.630437039765;-999;-999;2.55142384248874;-999
2016;9;3;17;-999;-999;107.397398813128;-999;-999;2.68928447802701;-999
2016;9;3;18;-999;-999;121.987390909861;-999;-999;2.58130453361756;-999
2016;9;3;19;-999;-999;124.498684607644;-999;-999;2.72619206534812;-999
2016;9;3;20;-999;-999;122.698117069807;-999;-999;2.68537931475241;-999
2016;9;3;21;-999;-999;112.650046284357;-999;-999;2.87592887643582;-999
2016;9;3;22;-999;-999;108.716764929597;-999;-999;2.9580426671467;-999
2016;9;3;23;-999;-999;112.152986867363;-999;-999;3.20654939569296;-999
2016;9;4;0;-999;-999;109.953709248567;-999;-999;3.12183663274256;-999
2016;9;4;1;-999;-999;108.612071366102;-999;-999;3.36156839102734;-999
2016;9;4;2;-999;-999;97.4170294090283;-999;-999;3.25183021193984;-999
2016;9;4;3;-999;-999;78.6984743900921;-999;-999;3.37039139308851;-999
2016;9;4;4;-999;-999;69.3438949539544;-999;-999;3.40246337246292;-999
2016;9;4;5;-999;-999;64.7337884398393;-999;-999;3.41170439497702;-999
2016;9;4;6;-999;-999;54.3193437545204;-999;-999;4.25954157310457;-999
2016;9;4;7;-999;-999;59.8470141387071;-999;-999;3.87100159063989;-999
2016;9;4;8;-999;-999;38.7357671608828;-999;-999;3.08598540422972;-999
2016;9;4;9;-999;-999;48.6403711275344;-999;-999;2.84715184587048;-999
2016;9;4;10;-999;-999;53.4997796770673;-999;-999;2.75935447449068;-999
2016;9;4;11;-999;-999;70.5065747887555;-999;-999;2.65750473107691;-999
2016;9;4;12;-999;-999;81.6942317015412;-999;-999;2.51964953434868;-999
2016;9;4;13;-999;-999;95.1962689578892;-999;-999;2.45775233528529;-999
2016;9;4;14;-999;-999;101.464371870531;-999;-999;2.54733940743085;-999
2016;9;4;15;-999;-999;110.845056629895;-999;-999;2.7379178344192;-999
2016;9;4;16;-999;-999;113.407718217807;-999;-999;2.67777740057749;-999
2016;9;4;17;-999;-999;116.945426909053;-999;-999;2.29402102361851;-999
2016;9;4;18;-999;-999;106.654994613758;-999;-999;2.49250697953919;-999
2016;9;4;19;-999;-999;98.4781923218871;-999;-999;2.40206435748071;-999
2016;9;4;20;-999;-999;101.186252153876;-999;-999;2.74370456189353;-999
2016;9;4;21;-999;-999;98.3629730554046;-999;-999;2.83066382679212;-999
2016;9;4;22;-999;-999;93.0474482570175;-999;-999;2.77798650478133;-999
2016;9;4;23;-999;-999;89.2337535660638;-999;-999;2.9663847335232;-999
2016;9;5;0;-999;-999;81.7480078581712;-999;-999;2.3248410734055;-999
2016;9;5;1;-999;-999;78.3656206629632;-999;-999;2.21243580582668;-999
2016;9;5;2;-999;-999;79.762227131275;-999;-999;2.3059823747211;-999
2016;9;5;3;-999;-999;74.5772448125275;-999;-999;2.37845126708161;-999
2016;9;5;4;-999;-999;66.0109364211554;-999;-999;2.37934221321114;-999
2016;9;5;5;-999;-999;51.9365525787482;-999;-999;2.34290542998137;-999
2016;9;5;6;-999;-999;30.7818192721086;-999;-999;2.24015659701128;-999
2016;9;5;7;-999;-999;34.3511507791073;-999;-999;2.43295588717519;-999
2016;9;5;8;-999;-999;51.1584374939292;-999;-999;2.42462508730258;-999
2016;9;5;9;-999;-999;54.5461981317009;-999;-999;2.36051968087215;-999
2016;9;5;10;-999;-999;42.0745964318266;-999;-999;2.0680484785615;-999
2016;9;5;11;-999;-999;44.8388311286441;-999;-999;2.11768417221359;-999
2016;9;5;12;-999;-999;49.168423349571;-999;-999;2.2832623107108;-999
2016;9;5;13;-999;-999;49.4992255031142;-999;-999;2.24945699309397;-999
2016;9;5;14;-999;-999;59.8486957099723;-999;-999;2.18139538780638;-999
2016;9;5;15;-999;-999;56.0941028022802;-999;-999;2.0733663618004;-999
2016;9;5;16;-999;-999;57.3706511352706;-999;-999;2.35226099502977;-999
2016;9;5;17;-999;-999;61.95936237514;-999;-999;2.24906250043083;-999
2016;9;5;18;-999;-999;64.237769008075;-999;-999;2.2596145484911;-999
2016;9;5;19;-999;-999;61.290820754535;-999;-999;2.38962925716118;-999
2016;9;5;20;-999;-999;58.4964925502493;-999;-999;2.22186551378958;-999
2016;9;5;21;-999;-999;52.8061726751705;-999;-999;2.26719059243024;-999
2016;9;5;22;-999;-999;49.0996158428317;-999;-999;-999;-999
2016;9;5;23;-999;-999;45.0143974918103;-999;-999;-999;-999
2016;9;6;0;-999;-999;49.8809744521228;-999;-999;-999;-999
2016;9;6;1;-999;-999;46.4478279581406;-999;-999;-999;-999
2016;9;6;2;-999;-999;45.4388721602397;-999;-999;-999;-999
2016;9;6;3;-999;-999;40.9385457986713;-999;-999;-999;-999
2016;9;6;4;-999;-999;30.8508584854616;-999;-999;-999;-999
2016;9;6;5;-999;-999;28.1978499569909;-999;-999;-999;-999
2016;9;6;6;-999;-999;33.4794861937606;-999;-999;-999;-999
2016;9;6;7;-999;-999;39.254960410165;-999;-999;-999;-999
2016;9;6;8;-999;-999;26.1531124879514;-999;-999;-999;-999
2016;9;6;9;-999;-999;22.9387003023383;-999;-999;3.25206142658703;-999
2016;9;6;10;-999;-999;37.7804222701684;-999;-999;2.72409139607454;-999
2016;9;6;11;-999;-999;43.9846699410083;-999;-999;2.60821971409272;-999
2016;9;6;12;-999;-999;48.1163216952398;-999;-999;2.07005425732389;-999
2016;9;6;13;-999;-999;49.632020403905;-999;-999;2.00065931890831;-999
2016;9;6;14;-999;-999;44.4044493869316;-999;-999;2.06040971176152;-999
2016;9;6;15;-999;-999;45.8719068189031;-999;-999;1.98003111113376;-999
2016;9;6;16;-999;-999;45.3554457516236;-999;-999;1.9694971394117;-999
2016;9;6;17;-999;-999;43.2563914197088;-999;-999;1.93919485540542;-999
2016;9;6;18;-999;-999;41.4602192432911;-999;-999;2.01300458712817;-999
2016;9;6;19;-999;-999;39.3329770527767;-999;-999;2.02970652913561;-999
2016;9;6;20;-999;-999;39.6637800782998;-999;-999;2.15930866209338;-999
2016;9;6;21;-999;-999;40.2403497878549;-999;-999;2.18963099459483;-999
2016;9;6;22;-999;-999;41.820664387666;-999;-999;2.42862443275185;-999
2016;9;6;23;-999;-999;40.3979414490313;-999;-999;2.39305337133054;-999
2016;9;7;0;-999;-999;38.7836050347391;-999;-999;2.90486636480186;-999
2016;9;7;1;-999;-999;37.4813257524522;-999;-999;2.42295136528832;-999
2016;9;7;2;-999;-999;37.013912486906;-999;-999;3.00166035163847;-999
2016;9;7;3;-999;-999;37.7014144863321;-999;-999;3.70844756763187;-999
2016;9;7;4;-999;-999;38.1574202746531;-999;-999;3.89694205579641;-999
2016;9;7;5;-999;-999;42.7117774167048;-999;-999;3.17689923815101;-999
2016;9;7;6;-999;-999;45.8670024415645;-999;-999;3.11145808170593;-999
2016;9;7;7;-999;-999;45.2577120311394;-999;-999;3.53368401303831;-999
2016;9;7;8;-999;-999;45.7889576409451;-999;-999;3.53810163915459;-999
2016;9;7;9;-999;-999;46.4957394079958;-999;-999;4.32280039234802;-999
2016;9;7;10;-999;-999;47.7334035116577;-999;-999;3.35537441055984;-999
2016;9;7;11;-999;-999;56.4667881662119;-999;-999;3.26796317300132;-999
2016;9;7;12;-999;-999;64.8021119612561;-999;-999;2.97624819140251;-999
2016;9;7;13;-999;-999;66.0186914099301;-999;-999;3.23241575892979;-999
2016;9;7;14;-999;-999;70.481244452066;-999;-999;3.45343841391481;-999
2016;9;7;15;-999;-999;83.9890322768207;-999;-999;2.8159297578993;-999
2016;9;7;16;-999;-999;87.1075600979836;-999;-999;2.71049543318754;-999
2016;9;7;17;-999;-999;87.191091886574;-999;-999;3.05806078394396;-999
2016;9;7;18;-999;-999;86.7450636607944;-999;-999;3.1288204126921;-999
2016;9;7;19;-999;-999;86.2084859766914;-999;-999;3.0761129910457;-999
2016;9;7;20;-999;-999;87.7884890591872;-999;-999;2.81425351990092;-999
2016;9;7;21;-999;-999;94.1938437490648;-999;-999;2.91533110555896;-999
2016;9;7;22;-999;-999;89.4004969117937;-999;-999;4.47126838659575;-999
2016;9;7;23;-999;-999;86.6663154634307;-999;-999;4.36847826840658;-999
2016;9;8;0;-999;-999;88.5914462558383;-999;-999;6.07605068150491;-999
2016;9;8;1;-999;-999;90.5923604958926;-999;-999;5.58702792792787;-999
2016;9;8;2;-999;-999;83.1123745557568;-999;-999;6.33759080219675;-999
2016;9;8;3;-999;-999;76.1833537396027;-999;-999;7.61372289711915;-999
2016;9;8;4;-999;-999;76.8862346393178;-999;-999;7.33430235791401;-999
2016;9;8;5;-999;-999;71.3906356928465;-999;-999;6.75870728743871;-999
2016;9;8;6;-999;-999;70.2278129351601;-999;-999;6.32855726255225;-999
2016;9;8;7;-999;-999;65.7614930590606;-999;-999;5.47389952090321;-999
2016;9;8;8;-999;-999;51.1051646710328;-999;-999;4.49530859904648;-999
2016;9;8;9;-999;-999;57.4503331244313;-999;-999;5.78071101924642;-999
2016;9;8;10;-999;-999;69.1979982210631;-999;-999;5.07807911574627;-999
2016;9;8;11;-999;-999;96.8867851077167;-999;-999;11.2998791500285;-999
2016;9;8;12;-999;-999;103.234328586775;-999;-999;9.31757725398058;-999
2016;9;8;13;-999;-999;103.892587379824;-999;-999;5.47985356251137;-999
2016;9;8;14;-999;-999;105.903513342928;-999;-999;5.13051888912459;-999
2016;9;8;15;-999;-999;108.258574721163;-999;-999;4.45070016970174;-999
2016;9;8;16;-999;-999;108.579875176425;-999;-999;3.86139989064102;-999
2016;9;8;17;-999;-999;106.446843421968;-999;-999;3.78451734898467;-999
2016;9;8;18;-999;-999;107.290112018986;-999;-999;3.87683288382473;-999
2016;9;8;19;-999;-999;107.237081728051;-999;-999;3.79028076074447;-999
2016;9;8;20;-999;-999;107.431418230061;-999;-999;4.17397943626913;-999
2016;9;8;21;-999;-999;95.437623480446;-999;-999;7.63367990571988;-999
2016;9;8;22;-999;-999;99.8936155067302;-999;-999;4.4333363243803;-999
2016;9;8;23;-999;-999;92.9334811665453;-999;-999;3.44537328475905;-999
2016;9;9;0;-999;-999;90.539425721454;-999;-999;3.25553005784562;-999
2016;9;9;1;-999;-999;77.0108660710183;-999;-999;3.62649471922493;-999
2016;9;9;2;-999;-999;69.0170450151094;-999;-999;3.47928145584737;-999
2016;9;9;3;-999;-999;70.8426491369069;-999;-999;3.40634463529468;-999
2016;9;9;4;-999;-999;63.1821433031857;-999;-999;3.50086237677241;-999
2016;9;9;5;-999;-999;55.0288295027383;-999;-999;3.61560080766348;-999
2016;9;9;6;-999;-999;51.2617176321587;-999;-999;3.80813633094874;-999
2016;9;9;7;-999;-999;47.8784631834161;-999;-999;4.0837474899592;-999
2016;9;9;8;-999;-999;50.7479800954164;-999;-999;3.95103531121401;-999
2016;9;9;9;-999;-999;53.7303352377493;-999;-999;3.51591810084028;-999
2016;9;9;10;-999;-999;66.1291094256833;-999;-999;3.19199857356678;-999
2016;9;9;11;-999;-999;96.1451951952901;-999;-999;5.07064039276501;-999
2016;9;9;12;-999;-999;109.281185708593;-999;-999;3.17797213676604;-999
2016;9;9;13;-999;-999;112.394160233077;-999;-999;3.08656397298806;-999
2016;9;9;14;-999;-999;117.375345049905;-999;-999;2.74548562788467;-999
2016;9;9;15;-999;-999;119.578596240191;-999;-999;2.68132520810889;-999
2016;9;9;16;-999;-999;117.698302268356;-999;-999;2.81189189528675;-999
2016;9;9;17;-999;-999;117.167276619622;-999;-999;2.96180106145275;-999
2016;9;9;18;-999;-999;115.570766409831;-999;-999;3.02423815506277;-999
2016;9;9;19;-999;-999;116.007144852004;-999;-999;2.91875761429605;-999
2016;9;9;20;-999;-999;121.589178209924;-999;-999;-999;-999
2016;9;9;21;-999;-999;122.676036689084;-999;-999;-999;-999
2016;9;9;22;-999;-999;118.828535997531;-999;-999;-999;-999
2016;9;9;23;-999;-999;107.142605077595;-999;-999;-999;-999
2016;9;10;0;-999;-999;92.4653971311814;-999;-999;-999;-999
2016;9;10;1;-999;-999;86.7121626625588;-999;-999;-999;-999
2016;9;10;2;-999;-999;75.4649487083499;-999;-999;-999;-999
2016;9;10;3;-999;-999;77.68727000792;-999;-999;-999;-999
2016;9;10;4;-999;-999;75.5183613688762;-999;-999;-999;-999
2016;9;10;5;-999;-999;66.9842414980732;-999;-999;-999;-999
2016;9;10;6;-999;-999;67.5621736213122;-999;-999;-999;-999
2016;9;10;7;-999;-999;64.8362027521197;-999;-999;-999;-999
2016;9;10;8;-999;-999;60.016134731531;-999;-999;-999;-999
2016;9;10;9;-999;-999;67.2707043243587;-999;-999;-999;-999
2016;9;10;10;-999;-999;72.454727729381;-999;-999;-999;-999
2016;9;10;11;-999;-999;90.323987389416;-999;-999;-999;-999
2016;9;10;12;-999;-999;105.553873983099;-999;-999;-999;-999
2016;9;10;13;-999;-999;-999;-999;-999;-999;-999
2016;9;10;14;-999;-999;-999;-999;-999;-999;-999
2016;9;10;15;-999;-999;-999;-999;-999;-999;-999
2016;9;10;16;-999;-999;-999;-999;-999;-999;-999
2016;9;10;17;-999;-999;-999;-999;-999;-999;-999
2016;9;10;18;-999;-999;-999;-999;-999;-999;-999
2016;9;10;19;-999;-999;-999;-999;-999;-999;-999
2016;9;10;20;-999;-999;-999;-999;-999;-999;-999
2016;9;10;21;-999;-999;-999;-999;-999;-999;-999
2016;9;10;22;-999;-999;-999;-999;-999;-999;-999
2016;9;10;23;-999;-999;-999;-999;-999;-999;-999
2016;9;11;0;-999;-999;-999;-999;-999;-999;-999
2016;9;11;1;-999;-999;-999;-999;-999;-999;-999
2016;9;11;2;-999;-999;-999;-999;-999;-999;-999
2016;9;11;3;-999;-999;-999;-999;-999;-999;-999
2016;9;11;4;-999;-999;-999;-999;-999;-999;-999
2016;9;11;5;-999;-999;-999;-999;-999;-999;-999
2016;9;11;6;-999;-999;-999;-999;-999;-999;-999
2016;9;11;7;-999;-999;-999;-999;-999;-999;-999
2016;9;11;8;-999;-999;-999;-999;-999;-999;-999
2016;9;11;9;-999;-999;-999;-999;-999;-999;-999
2016;9;11;10;-999;-999;-999;-999;-999;-999;-999
2016;9;11;11;-999;-999;-999;-999;-999;-999;-999
2016;9;11;12;-999;-999;-999;-999;-999;-999;-999
2016;9;11;13;-999;-999;-999;-999;-999;-999;-999
2016;9;11;14;-999;-999;-999;-999;-999;-999;-999
2016;9;11;15;-999;-999;-999;-999;-999;-999;-999
2016;9;11;16;-999;-999;-999;-999;-999;-999;-999
2016;9;11;17;-999;-999;-999;-999;-999;-999;-999
2016;9;11;18;-999;-999;-999;-999;-999;-999;-999
2016;9;11;19;-999;-999;-999;-999;-999;-999;-999
2016;9;11;20;-999;-999;-999;-999;-999;-999;-999
2016;9;11;21;-999;-999;-999;-999;-999;-999;-999
2016;9;11;22;-999;-999;-999;-999;-999;-999;-999
2016;9;11;23;-999;-999;-999;-999;-999;-999;-999
2016;9;12;0;-999;-999;-999;-999;-999;-999;-999
2016;9;12;1;-999;-999;-999;-999;-999;-999;-999
2016;9;12;2;-999;-999;-999;-999;-999;-999;-999
2016;9;12;3;-999;-999;-999;-999;-999;-999;-999
2016;9;12;4;-999;-999;-999;-999;-999;-999;-999
2016;9;12;5;-999;-999;-999;-999;-999;-999;-999
2016;9;12;6;-999;-999;-999;-999;-999;-999;-999
2016;9;12;7;-999;-999;-999;-999;-999;-999;-999
2016;9;12;8;-999;-999;-999;-999;-999;-999;-999
2016;9;12;9;-999;-999;46.3394572400774;-999;-999;3.07551944626378;-999
2016;9;12;10;-999;-999;56.0465386844813;-999;-999;3.22200047803014;-999
2016;9;12;11;-999;-999;70.728080070398;-999;-999;3.41070778733492;-999
2016;9;12;12;-999;-999;94.382527910312;-999;-999;3.51760814105157;-999
2016;9;12;13;-999;-999;105.030577373332;-999;-999;4.63042076824638;-999
2016;9;12;14;-999;-999;104.620094528142;-999;-999;4.06525524832586;-999
2016;9;12;15;-999;-999;111.047858030372;-999;-999;3.79697728819649;-999
2016;9;12;16;-999;-999;111.593022845828;-999;-999;3.63293852999589;-999
2016;9;12;17;-999;-999;109.879561344448;-999;-999;3.044877636085;-999
2016;9;12;18;-999;-999;95.0765019321434;-999;-999;2.53554203701672;-999
2016;9;12;19;-999;-999;88.8747537419933;-999;-999;2.56766545702954;-999
2016;9;12;20;-999;-999;95.3932955496211;-999;-999;2.49950028665134;-999
2016;9;12;21;-999;-999;97.546442839255;-999;-999;2.33676230326449;-999
2016;9;12;22;-999;-999;105.999145495796;-999;-999;2.31522056472611;-999
2016;9;12;23;-999;-999;109.570284724186;-999;-999;2.19162680954316;-999
2016;9;13;0;-999;-999;109.586467658293;-999;-999;2.45908526947435;-999
2016;9;13;1;-999;-999;83.2965536311601;-999;-999;2.74194425802464;-999
2016;9;13;2;-999;-999;72.0591140345348;-999;-999;2.8185002996988;-999
2016;9;13;3;-999;-999;66.5860102724332;-999;-999;2.74417478326954;-999
2016;9;13;4;-999;-999;57.2999695247594;-999;-999;2.76002655278017;-999
2016;9;13;5;-999;-999;51.7626846604702;-999;-999;2.78247733010159;-999
2016;9;13;6;-999;-999;65.745984895278;-999;-999;3.54309172591923;-999
2016;9;13;7;-999;-999;57.0510066387288;-999;-999;21.470699122899;-999
2016;9;13;8;-999;-999;53.6181469103742;-999;-999;15.1119450857935;-999
2016;9;13;9;-999;-999;54.228101545707;-999;-999;7.91944138692271;-999
2016;9;13;10;-999;-999;63.3551336931083;-999;-999;4.89329366272622;-999
2016;9;13;11;-999;-999;80.334785320994;-999;-999;4.16274042060846;-999
2016;9;13;12;-999;-999;92.0358972237047;-999;-999;3.40464694382923;-999
2016;9;13;13;-999;-999;98.7028806466448;-999;-999;2.96517659595297;-999
2016;9;13;14;-999;-999;98.8378122002145;-999;-999;2.78746009954565;-999
2016;9;13;15;-999;-999;102.664869373169;-999;-999;3.28768866056524;-999
2016;9;13;16;-999;-999;115.005844444452;-999;-999;3.38493592653793;-999
2016;9;13;17;-999;-999;117.62965552395;-999;-999;3.39375654936381;-999
2016;9;13;18;-999;-999;125.584173666524;-999;-999;3.85264723199447;-999
2016;9;13;19;-999;-999;129.166447853956;-999;-999;3.42547600358332;-999
2016;9;13;20;-999;-999;131.057928995048;-999;-999;3.51392960957226;-999
2016;9;13;21;-999;-999;125.193439017803;-999;-999;3.4607164626925;-999
2016;9;13;22;-999;-999;123.252538170445;-999;-999;3.50473499583673;-999
2016;9;13;23;-999;-999;114.47392012546;-999;-999;3.94780953552845;-999
2016;9;14;0;-999;-999;104.511925648394;-999;-999;3.87875858181014;-999
2016;9;14;1;-999;-999;76.6566707803744;-999;-999;3.59103815841683;-999
2016;9;14;2;-999;-999;72.9211860709845;-999;-999;3.31320967897178;-999
2016;9;14;3;-999;-999;64.6741157251579;-999;-999;3.38363276187268;-999
2016;9;14;4;-999;-999;63.7370143198146;-999;-999;3.1717961741401;-999
2016;9;14;5;-999;-999;59.5030035047997;-999;-999;2.86513910567884;-999
2016;9;14;6;-999;-999;56.9472536923216;-999;-999;2.98835577569135;-999
2016;9;14;7;-999;-999;63.1335213898093;-999;-999;3.21453548933009;-999
2016;9;14;8;-999;-999;59.3484697728022;-999;-999;3.61672211432384;-999
2016;9;14;9;-999;-999;52.6509877046917;-999;-999;4.31767986825315;-999
2016;9;14;10;-999;-999;69.1556726715074;-999;-999;4.11222415946075;-999
2016;9;14;11;-999;-999;78.1276681303099;-999;-999;3.7804777050128;-999
2016;9;14;12;-999;-999;86.6647989126883;-999;-999;3.74398168881081;-999
2016;9;14;13;-999;-999;96.2193349397391;-999;-999;4.02430339144604;-999
2016;9;14;14;-999;-999;108.530115196463;-999;-999;4.26458584953667;-999
2016;9;14;15;-999;-999;101.14860542367;-999;-999;3.46815341566612;-999
2016;9;14;16;-999;-999;92.7457573660335;-999;-999;2.98633286596209;-999
2016;9;14;17;-999;-999;79.2773210948221;-999;-999;2.68052165311776;-999
2016;9;14;18;-999;-999;107.291449559898;-999;-999;3.06469693040064;-999
2016;9;14;19;-999;-999;98.6480089105956;-999;-999;2.65194785893262;-999
2016;9;14;20;-999;-999;102.000508367303;-999;-999;2.73469342415875;-999
2016;9;14;21;-999;-999;104.338502032022;-999;-999;2.82844113467116;-999
2016;9;14;22;-999;-999;103.979918173142;-999;-999;2.73956533311545;-999
2016;9;14;23;-999;-999;85.6193557424917;-999;-999;2.53759021109449;-999
2016;9;15;0;-999;-999;68.0264922425044;-999;-999;2.76468055568334;-999
2016;9;15;1;-999;-999;65.7348447189974;-999;-999;3.07978925146798;-999
2016;9;15;2;-999;-999;68.1353463447135;-999;-999;4.26493818370577;-999
2016;9;15;3;-999;-999;60.8317108915751;-999;-999;4.78954320274582;-999
2016;9;15;4;-999;-999;61.350917093696;-999;-999;4.412423435929;-999
2016;9;15;5;-999;-999;56.9907304524156;-999;-999;4.24389988932815;-999
2016;9;15;6;-999;-999;59.3353764365646;-999;-999;3.92354019775279;-999
2016;9;15;7;-999;-999;47.4137293623106;-999;-999;4.03359186987296;-999
2016;9;15;8;-999;-999;29.7366390753919;-999;-999;3.39327084639369;-999
2016;9;15;9;-999;-999;32.9321828257432;-999;-999;3.3272770234577;-999
2016;9;15;10;-999;-999;53.2161380445204;-999;-999;3.10284187248704;-999
2016;9;15;11;-999;-999;75.8783442402465;-999;-999;3.60326978494297;-999
2016;9;15;12;-999;-999;81.9409193058163;-999;-999;4.05397243322482;-999
2016;9;15;13;-999;-999;92.1782061194821;-999;-999;4.19087770405875;-999
2016;9;15;14;-999;-999;101.839352969014;-999;-999;4.2987363280554;-999
2016;9;15;15;-999;-999;104.037187052308;-999;-999;3.83927151475099;-999
2016;9;15;16;-999;-999;99.7773521761975;-999;-999;4.07740891116582;-999
2016;9;15;17;-999;-999;94.5969081217233;-999;-999;4.00305272595882;-999
2016;9;15;18;-999;-999;83.8857712778156;-999;-999;3.46610802090987;-999
2016;9;15;19;-999;-999;81.0470174278598;-999;-999;3.2715865265227;-999
2016;9;15;20;-999;-999;79.169572519242;-999;-999;3.21130670280736;-999
2016;9;15;21;-999;-999;78.594732380295;-999;-999;3.26414437340625;-999
2016;9;15;22;-999;-999;91.6981421080775;-999;-999;3.00095054486092;-999
2016;9;15;23;-999;-999;96.5184788279302;-999;-999;2.47277680314717;-999
2016;9;16;0;-999;-999;93.6528487684284;-999;-999;2.65809917195333;-999
2016;9;16;1;-999;-999;90.2898820513941;-999;-999;2.62906242058355;-999
2016;9;16;2;-999;-999;97.1160176420045;-999;-999;2.65504733709611;-999
2016;9;16;3;-999;-999;99.8054473042333;-999;-999;2.63745549950927;-999
2016;9;16;4;-999;-999;97.7411640660391;-999;-999;2.72330500788732;-999
2016;9;16;5;-999;-999;89.2473890536743;-999;-999;2.66345518665053;-999
2016;9;16;6;-999;-999;87.8102809750441;-999;-999;2.46054352658698;-999
2016;9;16;7;-999;-999;86.3253287814259;-999;-999;2.58645136646304;-999
2016;9;16;8;-999;-999;75.6997115923409;-999;-999;2.41478892559316;-999
2016;9;16;9;-999;-999;75.7242022931086;-999;-999;2.20966910123405;-999
2016;9;16;10;-999;-999;80.3404728325056;-999;-999;3.76095582450437;-999
2016;9;16;11;-999;-999;81.4006137601675;-999;-999;0.470431820760664;-999
2016;9;16;12;-999;-999;78.1037247906016;-999;-999;2.0802792969705;-999
2016;9;16;13;-999;-999;82.6638769018733;-999;-999;2.32064672905252;-999
2016;9;16;14;-999;-999;78.2917044206114;-999;-999;2.56321813183457;-999
2016;9;16;15;-999;-999;78.6784495994069;-999;-999;2.13269465202683;-999
2016;9;16;16;-999;-999;81.077454198758;-999;-999;2.03585471905143;-999
2016;9;16;17;-999;-999;73.5620596733644;-999;-999;2.07196299978369;-999
2016;9;16;18;-999;-999;72.0975414730299;-999;-999;1.98172449299625;-999
2016;9;16;19;-999;-999;70.3730774532125;-999;-999;2.01519129311956;-999
2016;9;16;20;-999;-999;53.3628340618191;-999;-999;1.90117749183934;-999
2016;9;16;21;-999;-999;51.4050253947551;-999;-999;2.17766072875774;-999
2016;9;16;22;-999;-999;43.2683251811248;-999;-999;2.04779721744355;-999
2016;9;16;23;-999;-999;54.3626859436963;-999;-999;-999;-999
2016;9;17;0;-999;-999;51.1880092679207;-999;-999;-999;-999
2016;9;17;1;-999;-999;52.3186778068828;-999;-999;-999;-999
2016;9;17;2;-999;-999;36.7771707326662;-999;-999;-999;-999
2016;9;17;3;-999;-999;39.6907359699766;-999;-999;-999;-999
2016;9;17;4;-999;-999;19.1661389023256;-999;-999;-999;-999
2016;9;17;5;-999;-999;28.3176803915342;-999;-999;-999;-999
2016;9;17;6;-999;-999;33.7270968587659;-999;-999;-999;-999
2016;9;17;7;-999;-999;37.145648382097;-999;-999;-999;-999
2016;9;17;8;-999;-999;33.2889437857105;-999;-999;-999;-999
2016;9;17;9;-999;-999;53.3420907081677;-999;-999;-999;-999
2016;9;17;10;-999;-999;62.6234741756962;-999;-999;-999;-999
2016;9;17;11;-999;-999;63.8419122181666;-999;-999;-999;-999
2016;9;17;12;-999;-999;64.123129093352;-999;-999;-999;-999
2016;9;17;13;-999;-999;65.1530572845202;-999;-999;-999;-999
2016;9;17;14;-999;-999;63.0812511838957;-999;-999;-999;-999
2016;9;17;15;-999;-999;71.686151190316;-999;-999;-999;-999
2016;9;17;16;-999;-999;-999;-999;-999;-999;-999
2016;9;17;17;-999;-999;-999;-999;-999;-999;-999
2016;9;17;18;-999;-999;-999;-999;-999;-999;-999
2016;9;17;19;-999;-999;-999;-999;-999;-999;-999
2016;9;17;20;-999;-999;-999;-999;-999;-999;-999
2016;9;17;21;-999;-999;-999;-999;-999;-999;-999
2016;9;17;22;-999;-999;-999;-999;-999;-999;-999
2016;9;17;23;-999;-999;-999;-999;-999;-999;-999
2016;9;18;0;-999;-999;-999;-999;-999;-999;-999
2016;9;18;1;-999;-999;-999;-999;-999;-999;-999
2016;9;18;2;-999;-999;-999;-999;-999;-999;-999
2016;9;18;3;-999;-999;-999;-999;-999;-999;-999
2016;9;18;4;-999;-999;-999;-999;-999;-999;-999
2016;9;18;5;-999;-999;-999;-999;-999;-999;-999
2016;9;18;6;-999;-999;-999;-999;-999;-999;-999
2016;9;18;7;-999;-999;-999;-999;-999;-999;-999
2016;9;18;8;-999;-999;-999;-999;-999;-999;-999
2016;9;18;9;-999;-999;-999;-999;-999;-999;-999
2016;9;18;10;-999;-999;-999;-999;-999;-999;-999
2016;9;18;11;-999;-999;-999;-999;-999;-999;-999
2016;9;18;12;-999;-999;-999;-999;-999;-999;-999
2016;9;18;13;-999;-999;-999;-999;-999;-999;-999
2016;9;18;14;-999;-999;-999;-999;-999;-999;-999
2016;9;18;15;-999;-999;-999;-999;-999;-999;-999
2016;9;18;16;-999;-999;-999;-999;-999;-999;-999
2016;9;18;17;-999;-999;-999;-999;-999;-999;-999
2016;9;18;18;-999;-999;-999;-999;-999;-999;-999
2016;9;18;19;-999;-999;-999;-999;-999;-999;-999
2016;9;18;20;-999;-999;-999;-999;-999;-999;-999
2016;9;18;21;-999;-999;-999;-999;-999;-999;-999
2016;9;18;22;-999;-999;-999;-999;-999;-999;-999
2016;9;18;23;-999;-999;-999;-999;-999;-999;-999
2016;9;19;0;-999;-999;-999;-999;-999;-999;-999
2016;9;19;1;-999;-999;-999;-999;-999;-999;-999
2016;9;19;2;-999;-999;-999;-999;-999;-999;-999
2016;9;19;3;-999;-999;-999;-999;-999;-999;-999
2016;9;19;4;-999;-999;-999;-999;-999;-999;-999
2016;9;19;5;-999;-999;-999;-999;-999;-999;-999
2016;9;19;6;-999;-999;-999;-999;-999;-999;-999
2016;9;19;7;-999;-999;50.4428037200225;-999;-999;2.04612869357905;-999
2016;9;19;8;-999;-999;46.0977473134898;-999;-999;2.07741189220076;-999
2016;9;19;9;-999;-999;46.2426355482939;-999;-999;1.87656174297416;-999
2016;9;19;10;-999;-999;47.1311964317735;-999;-999;2.54566908701765;-999
2016;9;19;11;-999;-999;49.2422608772931;-999;-999;2.67738956355152;-999
2016;9;19;12;-999;-999;61.6256830093518;-999;-999;2.34879542758485;-999
2016;9;19;13;-999;-999;65.1345332957932;-999;-999;2.48051615978942;-999
2016;9;19;14;-999;-999;59.8941149482834;-999;-999;2.41181174551903;-999
2016;9;19;15;-999;-999;54.2132440749183;-999;-999;2.23606119208645;-999
2016;9;19;16;-999;-999;54.6763372315534;-999;-999;2.08982365114084;-999
2016;9;19;17;-999;-999;51.1320984975225;-999;-999;2.09776212930734;-999
2016;9;19;18;-999;-999;48.0434456211291;-999;-999;2.03962358936247;-999
2016;9;19;19;-999;-999;42.1539365020595;-999;-999;2.03963291205685;-999
2016;9;19;20;-999;-999;29.8030595296267;-999;-999;2.22157993698904;-999
2016;9;19;21;-999;-999;29.0588427584011;-999;-999;1.96564234938473;-999
2016;9;19;22;-999;-999;29.6714720562925;-999;-999;2.2837174402798;-999
2016;9;19;23;-999;-999;39.5967449495672;-999;-999;3.09916430055836;-999
2016;9;20;0;-999;-999;32.277143736179;-999;-999;2.96878252322159;-999
2016;9;20;1;-999;-999;26.9688975984797;-999;-999;2.54984076851623;-999
2016;9;20;2;-999;-999;22.0153055398339;-999;-999;2.24807800456255;-999
2016;9;20;3;-999;-999;27.562606521848;-999;-999;2.47629608408402;-999
2016;9;20;4;-999;-999;31.4004296342059;-999;-999;2.30228862089372;-999
2016;9;20;5;-999;-999;28.7468793802381;-999;-999;1.95381644772031;-999
2016;9;20;6;-999;-999;40.6051604294348;-999;-999;2.4036427397538;-999
2016;9;20;7;-999;-999;41.3275161075;-999;-999;2.59750518727747;-999
2016;9;20;8;-999;-999;46.3499515276162;-999;-999;2.36181292385231;-999
2016;9;20;9;-999;-999;54.9901010503197;-999;-999;2.20453903113273;-999
2016;9;20;10;-999;-999;54.4549217145501;-999;-999;2.27724596955021;-999
2016;9;20;11;-999;-999;56.9242904433889;-999;-999;2.35083502619423;-999
2016;9;20;12;-999;-999;68.021884199027;-999;-999;2.52355754778556;-999
2016;9;20;13;2.42325133762432;3.23029254878773;76.9387449627374;-999;-999;2.12042861768681;0.526349576527595
2016;9;20;14;2.45878977268118;3.66474219536677;81.7597137081792;-999;-999;2.14026510346723;0.786518133414717
2016;9;20;15;2.39488174894219;3.59428142014209;78.71182961008;-999;-999;2.32224416816451;0.782244450829643
2016;9;20;16;8.83591997384501;16.29659147537;75.9517020593008;-999;-999;2.36235059094289;4.86582498033559
2016;9;20;17;2.82529260624411;4.29487387939344;84.0238774525436;-999;-999;2.09887920298605;0.958455987247494
2016;9;20;18;2.08746528069741;2.89479909846136;81.840201518444;-999;-999;2.16718367270851;0.526540413573037
2016;9;20;19;3.57815250156632;5.54593967957068;77.7056679512234;-999;-999;2.05395562981639;1.28338421075912
2016;9;20;20;4.37669315592413;6.68820963570709;75.9926269529137;-999;-999;2.0173933884035;1.50756331082079
2016;9;20;21;4.69769167467737;7.13250052651788;70.8665003241278;-999;-999;2.08746201751636;1.58797418318259
2016;9;20;22;4.05787728122697;6.08805572316342;70.2532844942268;-999;-999;2.00727703066439;1.32407558425458
2016;9;20;23;3.76390397319108;5.4529163999616;71.3729875700009;-999;-999;2.00816755801627;1.10156825114165
2016;9;21;0;2.86577435716763;4.14601256735465;69.8766088599275;-999;-999;2.09718529996925;0.834967075367787
2016;9;21;1;2.75497680044976;4.20352396882161;69.9338872559481;-999;-999;1.87114613974957;0.944737614518672
2016;9;21;2;2.37734692459232;3.64480239343587;66.8652046613115;-999;-999;1.81563297847563;0.826630214251002
2016;9;21;3;3.04859653027622;4.79532935560521;64.8458453955624;-999;-999;1.90509171849893;1.13921330187513
2016;9;21;4;2.61146385076855;3.99690159918505;65.3950215088744;-999;-999;1.97736682736481;0.903577862068709
2016;9;21;5;4.60243965004606;6.4158919965404;62.2867392325537;-999;-999;2.88292456149955;1.18272755025024
2016;9;21;6;3.69789808397716;5.2207357913633;62.4629997284721;-999;-999;2.61413827538817;0.993189655392529
2016;9;21;7;4.2522635981546;5.95817610605926;60.8356155429975;-999;-999;2.65160884203949;1.11259042748803
2016;9;21;8;4.77041152147715;6.77738308745672;57.1545737597464;-999;-999;3.80793737135262;1.30894013743542
2016;9;21;9;3.79713410292995;5.87878456749218;57.4488237732307;-999;-999;3.44431247348277;1.35764546511982
2016;9;21;10;3.71292863070015;5.85707799830921;63.8702768871765;-999;-999;2.61992430961869;1.39840704048561
2016;9;21;11;4.55755551047384;7.37648775085064;70.1438908983803;-999;-999;2.3647850682771;1.8384981714173
2016;9;21;12;3.53587426050368;5.77497287721724;73.7841413423556;-999;-999;1.99418244487042;1.46033262292981
2016;9;21;13;3.03581442769779;5.0771694958426;74.2139858081255;-999;-999;2.06558309320711;1.33136494245637
2016;9;21;14;4.32269152704739;7.67306949961792;76.9445257273376;-999;-999;1.95013136618344;2.1851052990562
2016;9;21;15;4.19443179373778;6.27314810763036;76.7022708375073;-999;-999;2.23394791252547;1.3557318218745
2016;9;21;16;2.94162853584699;4.97689946926125;77.396867539839;-999;-999;2.06869622147231;1.32739689015041
2016;9;21;17;3.50949372364956;5.78617831499615;75.3471039516544;-999;-999;2.34767203938091;1.48484606977469
2016;9;21;18;3.20271693527547;4.79761630087227;75.4823461685157;-999;-999;2.4790134640447;1.04018802766695
2016;9;21;19;2.57457625439075;4.24746808215363;76.6927106975169;-999;-999;2.10001517830979;1.09105445042904
2016;9;21;20;2.17056376114544;3.42707668640493;78.4142514786566;-999;-999;1.98279519616709;0.819493523953235
2016;9;21;21;2.14176166687264;3.47406962740869;76.4867376823422;-999;-999;2.15953231652813;0.868926792253372
2016;9;21;22;3.94946808080666;5.75679851219159;71.3935411960434;-999;-999;2.32833935265246;1.17873485770764
2016;9;21;23;3.48082626444501;5.23215682246964;66.6074170229113;-999;-999;2.31733309477207;1.14221192774933
2016;9;22;0;10.7410299611565;13.1954353845734;46.9330501700718;-999;-999;2.50245204005979;1.6007550015695
2016;9;22;1;10.1476684706791;12.6553866114444;43.7185802167719;-999;-999;2.90221275448973;1.6355253773715
2016;9;22;2;9.06403932870523;11.2179477296456;44.6411161685784;-999;-999;2.81859713246151;1.4047718493581
2016;9;22;3;6.24725033406024;8.58325480588451;47.2432947521274;-999;-999;2.76848189333246;1.52353429726196
2016;9;22;4;6.68972016692597;9.08491454353481;43.0521885395917;-999;-999;2.69555266958328;1.56213775503725
2016;9;22;5;5.97986904587863;8.23982096772107;39.5153541172264;-999;-999;2.5130968828977;1.47393307873301
2016;9;22;6;6.47750279817379;8.80111223860496;31.6284292806926;-999;-999;2.318737893951;1.51545029927702
2016;9;22;7;5.47440066068976;7.62170539093555;31.2267819698614;-999;-999;2.52502506581167;1.40046495743541
2016;9;22;8;4.8100659771218;7.5091212405691;30.8562678597347;-999;-999;2.89087128888178;1.76031480832573
2016;9;22;9;3.79019105626919;6.47241632301587;38.8982188364318;-999;-999;3.11523770255676;1.74933834081229
2016;9;22;10;4.22507308358349;7.01391071506195;46.01445566596;-999;-999;2.75779203216636;1.81887056822889
2016;9;22;11;5.24145760540147;8.10711766416628;59.767481670118;-999;-999;2.66343707877373;1.86897389815885
2016;9;22;12;2.95195287137472;5.22364676503368;68.3642451547874;-999;-999;2.14161522144545;1.48159115344808
2016;9;22;13;2.88116285656434;4.37266208108837;69.0617669217607;-999;-999;2.1094491292227;0.97275080176855
2016;9;22;14;2.88039304043008;4.37912833386064;72.893992302763;-999;-999;2.13326064485003;0.977470141688234
2016;9;22;15;2.77158984566026;4.7592430931584;75.0672553362507;-999;-999;1.85601437667078;1.29634079478566
2016;9;22;16;2.58016126076593;4.19836319010122;78.0508053288408;-999;-999;2.13592581270651;1.05538588173698
2016;9;22;17;3.1265052764647;5.11582821545715;80.5785573661349;-999;-999;2.01559815983132;1.29742976198932
2016;9;22;18;3.28321813702387;5.03281365461341;79.9929308761563;-999;-999;1.86529392779152;1.14108034018523
2016;9;22;19;2.60406264243821;4.18193114543697;79.4099287774187;-999;-999;2.03016326858983;1.02908055608758
2016;9;22;20;2.19143853475494;3.51511764035632;79.638198861923;-999;-999;2.07204925951316;0.863299081948176
2016;9;22;21;1.96300842305085;3.35817933393246;79.4703333313706;-999;-999;2.0905728198346;0.909925798048827
2016;9;22;22;2.36927409281982;3.77512648246694;78.0118640823415;-999;-999;2.02798670268437;0.916892222745794
2016;9;22;23;3.43829905897848;4.9476340605337;75.2968815552936;-999;-999;2.07869029352539;0.984383235846942
2016;9;23;0;3.78374082839325;5.37649942146081;72.3761556813489;-999;-999;2.07252826934718;1.03879182298915
2016;9;23;1;3.0834172441495;4.52414057072751;74.9503788173676;-999;-999;2.00200515672348;0.93963493108932
2016;9;23;2;2.71142725945705;4.29014248918706;75.1890998932248;-999;-999;2.31500571634184;1.02963278842747
2016;9;23;3;2.45978635790841;3.53775510612258;74.5230801695317;-999;-999;2.12942504753525;0.703047609321687
2016;9;23;4;6.8344664007165;8.96547484322827;48.4747869141433;-999;-999;2.21936694094454;1.38983657312353
2016;9;23;5;7.17635263097995;9.12051241285438;40.7438047095257;-999;-999;1.9654507402993;1.26797450209069
2016;9;23;6;7.28562788671306;9.85927761359797;37.5896720578802;-999;-999;2.0972733641329;1.67852573714722
2016;9;23;7;6.88628109108177;9.42363077878686;33.783241180313;-999;-999;2.43982647798411;1.65485097310055
2016;9;23;8;5.91989087818653;9.49236556719748;26.8564362229319;-999;-999;3.13903765103558;2.32995603409867
2016;9;23;9;5.39038468651687;9.9193435082251;30.5614063795412;-999;-999;2.38606694157681;2.95377178382331
2016;9;23;10;4.08581769164453;6.83983249662116;36.5470257539494;-999;-999;2.15418419396581;1.79615923734616
2016;9;23;11;3.79813405650401;6.04090895023395;57.6066119197646;-999;-999;2.10305345176346;1.46273027849437
2016;9;23;12;3.28713870401098;5.79601074983823;66.6626322776524;-999;-999;1.95360780420535;1.63627795039047
2016;9;23;13;2.85116219561386;4.94002695207276;71.4803677075741;-999;-999;1.96640151251064;1.36235060214657
2016;9;23;14;3.12248072280754;5.20983463468896;78.8761705138785;-999;-999;2.05150041901779;1.36136523437036
2016;9;23;15;3.12262569722486;4.82567450412191;82.7407568641833;-999;-999;2.02329288936321;1.11072273127647
2016;9;23;16;2.57976078790669;4.52916465015587;86.3576266277043;-999;-999;1.84077450777898;1.2713946737577
2016;9;23;17;2.45619322248969;3.94687756941016;91.5192173652633;-999;-999;2.11369415453983;0.972219341323129
2016;9;23;18;2.37977327954685;3.92069624553125;94.6006879459189;-999;-999;1.94351798301771;1.00498480051388
2016;9;23;19;2.54264297671816;3.78922674398315;95.8205917514342;-999;-999;2.27420121017254;0.813017760344896
2016;9;23;20;3.31016394652689;4.64181372194094;92.6569152593298;-999;-999;2.06742876620613;0.868497526119936
2016;9;23;21;3.88521289120981;5.43909281994013;90.8954775992115;-999;-999;1.93252059587555;1.01343528824618
2016;9;23;22;3.75392004891398;5.13675999277401;89.2474086551388;-999;-999;1.96074737820857;0.901883582632561
2016;9;23;23;3.51503761504268;5.00148940769835;88.5841660657467;-999;-999;1.89197284993516;0.969458883599171
2016;9;24;0;3.32213273841498;5.21668071329877;88.2852436433085;-999;-999;2.02822546559866;1.23561784763603
2016;9;24;1;3.45176599010879;5.34321484810173;84.9784864707416;-999;-999;1.98811019289183;1.23359661397343
2016;9;24;2;5.60157097298557;7.40798813635629;72.6331181415658;-999;-999;2.66185852875018;1.17813922736573
2016;9;24;3;6.7254913317733;8.55707025156005;53.5320374817175;-999;-999;2.69361807732704;1.19454964067682
2016;9;24;4;7.89598197145028;10.146429746861;49.132252642717;-999;-999;2.27077655600039;1.46773450624327
2016;9;24;5;9.23749982642685;11.791304972868;41.441630684672;-999;-999;2.64955523112336;1.66558316820719
2016;9;24;6;10.5541939130618;12.7937843311186;30.9670493081813;-999;-999;2.62972739990435;1.4606533741197
2016;9;24;7;9.92755592827631;12.8966377599713;31.0100398732587;-999;-999;3.35377820012935;1.93642523228221
2016;9;24;8;6.30800826258742;9.15001814435753;33.2866557372192;-999;-999;2.93930398155151;1.85354933188668
2016;9;24;9;4.47431883467021;7.32740355031172;42.616239252304;-999;-999;2.63726693033225;1.86077230146703
2016;9;24;10;3.4282999391298;5.10377021123604;50.6088154247195;-999;-999;2.27216733706139;1.092736103199
2016;9;24;11;3.69508807063341;5.99056921798507;57.8743664703532;-999;-999;2.3004003619403;1.49710512068384
2016;9;24;12;3.06360545402134;5.2256668434502;78.6360421712006;-999;-999;2.1562159728056;1.41008920115993
2016;9;24;13;2.64770791464282;4.68167244331184;87.4090543043586;-999;-999;2.20781953250151;1.32654485734847
2016;9;24;14;2.43371494019865;3.90639931559391;91.5884185788332;-999;-999;1.91899181721884;0.960479820145338
2016;9;24;15;2.44335814297417;4.44035703754346;92.7679411781418;-999;-999;1.82066189283804;1.30243599452296
2016;9;24;16;2.41793553944938;4.11277624538841;91.9304511636036;-999;-999;1.91327569384914;1.10536943530647
2016;9;24;17;2.51973818342527;4.16120282122893;92.4645990950492;-999;-999;1.92519035185617;1.07055774233325
2016;9;24;18;4.72958997443688;6.71228285374987;99.0402269440094;-999;-999;2.05837821200393;1.29310565925905
2016;9;24;19;3.61978621810743;5.07939493905339;101.078318776683;-999;-999;2.04207019355038;0.951951922081392
2016;9;24;20;3.13491554068938;4.36705924621316;102.819933108509;-999;-999;1.97107896334843;0.803600000412213
2016;9;24;21;2.84640910204626;4.11532910346301;99.7263108726342;-999;-999;-999;0.827585377493037
2016;9;24;22;2.86617508971585;4.1439054554685;97.6564241833528;-999;-999;-999;0.833331467622156
2016;9;24;23;2.67659175417405;4.30127266517055;96.3911085225722;-999;-999;-999;1.05961145188945
2016;9;25;0;2.87930398590673;4.82681915326103;92.4156892498802;-999;-999;-999;0.93006345514559
2016;9;25;1;-999;-999;80.8069240726024;-999;-999;-999;-999
2016;9;25;2;-999;-999;64.6192088231117;-999;-999;-999;-999
2016;9;25;3;-999;-999;51.941288169298;-999;-999;-999;-999
2016;9;25;4;-999;-999;55.1203256393148;-999;-999;-999;-999
2016;9;25;5;-999;-999;54.6358223911932;-999;-999;-999;-999
2016;9;25;6;-999;-999;49.6035598429885;-999;-999;-999;-999
2016;9;25;7;-999;-999;48.9031991863879;-999;-999;-999;-999
2016;9;25;8;-999;-999;49.7699774691165;-999;-999;-999;-999
2016;9;25;9;-999;-999;34.3700625769002;-999;-999;-999;-999
2016;9;25;10;-999;-999;41.7903044942452;-999;-999;-999;-999
2016;9;25;11;-999;-999;61.6975450362652;-999;-999;-999;-999
2016;9;25;12;-999;-999;79.1213119735747;-999;-999;-999;-999
2016;9;25;13;-999;-999;92.883715027956;-999;-999;-999;-999
2016;9;25;14;-999;-999;-999;-999;-999;-999;-999
2016;9;25;15;-999;-999;-999;-999;-999;-999;-999
2016;9;25;16;-999;-999;-999;-999;-999;-999;-999
2016;9;25;17;-999;-999;-999;-999;-999;-999;-999
2016;9;25;18;-999;-999;-999;-999;-999;-999;-999
2016;9;25;19;-999;-999;-999;-999;-999;-999;-999
2016;9;25;20;-999;-999;-999;-999;-999;-999;-999
2016;9;25;21;-999;-999;-999;-999;-999;-999;-999
2016;9;25;22;-999;-999;-999;-999;-999;-999;-999
2016;9;25;23;-999;-999;-999;-999;-999;-999;-999
2016;9;26;0;-999;-999;-999;-999;-999;-999;-999
2016;9;26;1;-999;-999;-999;-999;-999;-999;-999
2016;9;26;2;-999;-999;-999;-999;-999;-999;-999
2016;9;26;3;-999;-999;-999;-999;-999;-999;-999
2016;9;26;4;-999;-999;-999;-999;-999;-999;-999
2016;9;26;5;-999;-999;-999;-999;-999;-999;-999
2016;9;26;6;-999;-999;-999;-999;-999;-999;-999
2016;9;26;7;-999;-999;-999;-999;-999;-999;-999
2016;9;26;8;-999;-999;-999;-999;-999;-999;-999
2016;9;26;9;3.52423098409531;6.74178967159438;42.2238595562444;-999;-999;2.31240410151293;2.09848100591597
2016;9;26;10;4.62858801824269;7.73985498385771;34.2275814581957;-999;-999;2.24580234219101;2.02915790069139
2016;9;26;11;3.69856360289614;5.98007628873966;51.7930637380996;-999;-999;2.13949593979799;1.4879949368446
2016;9;26;12;3.87668389556366;6.37234037560204;62.7886006102242;-999;-999;2.14877032749406;1.62765880261918
2016;9;26;13;3.50181180779273;5.85617929220157;69.2168474367683;-999;-999;2.2392184998679;1.53551059260347
2016;9;26;14;4.90837794406155;7.27571020097626;78.0059407491251;-999;-999;2.22422996556257;1.54396617383507
2016;9;26;15;3.68357049715835;5.73640836781583;82.0299599461148;-999;-999;2.15894796066025;1.33885398781898
2016;9;26;16;3.93296920379741;6.45001274064069;90.411802288337;-999;-999;2.1113117805428;1.64160736947885
2016;9;26;17;3.8780380153488;5.60252601262217;95.995792987189;-999;-999;2.2017625977723;1.12470529947694
2016;9;26;18;3.52059530509212;5.14654502750004;93.9770368584383;-999;-999;2.19162640778893;1.06043896644492
2016;9;26;19;3.64902326024099;5.00415016580831;90.2878838697615;-999;-999;2.32575676089071;0.883809231821364
2016;9;26;20;3.79297123050562;5.23535134409975;91.5755848377987;-999;-999;2.26841402270115;0.940715482035499
2016;9;26;21;3.63249246049137;4.90355591882382;90.4032064606554;-999;-999;2.24989579905982;0.828983332918702
2016;9;26;22;3.78522178505357;5.08148873190953;87.0770090363941;-999;-999;2.19299261738733;0.8454209637706
2016;9;26;23;2.93117787588156;4.4359877154499;90.1300779235154;-999;-999;2.41536749502058;0.981431940346087
2016;9;27;0;3.32824230990498;4.70864535771211;81.9296732899387;-999;-999;2.09374283362848;0.900294247183834
2016;9;27;1;3.08897196242201;4.7636295211975;84.1514811521368;-999;-999;2.0094822480124;1.09220605428507
2016;9;27;2;3.5408932389799;5.25395286908181;74.7171017896519;-999;-999;2.00265143371223;1.11725175666165
2016;9;27;3;3.92606514189738;5.81359560813775;66.8589349914946;-999;-999;1.87801857022258;1.23104105198836
2016;9;27;4;4.18358388543687;5.72946551482237;66.118806550166;-999;-999;2.1206966782783;1.00821882418605
2016;9;27;5;5.07176877089528;6.79537854405026;52.8777911775892;-999;-999;2.40838356149962;1.12413252464658
2016;9;27;6;5.23391050302924;7.35113944744158;45.4621258235713;-999;-999;2.09424279417585;1.38084963058692
2016;9;27;7;6.45823523076994;8.47308896894631;36.2491013724316;-999;-999;2.32678139789775;1.31408086375834
2016;9;27;8;5.06010725778695;7.3611677642338;31.1415595385194;-999;-999;2.5306427607057;1.50074396001005
2016;9;27;9;5.42460471949209;8.52463734373199;20.6169503845424;-999;-999;2.25091177167986;2.02183090085102
2016;9;27;10;4.69219200501626;7.91304151555359;31.3437799114867;-999;-999;2.18517756515338;2.10062726968622
2016;9;27;11;3.29827880091222;4.91838768395627;57.5726405436126;-999;-999;2.02810461194127;1.05662959056273
2016;9;27;12;2.26755730793984;3.98761441105024;68.985383506601;-999;-999;2.11018625246442;1.12181548513529
2016;9;27;13;1.96295155290198;3.42456207980403;77.8215229290372;-999;-999;1.96414085940017;0.953257493225342
2016;9;27;14;2.46968834800234;4.10627535462332;86.5121774649794;-999;-999;1.95929573091497;1.0673765676027
2016;9;27;15;1.96506384219648;3.35042074099207;86.5048440424968;-999;-999;1.78544658263489;0.903525132216582
2016;9;27;16;2.50970584980666;4.05050676514498;88.8299983577633;-999;-999;1.70823241314733;1.00490519949105
2016;9;27;17;3.33420470897899;4.35449439727034;93.5573809998905;-999;-999;1.81281977451668;0.665429519508007
2016;9;27;18;4.91248405232372;6.87834921759859;100.329657972112;-999;-999;2.12083662285092;1.28213068049046
2016;9;27;19;3.85488265009269;5.63569950039101;95.086169965821;-999;-999;2.06259739189102;1.16144278887134
2016;9;27;20;3.34397593018605;4.54525583956349;90.1027513207228;-999;-999;2.03304089519453;0.78347073587535
2016;9;27;21;2.65521606315716;3.96340244581603;90.7765968101986;-999;-999;1.83005880788467;0.853194779903558
2016;9;27;22;2.35951828208908;3.67906694096197;89.3400416800525;-999;-999;1.82256423661887;0.860605218417624
2016;9;27;23;2.62573419478237;4.25467913588757;90.2935670518643;-999;-999;1.93951459714041;1.06239243805344
2016;9;28;0;5.67710545711861;8.44936496929185;77.2099755351241;-999;-999;1.97968125707777;1.80805837430964
2016;9;28;1;8.700390029059;11.0731041520591;61.1459491635858;-999;-999;2.74799614662399;1.54747620888137
2016;9;28;2;7.69617251513158;10.3339063401765;61.5779094246031;-999;-999;2.87599003244549;1.72032117145977
2016;9;28;3;5.52634512438921;7.47588056484089;62.6938075255633;-999;-999;2.56664847935549;1.27148048862095
2016;9;28;4;6.3436191504269;9.26100512793603;58.8936854478498;-999;-999;2.53047552113334;1.90270936922275
2016;9;28;5;5.43033735333727;7.92823395248416;57.913152717207;-999;-999;2.45899539915041;1.62911980080344
2016;9;28;6;5.55438064824241;7.58322227120916;51.8031871468944;-999;-999;2.23525816490543;1.32320371539725
2016;9;28;7;5.81381321230568;8.12349024249229;51.1649088445843;-999;-999;2.76971432205787;1.50636362795121
2016;9;28;8;4.90451899438701;7.58845887356769;48.3472279561996;-999;-999;2.66734176028381;1.75045660530247
2016;9;28;9;5.04281257422025;7.90921007823727;36.6874857263085;-999;-999;2.24764847951531;1.8694548574839
2016;9;28;10;5.30150358029458;8.30651484152517;40.9805180173932;-999;-999;2.12717490144633;1.95985828595949
2016;9;28;11;4.79167667388016;7.47238050507367;51.3482988192337;-999;-999;2.17793917214851;1.74834606563719
2016;9;28;12;3.52525625051559;6.10347164967934;75.2822200052345;-999;-999;2.23973775634601;1.68150345332489
2016;9;28;13;3.16906970157311;5.85024614277395;87.8363845889689;-999;-999;1.79972416137265;1.74865430030202
2016;9;28;14;4.01598596005383;6.55269116811075;89.0279339353105;-999;-999;1.92331044363843;1.65443064563126
2016;9;28;15;3.32014762545681;5.10605230294865;91.2218883888401;-999;-999;1.92905605166715;1.16476105273657
2016;9;28;16;2.81978643630886;4.45011836079664;94.1051572396501;-999;-999;1.92862309782876;1.06329702397295
2016;9;28;17;2.91883162475818;4.54602735788008;95.4568115718389;-999;-999;1.99615982585941;1.06125161046182
2016;9;28;18;3.63809513309054;5.62644497030294;96.7891284658466;-999;-999;1.99969981527189;1.29679510826561
2016;9;28;19;3.97262312875578;5.6510095621915;99.0269038238484;-999;-999;2.02707400533847;1.09463801385687
2016;9;28;20;4.36383689542883;6.1439079672411;93.0205829337543;-999;-999;2.2905847856505;1.16095639463907
2016;9;28;21;5.18328271129625;7.15439665463214;90.3630109710191;-999;-999;2.14008561938115;1.28555391597273
2016;9;28;22;5.1495621154499;7.25237632804812;86.666730213724;-999;-999;2.18776518736298;1.3714483907479
2016;9;28;23;5.37846823474272;7.02160222261782;84.03081556364;-999;-999;2.17056165366802;1.07164648686206
2016;9;29;0;4.67192158919728;6.42149287862197;82.7096943869612;-999;-999;2.05448589620422;1.14106453865721
2016;9;29;1;5.39727475951887;7.45854757457735;77.7281895003976;-999;-999;3.32174252986795;1.34435523032318
2016;9;29;2;8.18693716770733;10.0995231204561;65.8347519491076;-999;-999;3.37120175589216;1.24738215642139
2016;9;29;3;4.78024583521746;6.34926513770148;73.5464251670531;-999;-999;2.53564408970276;1.02330913713262
2016;9;29;4;7.69549806312646;10.000418206063;58.1729318246665;-999;-999;2.26242746534422;1.50326120200934
2016;9;29;5;7.93035370432434;9.98138652686575;50.7071510329946;-999;-999;3.35537352407081;1.33767674147967
2016;9;29;6;6.25838479761582;8.15848635499876;53.8415817722387;-999;-999;3.08215866931066;1.23923987555258
2016;9;29;7;6.28095523841703;8.704491148552;54.3717286806872;-999;-999;3.90895641646448;1.58062200833593
2016;9;29;8;5.17824378465564;7.4271671435547;46.7891673796795;-999;-999;3.55142806196005;1.46674028689703
2016;9;29;9;6.19437005476946;9.83205475171788;34.8872010088773;-999;-999;2.80852818813069;2.37248578299931
2016;9;29;10;5.49946612676337;8.79891716914181;42.299805093474;-999;-999;2.25896229483579;2.15189092565163
2016;9;29;11;4.01947304527803;6.11879901507255;60.6977237300129;-999;-999;2.19408300793927;1.36917337046745
2016;9;29;12;3.48403702485088;5.68862797245991;69.4278489500945;-999;-999;2.27973275089598;1.43782683664668
2016;9;29;13;3.9055253393057;6.04507778849792;81.7264509743504;-999;-999;2.24928486186336;1.39540894568132
2016;9;29;14;4.39658401145701;6.62655484779528;97.0021145067829;-999;-999;2.11023951704834;1.45437951512229
2016;9;29;15;4.00233538397183;5.97197423360513;102.959510583451;-999;-999;2.21575713368588;1.28459186479745
2016;9;29;16;4.43498152854949;6.29532198752738;103.771708410965;-999;-999;2.24931820344617;1.21330782026435
2016;9;29;17;3.60949518497609;5.08179711953387;96.5068310772152;-999;-999;2.3566039269291;0.960230393511269
2016;9;29;18;4.24240995969183;5.72546594374015;90.9460192282768;-999;-999;2.19150850522938;0.96724414859218
2016;9;29;19;4.13200452621565;5.52405702332671;90.8083396550412;-999;-999;2.21668268164554;0.907891979025885
2016;9;29;20;3.76481476114893;5.67808549862182;101.499777331953;-999;-999;-999;1.24782877072631
2016;9;29;21;4.30378936915261;7.05598798641195;108.266124675568;-999;-999;-999;1.79497472579623
2016;9;29;22;4.02715867633494;6.16714830391894;110.371660339818;-999;-999;-999;1.39569407196509
2016;9;29;23;-999;-999;110.032867039;-999;-999;-999;-999
2016;9;30;0;-999;-999;106.055611243683;-999;-999;-999;-999
2016;9;30;1;-999;-999;105.248606114408;-999;-999;-999;-999
2016;9;30;2;-999;-999;106.879790374751;-999;-999;-999;-999
2016;9;30;3;-999;-999;-999;-999;-999;-999;-999
2016;9;30;4;-999;-999;-999;-999;-999;-999;-999
2016;9;30;5;-999;-999;-999;-999;-999;-999;-999
2016;9;30;6;-999;-999;-999;-999;-999;-999;-999
2016;9;30;7;-999;-999;-999;-999;-999;-999;-999
2016;9;30;8;-999;-999;-999;-999;-999;-999;-999
2016;9;30;9;2.91481148652235;4.20850343995813;-999;-999;-999;1.97442067113501;0.843741561681179
2016;9;30;10;2.8564904735028;4.34422951389271;80.1864542183495;-999;-999;2.11794422594579;0.97029842226267
2016;9;30;11;3.38783735928048;5.69198162533873;84.7073825896431;-999;-999;2.32591453311166;1.5027551777064
2016;9;30;12;3.17094400856853;5.08606134770856;90.2812634253277;-999;-999;2.17094759883011;1.24903311815252
2016;9;30;13;2.68110621466187;4.32738000289057;93.0157215591936;-999;-999;2.36655990661834;1.07369425414288
2016;9;30;14;2.30416777306497;4.05517780522458;94.1648003989871;-999;-999;2.49682665749168;1.14200288185305
2016;9;30;15;3.13638656517464;5.31389263708775;99.0437972046644;-999;-999;2.25884670900567;1.42016217137848
2016;9;30;16;5.04276455754997;7.73760133508695;107.067264826796;-999;-999;2.39353023688351;1.75756352593547
2016;9;30;17;3.75095867945283;5.52262173062701;101.738710904707;-999;-999;2.04648178689974;1.15547271172291
2016;9;30;18;3.76399674753196;5.55593925983175;99.7638898011678;-999;-999;2.10654302707388;1.16869890838799
2016;9;30;19;2.98961228864925;4.55375346888678;103.560701576504;-999;-999;1.89946084297135;1.02012764213191
2016;9;30;20;3.65107200529832;5.39117961856107;108.906134765228;-999;-999;1.96040439003946;1.13489236074197
2016;9;30;21;3.26142314713087;5.34681194256065;109.859985844148;-999;-999;1.95908832989183;1.36008359199839
2016;9;30;22;3.38278632015912;5.3868801038656;113.765415511548;-999;-999;2.30396542206603;1.30706325746965
2016;9;30;23;2.26477706668788;3.62896725001168;114.842669780196;-999;-999;2.05183672357845;0.889720271236812
2016;10;1;0;2.01314294886012;3.69637883617606;116.587829422419;-999;-999;2.13442178458899;1.09780081144507
2016;10;1;1;1.89921972340316;3.52171429097628;115.329038934224;-999;-999;2.00239787050479;1.05818552602703
2016;10;1;2;1.90632758963264;3.47124913846933;110.420995238968;-999;-999;1.92292012547948;1.02063659592016
2016;10;1;3;2.10041639569844;3.71834702973292;106.451816531786;-999;-999;2.05651167934109;1.05520894384989
2016;10;1;4;1.8107907866033;3.47766632696122;105.167432404373;-999;-999;2.02582959184072;1.08713064792172
2016;10;1;5;1.87003688333635;3.61924796184836;103.493563517318;-999;-999;2.02848834300291;1.14082961030569
2016;10;1;6;4.01129105565702;7.40147520526622;108.089375578533;-999;-999;2.11814323085804;2.21106675447839
2016;10;1;7;2.38218540406258;4.78241034963155;105.873666455222;-999;-999;2.25549349231735;1.56541867527432
2016;10;1;8;1.82641833632074;3.4455765523227;88.4753406189552;-999;-999;2.04662182429511;1.05600956870003
2016;10;1;9;3.10105582153195;4.94061943331755;75.6141695739086;-999;-999;2.10624928436433;1.19975723007146
2016;10;1;10;3.02805421194064;4.63015562404601;74.2373775264468;-999;-999;2.20915693653314;1.04488517829257
2016;10;1;11;3.68421858660765;6.78202703337384;93.1130614344767;-999;-999;2.23610657848919;2.02038029974762
2016;10;1;12;6.11864005879178;10.7249349290325;103.63720500043;-999;-999;2.04710066579138;3.00421009581076
2016;10;1;13;4.76128764691826;8.4901434567325;102.678737802888;-999;-999;2.12351218540008;2.43194727763512
2016;10;1;14;3.88682453399804;6.86960511045615;101.841738599542;-999;-999;1.98838194559675;1.94535950776321
2016;10;1;15;2.4089643933946;4.58382663039406;99.4084081885353;-999;-999;2.21230225618451;1.41843787109745
2016;10;1;16;2.71062016560898;5.27261350850169;97.103757122528;-999;-999;2.30284991979227;1.6709234825247
2016;10;1;17;2.04378826674296;3.96785508517362;94.2494490187055;-999;-999;2.28519581255271;1.25486993858945
2016;10;1;18;2.4558232992485;4.50601519583585;93.2546953034108;-999;-999;2.27637384344554;1.33712829238725
2016;10;1;19;2.10579268980346;3.7318234180933;92.0474786239478;-999;-999;2.23531115794295;1.06049179820995
2016;10;1;20;3.31415654221573;6.0709490113461;97.3214211602273;-999;-999;2.22781423141403;1.79797082060961
2016;10;1;21;2.40979690186953;4.52950135797845;97.6211280314001;-999;-999;2.33735781333624;1.3824641510292
2016;10;1;22;1.9633499234773;3.98106919366441;95.9002538707324;-999;-999;2.25124453411122;1.315949754144
2016;10;1;23;2.24124644530847;4.72036586620742;95.5448789042854;-999;-999;2.30293102758965;1.61687338800261
2016;10;2;0;3.02698802206875;6.08701321238447;95.7453919358641;-999;-999;2.15895664085389;1.99573818636177
2016;10;2;1;1.19463896040589;2.88861198203495;97.143110577304;-999;-999;2.0489887336155;1.10480353450389
2016;10;2;2;0.975824722342817;2.98673117375189;101.426251038025;-999;-999;2.18591980922059;1.31150645654138
2016;10;2;3;0.997366526723433;2.45781076461817;100.693139999123;-999;-999;2.15412871935595;0.952496843438671
2016;10;2;4;2.68616394872921;5.44957666009488;103.377357421621;-999;-999;2.13426340457041;1.80228852043567
2016;10;2;5;1.29000460633288;2.90610069041347;100.001985486027;-999;-999;2.18330150048854;1.05401245651072
2016;10;2;6;0.915544896323763;2.61724014145407;98.2032390225629;-999;-999;2.15990195852369;1.10983994282296
2016;10;2;7;1.0381960490202;3.00586767620272;92.64175343634;-999;-999;2.11397507414823;1.28330884889989
2016;10;2;8;1.35667494201936;3.08884910519095;81.158928736223;-999;-999;2.20630202253706;1.129718191148
2016;10;2;9;1.97814912985788;3.71479299371441;70.3525196917456;-999;-999;1.92450084871195;1.13263331497337
2016;10;2;10;2.60107859546211;4.57869028190601;65.3333194614227;-999;-999;1.99783374791989;1.28979172227801
2016;10;2;11;2.81146508254273;4.79830478090436;59.2924589528474;-999;-999;2.06189226485982;1.29581020076201
2016;10;2;12;1.96642854376032;4.17239845416566;50.6386569913875;-999;-999;2.09723912316417;1.43872619156666
2016;10;2;13;1.40343792004228;3.22198040585466;58.9509616691483;-999;-999;2.11447664817624;1.18604732207533
2016;10;2;14;0.718811618531657;1.96215877998273;63.2268843598808;-999;-999;1.86535032574882;0.810906856866886
2016;10;2;15;1.21213495365059;2.68508397151702;64.363094365777;-999;-999;1.94663702243207;0.960652419079205
2016;10;2;16;1.22269369712884;3.08096155855903;66.8804090703705;-999;-999;1.80838153536484;1.2119560790813
2016;10;2;17;1.06859897020516;2.37333195258802;62.2219735463684;-999;-999;1.88498253280965;0.850942483803047
2016;10;2;18;1.3864971082596;2.89885951014091;61.5607655857725;-999;-999;2.140635669871;0.986357696206064
2016;10;2;19;1.95401178644583;3.45741666148033;54.3804395465672;-999;-999;1.96136843263462;0.980515627179926
2016;10;2;20;1.78298001399528;3.68829417122227;53.2787622581856;-999;-999;2.01975491616088;1.24263951572283
2016;10;2;21;1.87856625882857;3.41470185139782;51.9962027909487;-999;-999;1.74922177648888;1.0018624915972
2016;10;2;22;2.17829937520125;3.93967239726128;48.6590491223445;-999;-999;2.01744783974347;1.14876158917827
2016;10;2;23;1.5358181803858;3.18989031034324;49.4975137427121;-999;-999;1.81045360493047;1.07878030651513
2016;10;3;0;1.47518138723659;2.98988537710708;50.113712924154;-999;-999;2.11146356302248;0.987884872054655
2016;10;3;1;1.44216554754785;2.76586848466191;53.8461118041777;-999;-999;2.15370385761368;0.863314624780981
2016;10;3;2;0.975519731017142;2.79643676461915;41.8239620377956;-999;-999;2.05981743543332;1.18759599419545
2016;10;3;3;6.23118852593592;12.2822910267627;52.0410805710283;-999;-999;1.65074434633829;3.94650879630282
2016;10;3;4;3.0279302447574;6.29954638775372;52.2590467184529;-999;-999;1.84469428034126;2.13373709744582
2016;10;3;5;3.26873591006012;7.04249183124031;47.8527256102913;-999;-999;1.67461309616656;2.46123097997474
2016;10;3;6;2.8223349549254;5.54484408400273;46.7096747328776;-999;-999;1.75546701734624;1.77561134098297
2016;10;3;7;1.85791611977841;4.20442418869057;46.2147627105415;-999;-999;1.68743725508369;1.53038470812419
2016;10;3;8;2.6748613651245;4.54376323049112;42.9070532676006;-999;-999;1.65209874461582;1.21889154085365
2016;10;3;9;3.03083334005426;5.23049116920278;37.5852924526874;-999;-999;1.73295537024142;1.43460947329927
2016;10;3;10;2.47538365294286;4.6906391606591;41.0560492612238;-999;-999;1.87699176875466;1.44478222705133
2016;10;3;11;2.39575276649182;4.42218935836268;42.6786798280202;-999;-999;2.05019035045689;1.32163516216682
2016;10;3;12;2.70645364536785;4.84562263712328;39.0764386632848;-999;-999;1.64019226639989;1.39515885602459
2016;10;3;13;1.49497349238157;3.65672270192691;43.5559826952387;-999;-999;1.64373408245117;1.40988559848486
2016;10;3;14;1.91197806441595;4.86586134331076;61.1243577555254;-999;-999;1.76126437026326;1.92651278701978
2016;10;3;15;2.09590730984653;4.81746806578296;63.8791091066958;-999;-999;1.84301009374627;1.77499281519495
2016;10;3;16;3.14340725032183;5.53610889385797;58.6029042704952;-999;-999;2.10767578478998;1.56051200287111
2016;10;3;17;4.81854080942967;7.32305893011491;52.1005776006526;-999;-999;2.25967594605314;1.63343833498667
2016;10;3;18;4.02017756294595;6.62732496945589;57.470963770985;-999;-999;2.09178861703877;1.70037281167254
2016;10;3;19;3.97264283196243;6.19594028242949;54.2392935628968;-999;-999;1.71799767304781;1.45002715519478
2016;10;3;20;4.00339813535944;6.20514335944697;50.9506951147045;-999;-999;1.81742018111604;1.43597086529139
2016;10;3;21;3.62550326854377;5.96703737200925;45.1096889032263;-999;-999;1.79047413265688;1.52714070450913
2016;10;3;22;4.37269319557777;6.89054442942727;42.7651326555704;-999;-999;-999;1.64213414676272
2016;10;3;23;7.3769382633655;10.6405880811956;32.4690955209855;-999;-999;-999;2.12854148683791
2016;10;4;0;5.5139572486359;7.9772852853648;34.4317451197284;-999;-999;-999;1.60657430010509
2016;10;4;1;5.42208168862528;7.96235001185222;32.6142414993613;-999;-999;-999;1.65675449741841
2016;10;4;2;-999;-999;30.1505723142652;-999;-999;-999;-999
2016;10;4;3;-999;-999;25.069290623714;-999;-999;-999;-999
2016;10;4;4;-999;-999;23.7980191812184;-999;-999;-999;-999
2016;10;4;5;-999;-999;22.4005156896261;-999;-999;-999;-999
2016;10;4;6;-999;-999;23.4303382119553;-999;-999;-999;-999
2016;10;4;7;-999;-999;21.8960307074762;-999;-999;-999;-999
2016;10;4;8;-999;-999;22.4496171339676;-999;-999;-999;-999
2016;10;4;9;4.84252353647703;11.2190389416506;16.3137619769063;-999;-999;1.96896584789441;4.15874200326961
2016;10;4;10;4.12881397539997;10.577377595582;15.9898578460571;-999;-999;1.93197536484669;4.20573160793251
2016;10;4;11;4.77982805602736;9.47916926638159;39.6398227221855;-999;-999;2.23557413976697;3.0648946073806
2016;10;4;12;6.45274209881565;11.2784299574621;53.2581941944815;-999;-999;1.40213811926402;3.14729746847916
2016;10;4;13;4.77323725028722;8.18571059147486;56.6709346311511;-999;-999;1.30713237334971;2.22560369061767
2016;10;4;14;3.67170367244408;6.772166039011;58.6625253151452;-999;-999;1.82948300403106;2.02211117735824
2016;10;4;15;3.74474506200063;6.76360255844685;51.0040860771558;-999;-999;1.97665090116637;1.9688887542199
2016;10;4;16;2.94122813086243;5.00400923272726;47.5033312865437;-999;-999;2.13531159894189;1.34533892992963
2016;10;4;17;3.14357042603986;5.19081015869653;42.566772092131;-999;-999;1.84983376272572;1.33520290095339
2016;10;4;18;6.15972832311846;8.02643294876716;36.6097454916977;-999;-999;1.94441597482541;1.2174585084644
2016;10;4;19;7.64641744385005;9.68991362502538;35.410277879487;-999;-999;2.39652853361967;1.33276136920796
2016;10;4;20;4.88641939168434;6.39041815192513;40.4542065950128;-999;-999;1.96476182763249;0.98090295712357
2016;10;4;21;3.93221431826442;5.36245571209474;48.8799837369903;-999;-999;2.44649367445572;0.932798649637242
2016;10;4;22;2.69136079150128;4.23989751069983;53.8865177530497;-999;-999;2.22155236499285;1.00995046487478
2016;10;4;23;2.04975545129712;3.84091723380073;55.1907452390386;-999;-999;2.30774469110949;1.16818971902824
2016;10;5;0;1.72697619984055;3.38397223905213;57.0821149201415;-999;-999;2.37405029842453;1.08068727034353
2016;10;5;1;1.9498296188844;3.37882678774567;56.7489173515873;-999;-999;1.95994296439035;0.931987170277199
2016;10;5;2;1.66618722480073;2.86908743976565;56.9639551004554;-999;-999;1.93862604027126;0.784527493755887
2016;10;5;3;1.0165321707305;2.54340124305262;56.9639479855476;-999;-999;1.7646095899387;0.995818898109669
2016;10;5;4;1.18934638890584;2.48095839804723;55.5405370296401;-999;-999;2.11156707915444;0.842385028974536
2016;10;5;5;0.689244699184037;2.42107174143964;55.926384228783;-999;-999;1.63600679404087;1.1294918000485
2016;10;5;6;0.221096260415512;1.7891226437615;61.0237173203505;-999;-999;1.68463101342269;1.02266155859438
2016;10;5;7;0.267271244344475;1.30152376585912;62.2748636409435;-999;-999;1.64972032889396;0.674536032598726
2016;10;5;8;0.34399233408499;2.05488740937456;60.3762969513113;-999;-999;1.73856589466764;1.11584004125842
2016;10;5;9;1.427890375192;3.64463873361451;56.911082778292;-999;-999;2.00642150592832;1.44575585928498
2016;10;5;10;2.44719555946061;5.30379382640163;56.1442609199134;-999;-999;2.11074070121025;1.86306382786373
2016;10;5;11;2.29536202189575;4.36520048451466;58.0699108986693;-999;-999;2.32379706907924;1.34994171699047
2016;10;5;12;2.72186026527754;5.7415216224345;57.7147961658742;-999;-999;2.16424346196802;1.96941302948469
2016;10;5;13;1.53007093690345;3.51852667773081;61.994797029118;-999;-999;1.43317031075113;1.2968641782488
2016;10;5;14;1.16210906173749;3.36539232327003;66.6579969492667;-999;-999;1.74877153606401;1.43697396816479
2016;10;5;15;0.721220072735652;2.58913140022944;71.0213857079443;-999;-999;1.73153967266763;1.2182455153686
2016;10;5;16;0.606865967114911;2.16323953104486;68.9032517726343;-999;-999;1.85752234840242;1.01506162877649
2016;10;5;17;1.25911670442853;2.90493202376524;64.727294741476;-999;-999;1.73641475646093;1.07339524226614
2016;10;5;18;2.61925262967263;4.26795026312037;60.6606745636697;-999;-999;2.1528149282298;1.07527507788145
2016;10;5;19;3.32836042401339;4.83129053795343;59.6795071999008;-999;-999;2.28896922697827;0.980205989583277
2016;10;5;20;2.26297701826888;3.90852363430164;60.5889329443514;-999;-999;1.78373284728503;1.07321999487074
2016;10;5;21;1.829608929918;3.23801799275882;61.2944685102558;-999;-999;1.70594017073144;0.918559676444823
2016;10;5;22;1.67632845669149;3.39225543039557;55.4748069388907;-999;-999;1.71125119694262;1.11912182856119
2016;10;5;23;1.20709535934799;2.84154239512106;58.2777428737378;-999;-999;1.76916595500914;1.06598088577877
2016;10;6;0;0.996300160775554;2.63744787287873;56.9844014951789;-999;-999;1.58837305292359;1.07035104445223
2016;10;6;1;1.43262112625472;3.19699733290143;55.6321682988591;-999;-999;1.78995642426005;1.1507202561132
2016;10;6;2;2.08058875076995;3.3259923675173;52.3360109566246;-999;-999;2.23025651929869;0.812248070127583
2016;10;6;3;3.52501586230065;4.83759942761321;48.3554171213611;-999;-999;2.68073178813215;0.856062607711696
2016;10;6;4;2.97719594704486;4.10698765363096;49.0763149289323;-999;-999;2.44821844952513;0.736846369305891
2016;10;6;5;1.66516126172705;3.27294568589096;53.5007283856729;-999;-999;2.21835292401373;1.04859161973452
2016;10;6;6;1.66347030146558;3.17349502969318;53.1800211939604;-999;-999;2.13215911577302;0.984833073273966
2016;10;6;7;2.36495250369761;4.2890151122593;47.0434879472969;-999;-999;2.21793336239242;1.254867192927
2016;10;6;8;2.29131790324158;4.41223510050843;44.3221289096048;-999;-999;2.40671398782304;1.38325509675301
2016;10;6;9;4.30960670190726;8.22123645504389;35.7630872237068;-999;-999;2.13395774352391;2.55115183167436
2016;10;6;10;2.59892113245082;5.87807603728643;35.1930891942184;-999;-999;2.02167629545967;2.13865385268306
2016;10;6;11;2.37362178880955;4.98392735131206;40.7497118583614;-999;-999;2.13176755116147;1.70243255043966
2016;10;6;12;2.13342858224948;4.2054371597609;48.7782661674337;-999;-999;1.11936639643222;1.35135705865938
2016;10;6;13;1.70350956780002;3.99091144670722;54.4188999259428;-999;-999;1.99385182831262;1.49183584884794
2016;10;6;14;1.25889930661973;2.77758844876471;55.5694566493708;-999;-999;2.28874621189969;0.990483975028661
2016;10;6;15;1.74277775633481;3.30894831466487;54.8298861786574;-999;-999;2.12650205384103;1.02145119573095
2016;10;6;16;1.21771557724207;2.99418598500733;53.8278795347131;-999;-999;1.93551799624854;1.15860805360004
2016;10;6;17;1.95193070455206;3.55412488941828;55.4192035598906;-999;-999;1.91076786321573;1.04494568437666
2016;10;6;18;2.37192445505366;4.05284255618462;55.6449812026105;-999;-999;2.17870323256519;1.09628915905351
2016;10;6;19;3.05651577245863;4.74158730064082;56.7411939100994;-999;-999;1.76178603756307;1.09899801027364
2016;10;6;20;2.66739129833054;4.53158262803852;56.1554353260924;-999;-999;1.87630615575551;1.21581934526457
2016;10;6;21;5.26256844925649;6.90337663358182;44.1536344648137;-999;-999;2.35072544837297;1.07012960557201
2016;10;6;22;7.09322780527973;9.06327906824139;34.7327701843631;-999;-999;2.08810630370181;1.28486083938975
2016;10;6;23;7.23121432941539;9.17771110487384;32.4180327366199;-999;-999;2.03329027282837;1.26949868148362
2016;10;7;0;5.25637686638784;6.99635121535298;32.6402918348212;-999;-999;2.09564191450488;1.13480544621315
2016;10;7;1;3.86200518517148;5.40054813473146;30.4453450244194;-999;-999;1.76050098898568;1.00343256176846
2016;10;7;2;3.597335266575;5.33288404848506;27.0145159122539;-999;-999;1.87148886253202;1.13191910619344
2016;10;7;3;3.57039824758524;5.15039577162899;25.6247713135295;-999;-999;1.81755292997934;1.03046909648669
2016;10;7;4;3.22433380379242;4.83781822326767;24.5978310532802;-999;-999;1.74150845022534;1.05230913759709
2016;10;7;5;3.12019758392266;4.93231902061801;23.8103168706182;-999;-999;1.70835216245543;1.18185953533425
2016;10;7;6;4.84393668681207;7.09288340402632;20.9580655919412;-999;-999;1.84587428898489;1.46675552111201
2016;10;7;7;4.51723034280208;6.45916535982685;18.5174712336044;-999;-999;1.96350009817317;1.26652351790266
2016;10;7;8;2.82387254420602;5.08023531273511;19.8964836719267;-999;-999;2.07891756919288;1.47159224495595
2016;10;7;9;2.86864334074564;5.69904683493654;20.3000580654144;-999;-999;2.29427037001101;1.84597968475735
2016;10;7;10;-999;-999;21.9352598632234;-999;-999;2.15543479440577;-999
2016;10;7;11;-999;-999;23.0786501018183;-999;-999;1.99006579223412;-999
2016;10;7;12;3.81145106140391;6.94153350931875;23.9913478538447;-999;-999;2.04358042382525;2.04142929526663
2016;10;7;13;4.20041677382125;7.63677177824848;24.5280762719818;-999;-999;1.94188369671153;2.24117923144391
2016;10;7;14;4.31638175020598;6.68783054587169;22.1762091544192;-999;-999;1.94764053771139;1.54665096662926
2016;10;7;15;4.14598015444131;7.06898076890972;23.0663225256691;-999;-999;1.68409396721623;1.90637121665382
2016;10;7;16;4.69102415693111;6.96208044370996;23.3360476633833;-999;-999;1.817205259757;1.48117530837512
2016;10;7;17;5.67507351899107;8.18289516814039;24.8370415409742;-999;-999;1.66464893580553;1.6355928851931
2016;10;7;18;6.02188066236607;8.66118867999521;21.5723125307706;-999;-999;1.77520952729082;1.7213478545939
2016;10;7;19;6.63784385197277;8.4559971686734;20.0846430212588;-999;-999;2.01534326956167;1.18579350728331
2016;10;7;20;7.32121936542376;9.35889891452875;18.4170213155276;-999;-999;1.97466705509891;1.32896778124159
2016;10;7;21;8.08597895307234;9.92299177689971;18.6939555691983;-999;-999;2.06887042174304;1.19809361470331
2016;10;7;22;6.12606558768574;7.78122561454965;29.7808505222898;-999;-999;2.01890788860413;1.07948982923604
2016;10;7;23;6.93864145518604;8.67710515519238;27.8939982241389;-999;-999;1.93312267133762;1.13382020601878
2016;10;8;0;7.2585787093256;9.10651182789007;27.8535095568988;-999;-999;1.86856364845505;1.20521579437755
2016;10;8;1;6.46978096018557;8.12051311416672;29.3047099075131;-999;-999;1.94375355433616;1.07660198536323
2016;10;8;2;6.60267118385238;8.19047898928076;28.6268703089541;-999;-999;1.94586139319604;1.03556293586255
2016;10;8;3;6.12693548646297;8.11367973905699;23.4667762888244;-999;-999;1.83254375715512;1.29574795135185
2016;10;8;4;5.94297322061204;7.84621247331679;21.6915674476135;-999;-999;1.84073260899832;1.24128626993872
2016;10;8;5;5.5424211831241;7.51686217809599;26.2049269938739;-999;-999;1.80226323550747;1.28772380791315
2016;10;8;6;5.238311357498;7.15436393893114;25.9563589032127;-999;-999;1.79121356252983;1.24964308004557
2016;10;8;7;5.04023495012191;6.98472670360912;24.0879001745723;-999;-999;1.91505614843201;1.26819101286535
2016;10;8;8;3.50271138159355;6.53839695711878;17.9513163975118;-999;-999;2.11453000260111;1.97986397106692
2016;10;8;9;3.39888750153612;7.01856322059306;19.8389666242445;-999;-999;2.15744064129999;2.36074038789958
2016;10;8;10;4.10909334969994;9.0209751432804;19.236746707804;-999;-999;1.92436825013943;3.20351286432784
2016;10;8;11;4.26621508465734;8.65844973858927;27.7340937737042;-999;-999;2.52367352744434;2.86460073925372
2016;10;8;12;3.15346622507596;5.86089118673742;38.5003812969515;-999;-999;2.05220654345127;1.76577349748527
2016;10;8;13;2.70729342167422;4.69983619374131;47.9297305598821;-999;-999;2.08671490963867;1.29952972634292
2016;10;8;14;3.26787789104342;5.40350983600918;52.7242084447212;-999;-999;2.24904777898114;1.39285200594786
2016;10;8;15;2.88260581447034;4.80495045030176;59.9181604735252;-999;-999;2.3198272604198;1.25374673686285
2016;10;8;16;3.26855291110558;5.09319598707603;59.7928252738267;-999;-999;2.34460791661999;1.19002610655604
2016;10;8;17;4.75599434919805;6.77516020242248;57.5742212600205;-999;-999;2.4162744595617;1.31689321075882
2016;10;8;18;5.01558978155261;7.04691940171051;61.4132412704767;-999;-999;2.19601449510147;1.32482637883729
2016;10;8;19;4.1288060364301;6.08478192884153;59.816939711757;-999;-999;2.01290601352271;1.27568092983109
2016;10;8;20;4.11337421136655;6.03360350039308;62.343640644069;-999;-999;2.33890584074199;1.25236711475736
2016;10;8;21;3.96002638231517;5.83619682693134;63.1677378316436;-999;-999;2.33670579807203;1.22363208391024
2016;10;8;22;3.8236607132129;5.85063753182868;61.7222658519954;-999;-999;2.31283189640479;1.32198749624157
2016;10;8;23;3.82791268918562;5.75460042002281;60.0759242271198;-999;-999;2.10892879200042;1.25657928888807
2016;10;9;0;6.66986330256477;8.54098521728716;47.6102518071637;-999;-999;2.47917358803623;1.22033944961235
2016;10;9;1;8.24435015152907;10.1595819625731;28.6923184159236;-999;-999;2.27880753266843;1.24910777634511
2016;10;9;2;5.94575371368733;7.8840212231422;34.1865586057809;-999;-999;2.61367302990928;1.26413158174174
2016;10;9;3;5.61897297106495;6.68204898593969;30.5204023414876;-999;-999;2.36420248864051;0.69333461848787
2016;10;9;4;4.21822032710407;6.14790818841344;30.2554257552779;-999;-999;2.13242216447457;1.25853596393974
2016;10;9;5;3.04103542653654;4.98608241618644;26.6875109004655;-999;-999;1.80685756568265;1.26855313603213
2016;10;9;6;3.09117962297944;4.69429858120702;27.9838032472335;-999;-999;1.3631778669413;1.04554881846747
2016;10;9;7;3.09781766943694;5.46478831909429;26.8293562356413;-999;-999;1.74715346864092;1.54373033479221
2016;10;9;8;3.06350962454226;4.73057077092957;23.9861496488411;-999;-999;1.72017522362365;1.08725169955281
2016;10;9;9;2.40238330176205;4.43159029978059;29.6394671642313;-999;-999;1.69806345448608;1.32344201178301
2016;10;9;10;2.35868774558041;4.12933389075125;34.9816297393626;-999;-999;1.98119029265224;1.15480948903139
2016;10;9;11;2.50041202884852;4.36154237729615;41.6179599689783;-999;-999;2.22052654873448;1.21382298353253
2016;10;9;12;2.1858258280082;4.03226347845931;47.4821674473992;-999;-999;2.21832531124252;1.20424045507978
2016;10;9;13;1.83830447624274;3.49423161235027;52.6256190323813;-999;-999;2.07456008104787;1.07999013531699
2016;10;9;14;2.2262836298342;3.99891152902304;52.1519081918875;-999;-999;2.13473464271796;1.15610198236846
2016;10;9;15;2.25511979366618;3.99962524565248;54.0244899615017;-999;-999;1.91885590813642;1.13776061643667
2016;10;9;16;1.9425999837417;3.49176084837835;61.7477237852251;-999;-999;1.96133464622447;1.01035753044032
2016;10;9;17;2.52303312677338;4.20138114330675;52.5160098979916;-999;-999;2.00027455207426;1.09461295848175
2016;10;9;18;2.29336666596584;3.90649071610274;55.4422949758452;-999;-999;1.87994864143696;1.05207410592088
2016;10;9;19;2.5291017766568;4.30820270686794;50.7013479542874;-999;-999;1.85031497143622;1.16032367153415
2016;10;9;20;2.41745521727274;3.99637823595647;56.2879219599796;-999;-999;1.93216914611273;1.02976830768756
2016;10;9;21;1.84577965358688;3.52321535572922;55.0398701864647;-999;-999;1.78883381798703;1.09401795008969
2016;10;9;22;1.52440241532299;3.16026714079797;55.9587857487277;-999;-999;1.82069528635626;1.06690549825695
2016;10;9;23;3.28732209812698;5.2424021875345;50.8976422182612;-999;-999;1.55347657289966;1.27509669011045
2016;10;10;0;4.08242395882234;5.67448802494241;46.6723646002562;-999;-999;2.1835040954046;1.03833885483877
2016;10;10;1;6.12893752641628;7.58057688300489;40.7682668279018;-999;-999;2.68567839495068;0.946754329323219
2016;10;10;2;7.26717589821762;9.29973779148496;35.6127199964071;-999;-999;2.68347990109655;1.3256300632345
2016;10;10;3;5.28427561575892;7.37733148111042;36.5802980869881;-999;-999;2.8317149387098;1.36508402933751
2016;10;10;4;4.10802558665465;5.79800532391793;39.8131659682373;-999;-999;3.13701848964143;1.10219912780717
2016;10;10;5;3.20352513978785;4.94278688173667;41.9660473684955;-999;-999;2.79635028234567;1.13434068630239
2016;10;10;6;3.24900831334641;5.30536095271611;37.7991310004521;-999;-999;2.96228703083937;1.34114630820816
2016;10;10;7;4.75685134774389;6.48174124736209;34.0683050346295;-999;-999;3.29945729506966;1.12496741884095
2016;10;10;8;7.04435161474223;9.10300299646243;33.3882785194418;-999;-999;4.44943992420281;1.34264554027463
2016;10;10;9;6.2281658811818;8.36652125010905;32.5051116635262;-999;-999;3.40524753892281;1.39462821393948
2016;10;10;10;6.45483691221993;8.87868225880518;28.8139309531662;-999;-999;2.73625407806561;1.58082382175304
2016;10;10;11;6.58082498182753;9.41851203876069;27.8859725408698;-999;-999;2.291139860459;1.85072999999773
2016;10;10;12;5.16921058341902;7.63827142522672;30.7385492093892;-999;-999;2.22964730546137;1.61031321638818
2016;10;10;13;4.47152343388607;6.41700691570503;38.6588305353066;-999;-999;2.04204596719266;1.26883781476373
2016;10;10;14;3.24451616057198;5.89770480077721;49.5666244451787;-999;-999;1.93010621618251;1.73040075017569
2016;10;10;15;4.27128050066641;6.50489281410059;49.1453004899094;-999;-999;1.986310733463;1.4567544742952
2016;10;10;16;1.7783919902403;3.35646411125058;58.6280557379709;-999;-999;1.83188862998488;1.02921335507313
2016;10;10;17;1.70102386634824;3.26373328479978;48.0508079229465;-999;-999;1.72038714271686;1.01919385188759
2016;10;10;18;1.99735630697582;3.66026855531996;46.7439940933552;-999;-999;1.97748684138176;1.08454580213658
2016;10;10;19;3.70049590098392;5.68261544888577;37.18025636212;-999;-999;1.92439473348381;1.2927317344318
2016;10;10;20;2.75177531010654;4.80211531735674;38.7998342244036;-999;-999;1.78324250980409;1.33722488966579
2016;10;10;21;3.45370475892115;5.03499453996037;36.0083313160117;-999;-999;1.80935780332828;1.03131190217359
2016;10;10;22;3.65364392061404;5.46260592861452;37.5157036960219;-999;-999;1.74033188612544;1.17979896651496
2016;10;10;23;3.42925042979024;5.15113064307822;38.0512307821786;-999;-999;1.78370594903516;1.12300451149065
2016;10;11;0;3.29556794864244;5.01970072330115;34.2512988793146;-999;-999;1.90762012478368;1.12447362447668
2016;10;11;1;2.7657836786738;4.52387187124964;40.9497989575293;-999;-999;1.643437879185;1.14661923438393
2016;10;11;2;2.09227639239092;4.10700505177762;40.5136754987435;-999;-999;1.71524438627729;1.31399928779038
2016;10;11;3;1.7752580460807;3.3523979813056;48.2619566145582;-999;-999;1.97856161920184;1.02860538662419
2016;10;11;4;2.30277269368822;4.01349876069235;46.2715131978236;-999;-999;1.83109230195786;1.11572981462037
2016;10;11;5;2.36987585079373;3.8836147136454;46.9224595950875;-999;-999;1.81162801843952;0.987255419443528
2016;10;11;6;2.23088406405683;3.86315169908391;47.4605485918138;-999;-999;1.7116190624332;1.06455948790731
2016;10;11;7;1.45264245433083;2.82095059416569;54.5395858640167;-999;-999;1.72313187585088;0.89240598868937
2016;10;11;8;1.83622733542738;3.06004954744415;55.9997292623245;-999;-999;1.68861871856278;0.798172750201314
2016;10;11;9;2.6187086775196;4.71905892523036;52.8789088814294;-999;-999;1.82316361620233;1.36984140109588
2016;10;11;10;3.73408131262245;5.5195159031978;49.3436865931051;-999;-999;1.73510029043622;1.16445446362314
2016;10;11;11;4.3449963106503;7.14260360840272;43.8200984849333;-999;-999;1.80503287048379;1.82459011521824
2016;10;11;12;3.80779049460739;6.28536292556701;46.607917833167;-999;-999;2.04535718473487;1.61586444634239
2016;10;11;13;3.84458408961072;6.19723398124379;44.7118034950779;-999;-999;2.04846452172314;1.53439038434437
2016;10;11;14;5.65271555600246;8.91035442404398;37.9662971090958;-999;-999;2.48131685920516;2.12462116550616
2016;10;11;15;6.55406890059752;8.7548958905147;30.9025909230054;-999;-999;2.24322001450916;1.43537199603908
2016;10;11;16;6.58019324679802;9.04384899884967;26.1602599223423;-999;-999;1.96085964817956;1.60678803494164
2016;10;11;17;7.05280583615177;9.39375972739902;27.0516580758501;-999;-999;1.96794995934692;1.52676229204253
2016;10;11;18;7.05695345309508;9.18223794811792;33.4684599105448;-999;-999;2.09852453670551;1.3861034337309
2016;10;11;19;6.36687599787406;8.34763512730682;28.9646174063113;-999;-999;1.87103728662015;1.29184447405997
2016;10;11;20;7.50504458963265;9.56051388037996;23.7330543462229;-999;-999;1.78783570593054;1.34057019119346
2016;10;11;21;7.49865730249244;9.42784924983718;26.6752363851079;-999;-999;1.92106800431508;1.25821253051197
2016;10;11;22;6.80876673695447;8.92230981755056;29.6350512926827;-999;-999;2.04279434233057;1.37844572254358
2016;10;11;23;6.10818893234834;8.03934317223974;35.7403496219835;-999;-999;2.08883596556208;1.25949233114256
2016;10;12;0;4.90544947656588;6.98025308086412;38.8384622523844;-999;-999;2.18932018988304;1.35317996577401
2016;10;12;1;3.8073310354902;5.34416488389068;36.7678070660033;-999;-999;1.99723154797436;1.00231789171307
2016;10;12;2;3.32474927358051;5.08057561721716;39.3003332895879;-999;-999;1.97024044379395;1.14514406407683
2016;10;12;3;3.28827777114214;4.76514300107286;24.5355881424191;-999;-999;1.98485574627611;0.963206559478877
2016;10;12;4;4.72469247994396;6.49465149996774;20.5309030285679;-999;-999;2.05878484495061;1.15436134831049
2016;10;12;5;7.40973261107941;9.48627702042112;18.0894515549539;-999;-999;1.91228054440309;1.3543153129964
2016;10;12;6;7.03287249059052;8.76116295434374;17.0459047898739;-999;-999;2.02958919480981;1.12718525538717
2016;10;12;7;6.21582680108395;8.63590815885073;16.1201115417822;-999;-999;1.62590340023565;1.57836896084476
2016;10;12;8;6.4375386523849;9.02155863553502;16.9310391671445;-999;-999;1.76800075896121;1.68528918357123
2016;10;12;9;5.63182174957973;8.9487989755803;17.9071299626586;-999;-999;1.97162897217533;2.16332144394493
2016;10;12;10;5.20896631204338;9.85686804214627;15.3859325544615;-999;-999;2.23413451385806;3.03134595054305
2016;10;12;11;4.98546072382896;10.5012080703964;18.0454055788065;-999;-999;2.33153146219752;3.59735195667867
2016;10;12;12;4.88209030800744;9.34614206124548;24.7515712663753;-999;-999;2.28904692530419;2.91143961102921
2016;10;12;13;2.65221461381345;5.43891661662045;35.6299835695502;-999;-999;1.96192420144034;1.81747771835792
2016;10;12;14;2.86257477663978;5.80333454494073;37.5649165980696;-999;-999;2.20894621495603;1.91795367733854
2016;10;12;15;4.15195588159342;7.41137762695344;37.2922054737722;-999;-999;2.40904770293334;2.12578395212549
2016;10;12;16;5.48435301380037;8.00877507242399;37.2510489976827;-999;-999;2.30370137853499;1.64641961668601
2016;10;12;17;6.09251883759061;8.39943423529332;37.0780928012896;-999;-999;2.22712825172242;1.50456250048916
2016;10;12;18;6.05452592622477;7.64847301650469;37.4604710219305;-999;-999;2.27937646507208;1.03956695689281
2016;10;12;19;5.29263728385194;7.19561745004566;35.2588150236006;-999;-999;2.21209845185867;1.24111729458345
2016;10;12;20;7.24890186276613;9.00042410613214;29.8756318604394;-999;-999;2.37148138233963;1.14233694428735
2016;10;12;21;9.21865689399664;10.9753215444885;24.6445647727238;-999;-999;2.63312910561601;1.14569080500177
2016;10;12;22;7.10391604283629;9.09231500219667;22.2382494879518;-999;-999;2.17494333922691;1.2968271455661
2016;10;12;23;6.93047354099081;8.99014753068375;23.4353504911555;-999;-999;2.11872965014124;1.3433124817715
2016;10;13;0;6.82358632856417;8.77672458703547;22.8572418542052;-999;-999;2.10545808663475;1.27383023447369
2016;10;13;1;6.46248550876449;8.80244015513119;21.3431380655914;-999;-999;2.03419038769802;1.52611058787619
2016;10;13;2;6.1903612514174;8.41735605585495;20.4035969110086;-999;-999;1.97797391095639;1.45243855707826
2016;10;13;3;6.67216215464173;8.83595239747768;17.7751633098038;-999;-999;1.57554340441385;1.41121675356508
2016;10;13;4;12.7671512234897;14.9929278983858;11.001166241517;-999;-999;1.82657914173796;1.45164409706871
2016;10;13;5;14.0724044089969;16.4834632444446;9.37168357972164;-999;-999;3.01134120508014;1.57248450198916
2016;10;13;6;12.7958172931336;15.3379136893298;7.84817503048187;-999;-999;2.92591052275001;1.65794676048989
2016;10;13;7;11.0455456529869;14.3534975406539;7.35386085909891;-999;-999;2.80240316668719;2.15743514849411
2016;10;13;8;5.53989241923469;10.1721470309504;15.0059989665761;-999;-999;3.29342395261383;3.02114095230621
2016;10;13;9;4.13244652887763;10.6392372246261;12.487651643162;-999;-999;2.84095421913296;4.24370711171464
2016;10;13;10;5.22274521442115;13.3415217306807;11.2359162823069;-999;-999;2.80112249627678;5.29503886808353
2016;10;13;11;4.2691985953469;10.0856374383124;20.5839312867487;-999;-999;2.57754596426113;3.79346194413077
2016;10;13;12;4.03054509342274;7.70695167503773;32.463096548741;-999;-999;2.466869382956;2.39774006656585
2016;10;13;13;3.49348783330949;6.26266729561225;44.6554559321636;-999;-999;2.28092061996053;1.8060495760939
2016;10;13;14;3.46076067082783;6.0392117315862;56.5206985804653;-999;-999;1.57648575012169;1.68165715102808
2016;10;13;15;3.56805623145311;5.49481644224146;63.5491338764591;-999;-999;2.1605096329567;1.2566265600696
2016;10;13;16;3.83942080537251;5.68331888281905;61.6219294102104;-999;-999;2.15476345472555;1.20258415406686
2016;10;13;17;4.31100327954316;5.91398577076182;60.0423641297481;-999;-999;2.09765501419854;1.04545981514104
2016;10;13;18;6.08577161185913;7.91138445155865;61.4920205585997;-999;-999;2.38636113460937;1.19065858321407
2016;10;13;19;7.10113286813902;8.74524023038552;61.3438433967329;-999;-999;2.44305046982835;1.07228131836893
2016;10;13;20;7.87375446417998;9.88381025742453;55.0391819422428;-999;-999;2.50328295128591;1.31095166013387
2016;10;13;21;9.63415106770762;11.4829375269547;52.7408811507074;-999;-999;2.46610125288098;1.20577234031439
2016;10;13;22;10.0967674214103;12.3970185289033;50.302629928905;-999;-999;2.19954789013924;1.50021607272169
2016;10;13;23;7.37048948683555;9.40695923557421;52.680042798265;-999;-999;2.1349092792474;1.32817875349221
2016;10;14;0;7.11489606796951;9.29566128297733;50.3968266253232;-999;-999;2.23971510138449;1.42228777359559
2016;10;14;1;7.62098694264105;9.74298910885345;42.1812548222997;-999;-999;2.03441099843439;1.3839627098676
2016;10;14;2;8.4976466011091;10.589637726853;37.0905450066358;-999;-999;2.12807485278007;1.36438960972941
2016;10;14;3;7.49239245256097;9.38029039513147;35.3190449198905;-999;-999;2.2637006949595;1.23128071882082
2016;10;14;4;7.29870913491481;9.51656512098851;28.1264652459024;-999;-999;2.11104722369192;1.44647825033154
2016;10;14;5;8.87461338059655;11.0825398410387;24.2472457374982;-999;-999;2.14072623621819;1.44000224695152
2016;10;14;6;9.87562189487137;12.0675030515558;23.9173975412467;-999;-999;2.21468978581353;1.42953755354886
2016;10;14;7;6.43036150300125;8.76049766903093;36.0065951359911;-999;-999;3.37714804409824;1.51970700786559
2016;10;14;8;5.61846535420631;7.77022057714785;38.4896118556852;-999;-999;4.59143651507937;1.40336755387453
2016;10;14;9;5.10159605915242;7.78383164537377;36.1283598790448;-999;-999;6.44610321983274;1.74934507113913
2016;10;14;10;4.89362312188267;7.41323300547367;36.726837323409;-999;-999;6.23357978602289;1.64328113223743
2016;10;14;11;4.50830654229503;6.99227271178702;40.1702132921191;-999;-999;5.14686831628796;1.62003442121156
2016;10;14;12;5.64529297390471;8.65566105021814;42.461221336636;-999;-999;5.29747617135871;1.96335198282576
2016;10;14;13;5.36919664565012;7.86578844171894;43.0743771364694;-999;-999;4.56192425844509;1.62826881260346
2016;10;14;14;5.96652529777271;8.14738240941948;49.0718722253593;-999;-999;6.25325448645254;1.4223477082759
2016;10;14;15;6.95739130075399;9.30710765989031;51.7660070863683;-999;-999;13.5074927879361;1.53247714426934
2016;10;14;16;9.32946143723024;11.4270797319049;45.6878181708966;-999;-999;24.1347515260494;1.36805963047038
2016;10;14;17;9.3802062701156;11.7644046914534;44.6587895222696;-999;-999;22.7646902182082;1.55496622981604
2016;10;14;18;9.50314894945185;11.6069275154562;44.0116964012058;-999;-999;20.0642026631494;1.37207733881141
2016;10;14;19;6.58667368186834;8.30449519962752;49.7013753528962;-999;-999;19.466922797391;1.12035744385235
2016;10;14;20;6.96523883507085;8.36848034161884;48.2008256331111;-999;-999;19.6101344278531;0.915189413527897
2016;10;14;21;6.58753032361076;8.59165524868364;51.985074506104;-999;-999;17.6385484994568;1.30708356776458
2016;10;14;22;5.06857097860266;7.08429807884381;60.881423537268;-999;-999;15.4029631488517;1.31465046757359
2016;10;14;23;4.83944103652429;6.58270370699955;60.887931371578;-999;-999;13.7315860067288;1.13695007849511
2016;10;15;0;4.97041802206504;6.77706520681727;57.8018051532243;-999;-999;10.9958851529712;1.17828924654081
2016;10;15;1;4.43724386588628;6.4588175281274;58.0205362082079;-999;-999;9.38777798952403;1.3184635757399
2016;10;15;2;4.13070239639823;6.11111274151544;54.2383344276045;-999;-999;7.65075293125087;1.29161699809684
2016;10;15;3;3.36702748146113;5.12189450297684;49.7913913608468;-999;-999;5.97216595298935;1.14451839740068
2016;10;15;4;2.74356239110828;4.55667719979038;37.3200083148267;-999;-999;4.39497330156908;1.18250740921893
2016;10;15;5;2.53269190066945;4.60679717302171;31.4782479630373;-999;-999;3.04054694494739;1.35272451601635
2016;10;15;6;2.67464054757163;4.38061006318468;28.2203221088135;-999;-999;3.01841820862368;1.11262760772462
2016;10;15;7;2.97554913408191;5.10666485213698;30.7126216688496;-999;-999;3.09683524771284;1.38990653787378
2016;10;15;8;3.01718424240023;5.06754379774261;30.0839322890243;-999;-999;3.19961497449087;1.33723763886608
2016;10;15;9;3.80796194777309;7.39749467721283;24.0804435107651;-999;-999;4.15859752185605;2.34108123096828
2016;10;15;10;3.41157430290103;5.8755837269321;24.9192316005071;-999;-999;3.72454052701463;1.60701869862278
2016;10;15;11;4.00159824008809;6.37648266236462;24.9409149972821;-999;-999;3.42469008551277;1.54889167080483
2016;10;15;12;4.82473528040221;7.22444844942094;21.5679924231005;-999;-999;2.70004374959114;1.56508489632132
2016;10;15;13;4.23376962390541;6.40527406427801;22.7981608407928;-999;-999;2.35632675533655;1.4162479273769
2016;10;15;14;4.64405707643533;6.69035188921624;23.0448057364756;-999;-999;1.43365588214666;1.33458662737332
2016;10;15;15;4.25686864146918;6.25971761778243;29.4364416555959;-999;-999;2.02280081693251;1.30625139825451
2016;10;15;16;4.44732160814422;6.79212264706393;31.2884747999934;-999;-999;2.39755875100574;1.52927138887703
2016;10;15;17;4.57988518127838;6.6127089908724;25.7258982523734;-999;-999;1.99579721065321;1.32580088418605
2016;10;15;18;5.04691084748183;7.28423056036563;24.2785361308478;-999;-999;2.03124406228148;1.45917242780654
2016;10;15;19;5.67450550607147;7.70125639599537;26.0419483157985;-999;-999;2.09459919573021;1.32184014630497
2016;10;15;20;5.35228953682315;7.55392024022456;22.0184697797571;-999;-999;2.17656055682602;1.43589617528324
2016;10;15;21;5.35896962194974;7.27142962030703;22.889272307011;-999;-999;2.22840026191516;1.24730000938888
2016;10;15;22;4.27583057232313;6.54160892766578;26.2397201470239;-999;-999;2.07690875246519;1.47773305915914
2016;10;15;23;3.58738363124083;5.55977420657008;21.1448539294247;-999;-999;2.14735433631271;1.28638653108555
2016;10;16;0;5.21283174190059;7.4251993357099;13.4778737909405;-999;-999;1.9068161539506;1.44289873926789
2016;10;16;1;5.205432921154;6.63638843872299;13.4054331956134;-999;-999;1.64811203570238;0.933264398749228
2016;10;16;2;5.53010461213791;7.91261193090603;11.9728077793733;-999;-999;1.99056062734478;1.55386329838067
2016;10;16;3;5.42973430174629;7.72561771818701;7.76064722606272;-999;-999;1.94405381048661;1.49736747923723
2016;10;16;4;6.22685351341809;8.49860919332709;9.15518920411415;-999;-999;1.99057831875664;1.48163145023354
2016;10;16;5;5.63812000581522;7.80003912385413;19.6781939579458;-999;-999;1.95514581385579;1.40999641223563
2016;10;16;6;5.67726136562495;7.98161642190376;19.9706115272822;-999;-999;1.84749978067839;1.50289265438268
2016;10;16;7;5.00582207264604;7.17037466518872;22.9717681138604;-999;-999;1.95472029438027;1.41171395549201
2016;10;16;8;4.90430780658629;7.63148400827488;19.88650319949;-999;-999;2.01896718569711;1.77865519011803
2016;10;16;9;4.31867112506531;7.77640714368477;14.8912451252593;-999;-999;2.38625151556557;2.25512385733184
2016;10;16;10;4.12952271341434;7.97404059313903;19.6179912584319;-999;-999;2.88955354614963;2.50738169247735
2016;10;16;11;3.38347775313467;6.25807829781455;29.9317988962127;-999;-999;3.16514214756969;1.87480485314634
2016;10;16;12;2.81993595976881;5.49800276421857;38.9642579348952;-999;-999;3.02914605778973;1.74662620562179
2016;10;16;13;1.95934230024013;4.39734829817374;44.6026912664348;-999;-999;2.41554143464178;1.59005935116277
2016;10;16;14;1.72305845958188;3.73306889539245;46.1818258583677;-999;-999;2.38985702215956;1.31092207816725
2016;10;16;15;1.66635654136566;3.67025768696431;49.8301259910506;-999;-999;2.14618790670457;1.30693761954054
2016;10;16;16;1.77749265386411;3.82814979592989;59.1258763154466;-999;-999;1.99511466702624;1.33743172393098
2016;10;16;17;1.73955213598297;3.68707591563241;57.1031057018492;-999;-999;2.08417907988128;1.27016849017932
2016;10;16;18;1.86029530450384;3.28267830636139;52.4181443328951;-999;-999;1.98361253832545;0.927673432696842
2016;10;16;19;1.77749231891683;3.2208185557458;50.7282297497265;-999;-999;2.07002018787838;0.941332540442328
2016;10;16;20;1.48172708237608;3.14782504262075;46.5742629758729;-999;-999;1.65531021402742;1.08662351277464
2016;10;16;21;1.94044769433758;4.09114961804268;37.8580285979651;-999;-999;1.89901049162019;1.40268059563821
2016;10;16;22;2.41451034399511;4.42433218832259;40.2080347313547;-999;-999;1.86268534634905;1.31079907943324
2016;10;16;23;1.96051094791482;4.2134772880055;36.0083829471973;-999;-999;1.82370128308657;1.46937710569722
2016;10;17;0;3.8722894706096;5.71187347083702;34.2760687637342;-999;-999;1.96328318423065;1.19977052734498
2016;10;17;1;6.7726683692226;8.70642999234787;24.1493360306042;-999;-999;2.73693680403819;1.26119285776005
2016;10;17;2;3.96916850137914;6.12935299149983;25.9727124813144;-999;-999;2.26228044978921;1.40886509371366
2016;10;17;3;2.85202258628507;4.8956913227076;25.6553212594473;-999;-999;1.82638959352879;1.3328739091626
2016;10;17;4;2.34246227593791;4.49267487179413;28.9024134406575;-999;-999;1.57736976562753;1.40236145765309
2016;10;17;5;2.47585691877542;4.33354266492978;23.3125199015051;-999;-999;1.67751806913697;1.2115764254469
2016;10;17;6;2.65139948636461;4.43781177942239;20.9862683840977;-999;-999;1.53661318697231;1.16509211790955
2016;10;17;7;3.36593684591425;5.82525246266555;16.0819978336297;-999;-999;1.54370824663617;1.60395741322639
2016;10;17;8;2.14637124949206;4.89412018424812;18.2237506576064;-999;-999;1.88491861031416;1.79207265776193
2016;10;17;9;2.20759242929577;9.25255484456678;5.78775030865331;-999;-999;2.09496868071739;4.5947009057756
2016;10;17;10;1.77008389002269;9.72703482706702;5.29461209698539;-999;-999;1.97621887897911;5.18949676699492
2016;10;17;11;2.31483257203842;10.3807993285406;6.66225677331725;-999;-999;1.90975733777018;5.26059651953882
2016;10;17;12;3.41995143086964;8.46487551483806;20.6025215281943;-999;-999;1.72985050466652;3.29028260078903
2016;10;17;13;2.71926170690376;5.71926330837282;34.8702445632928;-999;-999;1.59780063580906;1.95659100263175
2016;10;17;14;1.81781313363943;4.32643046394355;46.7854331510531;-999;-999;1.8743299102798;1.63611182577889
2016;10;17;15;2.73414500763327;4.79359904316802;58.7485863478859;-999;-999;1.88453010698527;1.34316902840577
2016;10;17;16;3.17893104867994;5.04413088118501;52.90513478981;-999;-999;2.00729217169769;1.21647708741309
2016;10;17;17;3.24021777713235;5.32746225655168;60.2088097720255;-999;-999;1.98115445755651;1.36129386288489
2016;10;17;18;3.50941444081875;5.36397751108241;58.8995345104832;-999;-999;1.70551578066127;1.20953982668347
2016;10;17;19;4.08900991516827;5.95617278564752;60.6163883089994;-999;-999;1.88057300171689;1.217757374209
2016;10;17;20;4.83651233349473;7.03033015290377;55.2842871178582;-999;-999;1.81188935768798;1.43080063849533
2016;10;17;21;4.51014356613002;6.26530870721176;51.8587011990275;-999;-999;1.93642854594218;1.14471282998375
2016;10;17;22;5.07799781103493;7.34449768908903;32.7567759041886;-999;-999;1.94219851476522;1.47820363385641
2016;10;17;23;3.96458981513542;6.33022006792855;23.6965804784705;-999;-999;1.89434293512216;1.54285613244405
2016;10;18;0;2.9352729143146;4.51384997029825;27.0581469150987;-999;-999;1.87219149468213;1.0295426719726
2016;10;18;1;2.27544424591086;4.28309574257246;32.7416165654781;-999;-999;1.91829119650611;1.30938358595032
2016;10;18;2;2.25113564078891;4.50288891680337;33.4906223442747;-999;-999;2.26930970455266;1.46858594936717
2016;10;18;3;1.93037450953634;3.84022093035812;32.2383191945563;-999;-999;2.55119532624523;1.24559544286859
2016;10;18;4;2.19216591419533;3.91505648277022;31.8827629099257;-999;-999;2.93989729630498;1.12366346182683
2016;10;18;5;2.2762825902135;4.23586984225939;26.5594541957634;-999;-999;2.78479241247223;1.27803624649646
2016;10;18;6;2.83459328615721;4.83779696960795;22.1253184037234;-999;-999;2.48431148869233;1.30648273706227
2016;10;18;7;3.53358125699338;5.84811752134417;17.3970206587383;-999;-999;2.36066786345091;1.50953280420786
2016;10;18;8;4.28008486105538;6.5219803643028;15.6777344618592;-999;-999;2.03447115234724;1.46215674296524
2016;10;18;9;4.44398751605693;7.04797501650488;14.6762990785095;-999;-999;2.03581020489892;1.698311931516
2016;10;18;10;4.4206821291839;7.77115319258983;13.5993615232373;-999;-999;2.38197938649929;2.18516601258745
2016;10;18;11;5.10056823218764;8.87361921910231;11.431629470938;-999;-999;2.27295653150356;2.46077122420637
2016;10;18;12;5.42481205036743;9.27904075294886;11.2023114158869;-999;-999;2.40106273733816;2.51371505863967
2016;10;18;13;6.30496775576505;10.5430756166561;10.9337708402718;-999;-999;2.43697740332558;2.76407976073803
2016;10;18;14;5.67823416321723;9.7281152645541;13.6273937298002;-999;-999;2.68476290119864;2.64131889820454
2016;10;18;15;5.34189482415735;8.47015593632329;16.0359611943918;-999;-999;2.79780508936526;2.04024142618772
2016;10;18;16;5.58079769811218;8.12950712888541;15.714453788774;-999;-999;2.48045357895347;1.66225975950534
2016;10;18;17;5.33015826350154;7.59457380456332;14.5836059058045;-999;-999;2.07045725787931;1.47684423624688
2016;10;18;18;5.161022287439;7.34080884241074;14.5229477741655;-999;-999;1.82844823503034;1.4216494947959
2016;10;18;19;4.65949665173176;6.6509136280138;14.4390825703963;-999;-999;1.82446615546603;1.29879548610026
2016;10;18;20;4.31024246963447;6.47585288334077;14.0505754889572;-999;-999;1.58112150864464;1.41240386291409
2016;10;18;21;5.06172069884787;7.34045791645738;12.2633990016996;-999;-999;1.93308227125399;1.48618478575265
2016;10;18;22;3.63723733359039;5.89693571625641;10.7550560883873;-999;-999;2.02174510394829;1.47376772133083
2016;10;18;23;3.51928196697074;5.9318750310961;14.0255032451929;-999;-999;1.91448113564217;1.57348512079724
2016;10;19;0;2.92975934405407;4.99364107269891;12.0102005419797;-999;-999;1.79214352037599;1.34605675503144
2016;10;19;1;3.64034775947728;6.16128486256034;10.0540705259637;-999;-999;1.75801778604751;1.64414674034758
2016;10;19;2;3.77064380914311;5.60375666448153;8.66491478270189;-999;-999;1.87948561322647;1.1955500683091
2016;10;19;3;4.14483325265907;6.34905483165938;7.96891311195179;-999;-999;1.80767979526172;1.43758593567646
2016;10;19;4;4.62093454963625;6.77991891349943;6.42280179840827;-999;-999;1.85246047869058;1.40808237538566
2016;10;19;5;4.1350687720375;6.30506317168335;5.48260148520214;-999;-999;1.86310665209363;1.41526308386944
2016;10;19;6;4.19988043799589;6.39026187471392;4.64013786939133;-999;-999;1.86355780844044;1.4285594412068
2016;10;19;7;4.7385754192675;7.16921137097996;4.16277836137233;-999;-999;1.87110187445431;1.58525263168694
2016;10;19;8;3.60651764397837;7.49577250377745;4.77875294851209;-999;-999;1.86268663566435;2.53655900113466
2016;10;19;9;3.19323228917022;9.46439148228785;6.03960619867771;-999;-999;-999;4.09002903442348
2016;10;19;10;2.37424986127136;6.80566412671787;8.42253295354281;-999;-999;-999;2.89015355073839
2016;10;19;11;2.82548904058889;5.44313515757591;22.3978107848384;-999;-999;-999;1.70722003550357
2016;10;19;12;3.19550404592377;6.6582725275416;-999;-999;-999;1.26821455648812;2.25840601285431
2016;10;19;13;3.53001782751742;6.49539200123606;-999;-999;-999;1.98600144301625;1.93400711016064
2016;10;19;14;4.25198627049745;7.1679969815818;-999;-999;-999;1.7115530691218;1.9018124250639
2016;10;19;15;3.31314945962068;5.78059494583417;-999;-999;-999;2.16952470313111;1.60925968687669
2016;10;19;16;3.19753967437917;5.37939926286327;-999;-999;-999;2.7370067351084;1.42300152031364
2016;10;19;17;2.1690990562704;4.76794544424413;-999;-999;-999;2.85937836854222;1.69495891516906
2016;10;19;18;3.94327381138007;6.13973228862641;-999;-999;-999;2.67362715291381;1.4325228666978
2016;10;19;19;5.99840002519093;8.40936831406656;-999;-999;-999;2.24580603356129;1.57242544781795
2016;10;19;20;7.35293596161511;10.4663051999098;-999;-999;-999;2.15049289715133;2.03052899589615
2016;10;19;21;5.34805975091148;8.25119399090977;-999;-999;-999;2.12744483005483;1.89341443372274
2016;10;19;22;4.5330698391057;7.27803190504309;-999;-999;-999;2.36774942143444;1.79025507124682
2016;10;19;23;4.28338244476476;6.91093984822139;-999;-999;-999;2.24982384122126;1.71368414336319
2016;10;20;0;2.7411911155668;6.17419930588083;-999;-999;-999;2.40456356725853;2.23899645048201
2016;10;20;1;1.62767509566648;4.56112082531329;-999;-999;-999;2.11106524204393;1.91318348581044
2016;10;20;2;1.05057129173672;3.73093276930272;-999;-999;-999;1.99091936279002;1.74812278374728
2016;10;20;3;1.27759275974308;5.63562750127983;-999;-999;-999;2.04191293876524;2.84229567086628
2016;10;20;4;2.53603283334019;8.2588488922897;-999;-999;-999;2.01531600232813;3.73240147777722
2016;10;20;5;2.85096699375633;10.6616167661295;-999;-999;-999;1.8845268172419;5.09407963710742
2016;10;20;6;2.56977622489108;9.3530251993167;-999;-999;-999;1.84728839092578;4.42401227568449
2016;10;20;7;2.4807429750296;8.96125054019941;-999;-999;-999;2.03439796656759;4.22656534192822
2016;10;20;8;3.09693657897151;10.9055336823859;-999;-999;-999;2.00735762504578;5.09274089328336
2016;10;20;9;3.28763975400794;11.1832822900869;-999;-999;-999;1.95637432016721;5.14951163310172
2016;10;20;10;2.82526623636692;10.1617774854189;-999;-999;-999;1.88366450143655;4.78484807927186
2016;10;20;11;2.72388098141636;9.05603837040503;-999;-999;-999;1.91869685246838;4.12981185359251
2016;10;20;12;2.44357234278826;8.02318344975079;-999;-999;-999;1.86505181993145;3.63900368743843
2016;10;20;13;3.66828853313821;8.65456400569013;-999;-999;-999;1.66553060474718;3.25203217273653
2016;10;20;14;5.01991335004606;9.85901779523111;-999;-999;-999;1.71652449953483;3.15604772131054
2016;10;20;15;8.63503243693862;13.1297386198744;-999;-999;-999;1.69967941148241;2.9314323274691
2016;10;20;16;7.11865959087805;11.9098050205941;-999;-999;-999;1.79368387798375;3.12476901195395
2016;10;20;17;5.59633349095425;10.3432506179413;-999;-999;-999;1.92848234753877;3.09592346095861
2016;10;20;18;5.12830058176162;8.74960338724055;-999;-999;-999;1.99012030351626;2.36180156821769
2016;10;20;19;5.45306223412744;9.1644981035985;-999;-999;-999;1.85444358943645;2.42058605085272
2016;10;20;20;5.13216785531984;9.52549230128808;-999;-999;-999;1.69526456203242;2.86531149797196
2016;10;20;21;5.82234912245328;9.7684789600523;-999;-999;-999;1.8207538309616;2.57365267127928
2016;10;20;22;6.58643878140888;10.963493297386;-999;-999;-999;1.9125449599628;2.85470030409179
2016;10;20;23;7.35738487959472;11.011520349919;-999;-999;-999;1.91210652167679;2.38321492232968
2016;10;21;0;5.51142093458119;9.5155229196444;-999;-999;-999;1.85402378526923;2.61146191180639
2016;10;21;1;5.17618217965815;9.65954534040721;-999;-999;-999;1.93295743015237;2.9240344463672
2016;10;21;2;6.48834777126205;11.1027324954495;-999;-999;-999;2.01809955734817;3.00948627147579
2016;10;21;3;6.82137793344116;11.278747141096;-999;-999;-999;2.06422181702504;2.90708127716821
2016;10;21;4;6.62198240147993;10.6469194837138;-999;-999;-999;1.97376820520458;2.62505049244019
2016;10;21;5;6.10176602652214;10.3393746022998;-999;-999;-999;2.05580799676225;2.76375412865834
2016;10;21;6;6.76083342494615;11.3003470708689;-999;-999;-999;1.73459583803034;2.96065560484607
2016;10;21;7;7.41146523020026;11.4947258813022;-999;-999;-999;2.14761104485676;2.66308892883063
2016;10;21;8;6.16895373093389;10.129174226917;-999;-999;-999;1.9405319006513;2.58284255151197
2016;10;21;9;5.3302422034996;9.44354379715027;-999;-999;-999;1.8882110476946;2.68268153100543
2016;10;21;10;4.41363133475763;8.58051015889598;-999;-999;-999;0.967627996432599;2.71762442139149
2016;10;21;11;3.48998533890203;6.68329533169164;-999;-999;-999;2.4172514205046;2.08266608839364
2016;10;21;12;2.84642874720788;6.18696838574679;-999;-999;-999;2.02126003608442;2.17868877053244
2016;10;21;13;5.86652959234274;9.83796073175692;-999;-999;-999;1.9578523200037;2.59015409563258
2016;10;21;14;5.50751219820529;9.07252603323992;-999;-999;-999;1.93834563675648;2.32509009010888
2016;10;21;15;5.65257193138102;9.04715256431523;-999;-999;-999;1.93835079290051;2.21393412618669
2016;10;21;16;6.52857333043455;10.3654432502708;-999;-999;-999;1.90110592444055;2.50239371863801
2016;10;21;17;6.60576816521634;9.89285068599024;-999;-999;-999;1.82128771129424;2.14382421726206
2016;10;21;18;5.28010704696927;8.79358360662252;-999;-999;-999;1.83282254022631;2.29147765161485
2016;10;21;19;7.35576090873387;11.1504410282829;-999;-999;-999;1.95256248125155;2.47487767211171
2016;10;21;20;7.73122456671015;10.9763605559075;-999;-999;-999;1.93882017041693;2.11646682977461
2016;10;21;21;6.36290596693657;9.80755581969229;-999;-999;-999;1.59513655079617;2.24658910375857
2016;10;21;22;8.54970107696591;12.7733865377556;-999;-999;-999;2.16544485226578;2.75467351966775
2016;10;21;23;10.4837398389321;14.4928538191878;-999;-999;-999;1.95258345078515;2.61473071829436
2016;10;22;0;10.9228437307849;14.9910778458477;-999;-999;-999;1.90735415542805;2.6532886723239
2016;10;22;1;9.25706119353541;13.9141005525844;-999;-999;-999;2.01202039482069;3.03730548155551
2016;10;22;2;9.45233031078292;13.8691436815836;-999;-999;-999;2.02133893703095;2.88063089612366
2016;10;22;3;9.17340884755868;13.8044434483679;-999;-999;-999;1.97788325527954;3.0203452652767
2016;10;22;4;9.25136156513629;13.5029895604582;-999;-999;-999;1.87721685021511;2.77289754715815
2016;10;22;5;8.005196839712;11.6259573504809;-999;-999;-999;1.79473301674625;2.361447885423
2016;10;22;6;6.17577865946637;10.1547933294516;-999;-999;-999;1.82711222623507;2.59510004888678
2016;10;22;7;6.40162644934236;10.4505012793018;-999;-999;-999;1.7047123069255;2.64066261138047
2016;10;22;8;5.81462839261972;11.2899214122409;-999;-999;-999;1.80539008489755;3.57096778005628
2016;10;22;9;5.20383623857572;11.509622621058;-999;-999;-999;1.93800067599843;4.11261277142018
2016;10;22;10;4.74475278028321;11.4148296803591;-999;-999;-999;1.96106784849453;4.35020182761224
2016;10;22;11;4.30828797708616;11.7132683962859;-999;-999;-999;2.01651118065185;4.8295034428567
2016;10;22;12;3.50406794202964;10.2885002402055;-999;-999;-999;2.18771015052129;4.42478403547346
2016;10;22;13;2.26169251090693;7.38702305937087;-999;-999;-999;1.93624715846912;3.34272342779003
2016;10;22;14;2.20312427406368;6.8651578194466;-999;-999;-999;2.08615919627956;3.04056267316553
2016;10;22;15;2.18081276989103;6.93322559570548;-999;-999;-999;1.93226582802019;3.09950773733819
2016;10;22;16;2.89742400609442;7.65483206604474;-999;-999;-999;1.75530813502772;3.10276561232116
2016;10;22;17;3.18983531451587;7.04889770073384;-999;-999;-999;1.88792443009327;2.51686757092773
2016;10;22;18;3.22587674358625;7.35251527294084;-999;-999;-999;1.81341753652507;2.69137983582906
2016;10;22;19;4.65219290205925;8.49002309911973;-999;-999;-999;2.00812912062047;2.5030200082293
2016;10;22;20;6.1974407561617;10.2915016201977;-999;-999;-999;1.95358084009732;2.67013279155488
2016;10;22;21;6.7311410269673;10.7399279081131;-999;-999;-999;1.91455550212289;2.61451738534978
2016;10;22;22;4.83812209734011;8.53889658320141;-999;-999;-999;1.79835561764775;2.41363273214908
2016;10;22;23;4.72820046433828;8.49303162241043;-999;-999;-999;1.71941116515038;2.45541027934936
2016;10;23;0;3.40461695926218;7.32182048356311;-999;-999;-999;1.7744135998386;2.55478702657074
2016;10;23;1;3.04167402205305;6.76576727911608;-999;-999;-999;1.8688913266766;2.42884115667238
2016;10;23;2;2.41117463026274;6.12400520186031;-999;-999;-999;1.55608870202097;2.42149567091118
2016;10;23;3;2.06441009776066;5.71967322059289;-999;-999;-999;1.75402400961958;2.38395037352081
2016;10;23;4;1.73938363733397;6.74755160246646;-999;-999;-999;1.71854373694063;3.26631038311727
2016;10;23;5;1.41762593806991;6.24048896908008;-999;-999;-999;1.6599992216637;3.14545512535025
2016;10;23;6;1.37309036871332;5.94697405993923;-999;-999;-999;1.62185779640955;2.9830716333466
2016;10;23;7;0.874927903322189;5.17285270954857;-999;-999;-999;1.75847554082693;2.80309217226166
2016;10;23;8;0.970585486344097;5.11660727083038;-999;-999;-999;1.77267332105445;2.70402152994477
2016;10;23;9;0.859823900350541;5.45098672387879;-999;-999;-999;1.64182810672392;2.99434102559609
2016;10;23;10;1.11011372508412;6.33066851293453;-999;-999;-999;1.64582378049621;3.40482835797566
2016;10;23;11;0.983378649105139;5.7921446716314;-999;-999;-999;1.72478156442433;3.13626110360369
2016;10;23;12;1.81893755410243;7.17138376192231;-999;-999;-999;1.94035810701292;3.49084750060219
2016;10;23;13;2.46594313520315;7.69053852358925;-999;-999;-999;1.90975714550987;3.40746362412001
2016;10;23;14;2.21720613710018;6.73622937566277;-999;-999;-999;1.81749945079083;2.9472918297529
2016;10;23;15;1.71398466940187;6.29260667453734;-999;-999;-999;1.74475823085399;2.98616194581796
2016;10;23;16;2.80134711919328;8.84766030223096;-999;-999;-999;1.85346820014818;3.94338521927196
2016;10;23;17;2.72027867713218;6.83737506187145;-999;-999;-999;1.76162232016205;2.68515648105119
2016;10;23;18;4.18132886185921;8.63976971959844;-999;-999;-999;1.84635016934469;2.90778020376612
2016;10;23;19;5.18757054571248;8.99157993924261;-999;-999;-999;1.82240163860853;2.48096219337451
2016;10;23;20;5.95873830484554;10.0257793212725;-999;-999;-999;1.87829771707908;2.65251053738726
2016;10;23;21;6.23739797059093;10.601622577776;-999;-999;-999;1.7722851656563;2.8463326805229
2016;10;23;22;6.49378041627861;10.6702378004061;-999;-999;-999;2.04997690597152;2.72387152615428
2016;10;23;23;6.35374286078094;10.3225973358132;-999;-999;-999;1.95106123285218;2.58847360374753
2016;10;24;0;4.27256819074587;8.08092942296945;-999;-999;-999;2.01450057265128;2.48380044800356
2016;10;24;1;3.91602721327872;7.73977688843992;-999;-999;-999;2.07838447417359;2.49383673897804
2016;10;24;2;3.81041209545998;7.48599675389616;-999;-999;-999;1.91691999763117;2.39720401101984
2016;10;24;3;3.63048507204298;7.55812674166365;-999;-999;-999;2.02338950509395;2.56159475000888
2016;10;24;4;3.39463241739397;7.20368866537798;-999;-999;-999;1.9568542751908;2.48425373495609
2016;10;24;5;2.47391572381725;6.07854553760337;-999;-999;-999;1.96883713090051;2.35092749884482
2016;10;24;6;2.49929949456376;6.86262756292291;-999;-999;-999;1.79716551931087;2.8457479609016
2016;10;24;7;2.08869656725552;5.67104769013201;-999;-999;-999;1.78208738413137;2.33639741120658
2016;10;24;8;1.93696309383807;5.51842383231228;-999;-999;-999;1.90275463619159;2.33581670547978
2016;10;24;9;2.63057992301315;6.72693895345027;-999;-999;-999;1.90275950792185;2.67163164798907
2016;10;24;10;4.88138051748156;10.232594277579;-999;-999;-999;1.89256128835732;3.49004370232296
2016;10;24;11;4.95829056209453;9.82601996873166;-999;-999;-999;1.48931387392245;3.17471682535382
2016;10;24;12;4.78333369460639;8.73233610333475;-999;-999;-999;1.19696967510175;2.57552615255453
2016;10;24;13;5.73607038270043;10.5058325996818;-999;-999;-999;2.14544297189937;3.11082295218401
2016;10;24;14;4.76051805477673;9.13584724088774;-999;-999;-999;1.91476248772755;2.85357504972826
2016;10;24;15;1.39975373291482;4.64604515227528;-999;-999;-999;1.91077470313709;2.11722039745947
2016;10;24;16;1.15717118990685;7.32135827276141;-999;-999;-999;1.75639537993967;4.02026218217554
2016;10;24;17;1.42596315020069;8.43495080962617;-999;-999;-999;1.85710487423325;4.57123829043074
2016;10;24;18;1.04468324406372;5.33294511278052;-999;-999;-999;1.85089873159171;2.79679003676247
2016;10;24;19;1.01621972943147;3.87037133750224;-999;-999;-999;1.95027886190224;1.8614681251382
2016;10;24;20;0.801304941234188;3.49475501274343;-999;-999;-999;1.84691527740571;1.75665912090587
2016;10;24;21;0.878371207419308;3.69388837820922;-999;-999;-999;1.80521703340379;1.83627087446392
2016;10;24;22;1.60944528648879;4.99935923103269;-999;-999;-999;1.48978748610694;2.21089052763925
2016;10;24;23;2.02509257070158;5.15994416980439;-999;-999;-999;1.69032084732755;2.04453971970775
2016;10;25;0;1.95698997687111;5.26341525867981;-999;-999;-999;1.79014632842894;2.15643950126331
2016;10;25;1;1.38313848046075;4.68703185539636;-999;-999;-999;1.66237753963264;2.15478820007569
2016;10;25;2;1.89363033823019;6.01323197756388;-999;-999;-999;1.57498129367989;2.68679039971188
2016;10;25;3;1.76081426395106;7.67046574721625;-999;-999;-999;1.91172248050359;3.85425491612536
2016;10;25;4;0.264724506894236;5.25137086007207;-999;-999;-999;1.84828340856392;3.25227405983931
2016;10;25;5;-0.322162600967814;3.16004364686951;-999;-999;-999;1.72006909104012;2.27108325891901
2016;10;25;6;-0.209393267131256;3.35363380194249;-999;-999;-999;1.79727105318301;2.32379432799946
2016;10;25;7;1.27600038214753;7.15513819213417;-999;-999;-999;1.60782856333695;3.83435400055091
2016;10;25;8;0.735228806971543;7.15433875740146;-999;-999;-999;1.91219124602113;4.18652202310989
2016;10;25;9;0.97005245027544;6.1560450531724;-999;-999;-999;1.69834474397416;3.38228701663834
2016;10;25;10;1.39818069580281;9.14424761978177;-999;-999;-999;1.81148653287409;5.05195891956159
2016;10;25;11;1.98574428917725;9.74831030558553;-999;-999;-999;1.76091136054535;5.0627195724169
2016;10;25;12;1.30000798483398;6.45813199494059;-999;-999;-999;1.8678432675279;3.36411121370447
2016;10;25;13;1.05025758948142;5.22278361968344;-999;-999;-999;1.97211383842635;2.72130751028343
2016;10;25;14;1.854177307023;7.33959200965105;-999;-999;-999;1.90955920651034;3.57756910783325
2016;10;25;15;2.38124495370703;6.8633849901096;-999;-999;-999;1.79154293910039;2.92323672876256
2016;10;25;16;3.23681883352274;6.99374952761256;-999;-999;-999;1.89670216239179;2.45025762318515
2016;10;25;17;2.81838124249845;6.55780039199535;-999;-999;-999;1.89448881413633;2.43883665241769
2016;10;25;18;3.45620811372588;6.23352608377834;-999;-999;-999;1.91534746466937;1.81135748360639
2016;10;25;19;5.09086832618685;8.45586150012387;-999;-999;-999;1.97791414134826;2.19463728446624
2016;10;25;20;5.49956152516954;9.78620564071014;-999;-999;-999;1.98856845588444;2.79573494355603
2016;10;25;21;5.70605504350194;10.3671232110123;-999;-999;-999;1.78136355906121;3.03993305694847
2016;10;25;22;3.24291594941652;7.74512573329852;-999;-999;-999;1.86123521884088;2.93632615088957
2016;10;25;23;4.0978490662954;9.8998407097601;-999;-999;-999;1.61586866148527;3.78403952897515
2016;10;26;0;3.11691306096048;7.64379830646098;-999;-999;-999;1.6988462117968;2.95241940436146
2016;10;26;1;3.18103689603736;10.6024665004747;-999;-999;-999;1.86080587581562;4.84023154640867
2016;10;26;2;2.75966410329059;7.10886664126157;-999;-999;-999;1.89852608084765;2.83653533726454
2016;10;26;3;2.04112929433081;7.93428486236205;-999;-999;-999;1.84750422372043;3.84349633542623
2016;10;26;4;1.43399298931975;6.16047860334404;-999;-999;-999;1.76231386533161;3.08259809659429
2016;10;26;5;2.97221206438438;6.89321110657516;-999;-999;-999;1.5981401472813;2.55726245063384
2016;10;26;6;5.38058746849782;9.85377837141101;-999;-999;-999;1.85994224013039;2.91740013385604
2016;10;26;7;4.13088711355118;8.01198224168237;-999;-999;-999;1.96999180631658;2.53123725145377
2016;10;26;8;1.74860431655773;5.41824921567061;-999;-999;-999;1.89589385467626;2.39333011987122
2016;10;26;9;2.36556878356873;7.04873387761694;-999;-999;-999;1.93539114704109;3.05434459847182
2016;10;26;10;4.00715691339487;12.1728381934203;-999;-999;-999;1.24804795385623;5.32562999800821
2016;10;26;11;4.15209774325386;12.5267029310389;-999;-999;-999;1.43974573980728;5.46188947132213
2016;10;26;12;3.2550729253639;9.47441652882966;-999;-999;-999;1.77832201772103;4.05623508029383
2016;10;26;13;4.03450409872826;8.67415092382371;-999;-999;-999;1.73483973763504;3.02596212912867
2016;10;26;14;4.52249145113659;10.1860285760422;-999;-999;-999;1.99798531264501;3.693739955417
2016;10;26;15;4.22507852404469;9.22266668021703;-999;-999;-999;1.97580325865608;3.25941026712704
2016;10;26;16;2.80271472575006;7.7714155802659;-999;-999;-999;2.09961500393022;3.24057006568057
2016;10;26;17;3.01830927141114;6.70172846009187;-999;-999;-999;1.82449391738406;2.40231366542096
2016;10;26;18;2.90697795744034;8.6116680167744;-999;-999;-999;1.81029831568339;3.72057976150082
2016;10;26;19;2.42306158519952;8.53914048820915;-999;-999;-999;1.71045729599212;3.98888618831224
2016;10;26;20;1.89621810335317;5.85318136695857;-999;-999;-999;1.88175273317536;2.58071819545812
2016;10;26;21;1.68218884112036;5.91321660286598;-999;-999;-999;1.88619540622972;2.75946214377447
2016;10;26;22;1.48367917593579;6.66296309681437;-999;-999;-999;1.87688118374905;3.37791163668179
2016;10;26;23;1.82948578150042;6.50170794882741;-999;-999;-999;2.04463041157184;3.04720765829328
2016;10;27;0;2.37591552311531;7.47981890436689;-999;-999;-999;2.08679404478189;3.32874870105686
2016;10;27;1;3.9452088041614;8.4914515230407;-999;-999;-999;2.34773937176055;2.96504428370423
2016;10;27;2;7.44702279768991;11.847882111005;-999;-999;-999;2.86563186069495;2.87022571323427
2016;10;27;3;4.95403386770005;9.87699176377913;-999;-999;-999;2.71742125832174;3.21073666130262
2016;10;27;4;6.75428475400703;13.315848321073;-999;-999;-999;2.86654043977897;4.27942979504776
2016;10;27;5;3.20302127622004;8.10963184174495;-999;-999;-999;2.39081537213371;3.20007498703429
2016;10;27;6;3.12599371091856;8.28723931616176;-999;-999;-999;2.12898970083629;3.3661471076037
2016;10;27;7;3.69412979006637;9.14724604564963;-999;-999;-999;2.55237009258937;3.5565041687826
2016;10;27;8;4.36716768857389;9.37248945511042;-999;-999;-999;2.86572405943015;3.26445410192001
2016;10;27;9;4.56793908813994;8.67785955079788;-999;-999;-999;2.96467038430901;2.68047636868957
2016;10;27;10;4.68652511368254;9.65746449865711;-999;-999;-999;3.44575490881297;3.24203002775276
2016;10;27;11;4.39966321819918;9.67000893425675;-999;-999;-999;3.35257064787898;3.43730183468817
2016;10;27;12;4.59105204117228;9.52832655943453;-999;-999;-999;3.05790061725302;3.22007391436873
2016;10;27;13;3.99779149042601;8.63556890745432;-999;-999;-999;2.87240235526993;3.02474290744471
2016;10;27;14;3.71900141595765;8.08369196733519;-999;-999;-999;2.62121905327647;2.84663656776558
2016;10;27;15;3.69098197764216;8.82909785861327;-999;-999;-999;2.84712593350807;3.35106197885511
2016;10;27;16;4.04102178206931;9.57786715516971;-999;-999;-999;2.5386884264935;3.61111201896244
2016;10;27;17;5.39680825343798;10.5783108400321;-999;-999;-999;2.58307830721834;3.37935864303498
2016;10;27;18;5.74724927063965;10.5508589641884;-999;-999;-999;2.65276587113434;3.13289816310421
2016;10;27;19;5.76722824312699;10.7048215669952;-999;-999;-999;2.51741056819018;3.22028183831779
2016;10;27;20;13.0321773310485;17.3580376124788;-999;-999;-999;4.67926579812326;2.82131159568182
2016;10;27;21;15.4584360293216;19.6476007891993;-999;-999;-999;5.27622342217119;2.7321592340834
2016;10;27;22;7.6478443452503;11.6790634644351;-999;-999;-999;3.093519901713;2.62914761591185
2016;10;27;23;17.901495535495;22.508196157199;-999;-999;-999;5.13691146156634;3.00447472555699
2016;10;28;0;16.5254829986389;21.4794449684799;-999;-999;-999;5.17244015559453;3.23095741443084
2016;10;28;1;10.550485047284;14.987284583091;-999;-999;-999;3.63502865074555;2.89366580604145
2016;10;28;2;7.39753035975308;12.4108884023757;-999;-999;-999;3.47748258050713;3.26969533428366
2016;10;28;3;6.36375929457447;10.9484139700409;-999;-999;-999;2.85568088069507;2.99009643321478
2016;10;28;4;5.72276721634958;11.8182008179129;-999;-999;-999;3.19123362115021;3.97542139181458
2016;10;28;5;6.97844637248007;12.4211050003257;-999;-999;-999;3.54276864888722;3.54968373897675
2016;10;28;6;6.55023721889942;10.3509403649813;-999;-999;-999;3.43315286088827;2.47880586985571
2016;10;28;7;5.57761247755367;9.42544546707793;-999;-999;-999;3.36614536227466;2.50954379599202
2016;10;28;8;5.46897265958065;9.25547353205365;-999;-999;-999;3.41320652819806;2.46954319454699
2016;10;28;9;5.40440613451017;9.84114598495727;-999;-999;-999;3.01375372286216;2.89362687944955
2016;10;28;10;8.20198253892164;13.5588903673845;-999;-999;-999;3.48691339256038;3.49375735465122
2016;10;28;11;6.7970664013792;10.1992465275;-999;-999;-999;3.64893436058296;2.21889049020538
2016;10;28;12;6.95060524732543;10.5570700522341;37.0371999003092;-999;-999;3.56195227950251;2.3521242739127
2016;10;28;13;6.32246967147194;9.41697262986495;43.5581199277241;-999;-999;3.23484079673896;2.01822447129502
2016;10;28;14;5.30933027637192;8.22773547855161;49.469806447347;-999;-999;3.18647208459445;1.90337410414125
2016;10;28;15;4.86471165308494;7.39296007920571;53.8161067962646;-999;-999;2.8451509992636;1.64891516075973
2016;10;28;16;4.39708410776089;6.67011142172492;58.9111264623006;-999;-999;2.72487273621962;1.48246080570771
2016;10;28;17;4.35427645907753;6.15864442103024;59.3805469258626;-999;-999;2.59571600366148;1.17680274506016
2016;10;28;18;4.09598151510071;6.37720158133684;62.8206735127766;-999;-999;2.47499136467366;1.48780409131613
2016;10;28;19;4.56300846020316;6.64715135523793;61.4826470006306;-999;-999;2.74842696965126;1.35927101993115
2016;10;28;20;4.04236464470685;6.49620518886764;59.8535599950154;-999;-999;2.65655360912042;1.60038658920947
2016;10;28;21;3.76055627225554;5.95878837695624;60.9295998878479;-999;-999;2.38313226572527;1.4336796205867
2016;10;28;22;4.89515770170911;7.27450370748605;53.3989533856709;-999;-999;2.38580352797893;1.55180150062962
2016;10;28;23;9.28035960104562;11.5615832221879;41.1149965822898;-999;-999;2.49055278835352;1.487806409814
2016;10;29;0;11.4397653234029;14.0408023416454;35.8964802093505;-999;-999;2.57669022227358;1.69638763689766
2016;10;29;1;11.3805392840853;14.1957599120039;34.8501666355133;-999;-999;2.56648959953647;1.83607747019588
2016;10;29;2;12.8643880852914;15.3551444922414;29.8350165700912;-999;-999;3.53018937319305;1.62446299135282
2016;10;29;3;15.841066046198;18.9118049218156;19.6225998878479;-999;-999;3.8825473660165;2.00272561605389
2016;10;29;4;10.6903743094808;13.5802563855774;22.5792600043614;-999;-999;2.85593653355018;1.88477141678477
2016;10;29;5;7.65299629117245;9.98306479216116;24.5562465146382;-999;-999;2.26555952065749;1.51966287695237
2016;10;29;6;8.0562046402935;10.3395215579661;14.9564932785034;-999;-999;2.23804479593448;1.48917165080423
2016;10;29;7;8.94755675509345;11.8133568204006;16.8469132591883;-999;-999;2.17057778765338;1.8690652099571
2016;10;29;8;6.70432774118783;9.92667593068084;11.9217600199381;-999;-999;2.2016579230502;2.10160470308462
2016;10;29;9;4.95767229243941;8.94511233926935;24.0675533981323;-999;-999;1.72941294061415;2.60059505146283
2016;10;29;10;5.31436438018275;11.8427951295403;25.0762998660405;-999;-999;2.78364232273303;4.25782068224314
2016;10;29;11;5.7924661057304;10.5494338718646;28.9352132809956;-999;-999;2.79075266528435;3.10247845416805
2016;10;29;12;4.73143729953424;8.24120938410076;40.3352267239888;-999;-999;2.31799085523452;2.28906160536321
2016;10;29;13;3.96329602971889;6.81002011461107;54.6994136797586;-999;-999;2.20435460186305;1.85662391938313
2016;10;29;14;3.41104026169762;5.64405704912915;69.7136669158935;-999;-999;2.02767993193741;1.45636607422967
2016;10;29;15;4.11368616783759;6.17756908658551;72.3501936772664;-999;-999;1.91048977643517;1.34605753121269
2016;10;29;16;5.57549356583761;8.06144129220162;71.0268668162028;-999;-999;2.07164013700109;1.62132678597067
2016;10;29;17;5.48879205709779;7.46792275638869;71.4570868810017;-999;-999;1.87986851783885;1.29078241737225
2016;10;29;18;5.81257534818068;7.94517022746553;71.4169066467285;-999;-999;2.17553217065351;1.39087124187667
2016;10;29;19;6.73541088579742;9.40041923814528;73.4847064971923;-999;-999;2.26965281444;1.73810952687122
2016;10;29;20;9.34633117283629;11.8477394983343;70.5019134928385;-999;-999;2.5377977174692;1.63141013697492
2016;10;29;21;8.23135299776345;10.3996252888281;76.5462266616821;-999;-999;2.34824408931425;1.41413993041719
2016;10;29;22;6.80826665816919;9.0423294889184;78.5009998753865;-999;-999;2.12628006575574;1.45704830018006
2016;10;29;23;6.14236153810938;8.42977908682748;80.0935001246134;-999;-999;2.13516604099592;1.49184606864617
2016;10;30;0;5.34352332766976;7.43031102141659;81.1156400299072;-999;-999;2.50231593167287;1.36099594879827
2016;10;30;1;4.86707217003072;7.25532242444176;79.4215469258626;-999;-999;2.30521062430387;1.55760882178377
2016;10;30;2;4.71896134032333;6.89118022000146;76.4605584081014;-999;-999;2.40333124357625;1.41671388230054
2016;10;30;3;4.65054739925224;7.14391634425929;74.2061496448516;-999;-999;2.30566881829774;1.62616687992876
2016;10;30;4;4.53694073579633;6.81491351930433;66.2679868062337;-999;-999;2.10855932098538;1.48568622439041
2016;10;30;5;4.71073873192921;6.79785126854989;58.9999799601236;-999;-999;1.96472283743849;1.36120781023325
2016;10;30;6;4.75360340939868;6.99983621115362;58.5625733757018;-999;-999;1.83819919316385;1.46498551453369
2016;10;30;7;5.77991491382746;8.04121558563695;49.6850797856648;-999;-999;1.94475508189385;1.47481272894688
2016;10;30;8;4.80650008947179;7.22792514246653;46.5369931538899;-999;-999;1.79558756969732;1.5792453143747
2016;10;30;9;3.8032834109727;6.15301264280607;45.2139936523437;-999;-999;1.9469853694021;1.53248553979928
2016;10;30;10;3.76594981680406;7.11282597010598;41.4988132311503;-999;-999;1.5740548619101;2.18282142425078
2016;10;30;11;2.89299009992214;5.33640125594822;53.8239468510945;-999;-999;1.80758802535813;1.59358457717809
2016;10;30;12;2.31831524481326;4.84853266672387;62.3956801096598;-999;-999;2.01093363879357;1.65019933322308
2016;10;30;13;2.13120300953176;4.25008027124917;67.0539468510945;-999;-999;2.04423740672936;1.3819246576159
2016;10;30;14;2.30938946138206;4.21995609734132;69.1671537221272;-999;-999;2.07620988057031;1.2460651647705
2016;10;30;15;2.29931812643912;4.31666115571732;74.5852468261718;-999;-999;2.02737750698642;1.31570437108259
2016;10;30;16;2.35634365606086;4.72613797328413;76.330626586914;-999;-999;1.91505504965801;1.5455719213271
2016;10;30;17;2.27708307163898;4.54960183667643;78.3562869059244;-999;-999;2.14815402252354;1.48212913180006
2016;10;30;18;2.66679358234814;4.85021065733951;73.8051666666666;-999;-999;2.16813976062803;1.42401730780034
2016;10;30;19;3.32209938639913;5.53206056164069;71.4528399302164;-999;-999;2.15393842758983;1.44132928113296
2016;10;30;20;3.54580524612831;5.90844164302686;69.7711606928507;-999;-999;1.94482283751204;1.54090354965088
2016;10;30;21;2.91414487518737;4.99600601875653;71.9637469507853;-999;-999;1.91463612554927;1.35778286926295
2016;10;30;22;2.6546129605216;4.56937042541087;70.803100074768;-999;-999;2.04650928447624;1.24879840937078
2016;10;30;23;3.24260871507991;5.03743144245177;66.8579463526407;-999;-999;1.79076941999314;1.17057737501711
2016;10;31;0;3.01387784978198;5.10032149970322;65.2233066965738;-999;-999;1.82673799027971;1.36077156456683
2016;10;31;1;2.98449498607476;5.09944773083942;62.0007399800618;-999;-999;1.61273100060695;1.37936510079578
2016;10;31;2;3.10972159469497;5.09293118132169;56.5996332772572;-999;-999;1.56744517079737;1.2934426540395
2016;10;31;3;3.00715677585174;5.06017086864869;57.695600028038;-999;-999;1.71130872124331;1.33896891930848
2016;10;31;4;2.64139234304836;5.07524307008766;54.5658066342671;-999;-999;1.71397669549325;1.58734929739436
2016;10;31;5;2.37165312908937;4.74979743397829;55.4121998380025;-999;-999;1.90135610881693;1.55101775533289
2016;10;31;6;1.57037205127513;3.69745203723477;58.6553465270995;-999;-999;1.87027942873668;1.38727444690987
2016;10;31;7;2.21351472699649;4.13441571751495;59.0480001869201;-999;-999;2.14202653772455;1.25280519622203
2016;10;31;8;4.46750201802743;6.75357090519628;52.294820139567;-999;-999;2.64022912948567;1.4909664760981
2016;10;31;9;5.75542077956149;8.72533477742713;50.0496400299072;-999;-999;3.50831034927713;1.93696796827325
2016;10;31;10;2.86569397502894;5.67205897036132;54.4534334081014;-999;-999;1.98796603154606;1.83030185626542
2016;10;31;11;1.65254682330049;3.63962861586446;60.5131002616882;-999;-999;1.91559508845396;1.29596809379042
2016;10;31;12;1.30766012255918;3.68588821733537;66.2222533607483;-999;-999;1.91781990765157;1.55107240281689
2016;10;31;13;1.44947856350796;3.47294100606868;69.3275468012491;-999;-999;1.7561955834885;1.31969543194206
2016;10;31;14;1.56428829132373;3.57037137835352;73.124719815572;-999;-999;1.93736780285459;1.30836067443836
2016;10;31;15;1.38241860508463;3.30357045854205;73.2697601445516;-999;-999;1.78817474111868;1.25296880819111
2016;10;31;16;1.63570579013714;3.75196359910479;74.1850801595052;-999;-999;1.92316894719982;1.38021625930055
2016;10;31;17;3.2912332121843;5.2313798513664;73.8482874043782;-999;-999;2.17317194045733;1.26535714385987
2016;10;31;18;2.24550362324339;4.04690702854192;73.0659199651082;-999;-999;1.78197111089475;1.17486927113351
2016;10;31;19;2.30843543967479;4.50570122313774;73.1338664423624;-999;-999;1.96092852701305;1.43304938910999
2016;10;31;20;2.66227025063282;4.56729791549679;72.6409270604451;-999;-999;2.06839490870186;1.24245266636264
2016;10;31;21;2.95087166788074;5.14846936365138;71.4368329594929;-999;-999;2.16964580621115;1.43326586120606
2016;10;31;22;4.94684456079148;7.60893291382098;68.1708196411132;-999;-999;3.09507235466686;1.73620511308984
2016;10;31;23;5.04528792888763;7.39805364143595;64.9198333333333;-999;-999;2.78113119081075;1.53446592235761
2016;11;1;0;5.22752983342676;7.42054318817299;63.6206799850463;-999;-999;2.70298615337153;1.43027596933502
2016;11;1;1;4.86416473080272;6.96892895016859;62.5988669408162;-999;-999;2.51160273330243;1.37272017863454
2016;11;1;2;4.39828133228954;6.65669203896314;61.6078418286641;-999;-999;2.58643587384062;1.47292790335877
2016;11;1;3;4.13188303436507;6.49484684330805;58.6163915077845;-999;-999;2.26782481304415;1.54111708669032
2016;11;1;4;6.11672109803966;9.01684364687362;44.6985131314595;-999;-999;2.11728977384144;1.89145021882634
2016;11;1;5;9.73411449426686;12.5286120698459;27.9738333333333;-999;-999;1.95209995938651;1.8225619648259
2016;11;1;6;8.96755909635073;11.506124746401;25.5519266554514;-999;-999;2.06090431316669;1.65564401967191
2016;11;1;7;5.99693628824442;8.73833538361402;22.5629267177581;-999;-999;1.71408258108693;1.78793131376877
2016;11;1;8;5.77324472702105;8.95377656116282;22.2104534168243;-999;-999;1.98053732002694;2.0743322160956
2016;11;1;9;4.52025611500717;8.84198574429593;21.5342532984415;-999;-999;2.2141318463574;2.81861759818153
2016;11;1;10;4.77280640076263;10.1357240784297;24.4856865196228;-999;-999;2.22435230137472;3.49767695818561
2016;11;1;11;4.21101574138732;8.08949810593533;32.5948598766326;-999;-999;2.05649272554527;2.52953321579046
2016;11;1;12;3.4482104365911;6.4093355135322;48.7253331464131;-999;-999;2.07559456645759;1.93123586346525
2016;11;1;13;3.10885847437293;5.28154035257446;59.8012930666605;-999;-999;1.86598704070741;1.41701584838771
2016;11;1;14;2.88755824047332;5.21847076913156;67.7520331713358;-999;-999;1.83801373243593;1.52021334897324
2016;11;1;15;3.60805696638032;5.70097075302606;69.2661339314778;-999;-999;2.06095725289103;1.36499136608119
2016;11;1;16;3.83749685071931;5.86146194927427;66.6443066965739;-999;-999;2.04808373528185;1.32002326249897
2016;11;1;17;4.29957530930048;6.38361457268904;64.9518465894063;-999;-999;1.95793612975421;1.35920343171838
2016;11;1;18;3.60173070758306;5.43524855668607;72.5507668660481;-999;-999;2.11160296210337;1.19581420388675
2016;11;1;19;2.82524793478288;5.02847512185118;72.9492997258504;-999;-999;2.05787170851758;1.43693739658691
2016;11;1;20;2.86989607868585;4.7933550072808;71.3029002990722;-999;-999;2.2070994244831;1.25447347487338
2016;11;1;21;2.13937950759252;4.04312212304273;71.521439880371;-999;-999;1.87934881986971;1.24161456143641
2016;11;1;22;2.1693771846855;4.2701486603925;72.5497866566975;-999;-999;1.98460970598702;1.37011612458506
2016;11;1;23;1.93595320681309;4.31915707735547;70.7527937520345;-999;-999;1.97217959956812;1.55431758711629
2016;11;2;0;1.93707192710222;4.12256937584152;71.811193552653;-999;-999;1.84649809868314;1.42537412059515
2016;11;2;1;1.53711201857605;3.39482163499984;75.5966067962646;-999;-999;1.65686172054048;1.21159199355673
2016;11;2;2;1.64873124977519;3.43514268455062;77.1543168099721;-999;-999;1.96819853442257;1.16509155814067
2016;11;2;3;1.68317174758363;3.77735491057772;80.222941716512;-999;-999;1.99529588834207;1.36581924908662
2016;11;2;4;1.88199086237169;4.2054574435932;78.1521202392578;-999;-999;1.99974246175663;1.51535712697868
2016;11;2;5;2.40992110606222;4.55270721666602;75.7374001744588;-999;-999;1.84163609459028;1.39751792882999
2016;11;2;6;2.18142178496999;4.17933463903655;76.7944934031168;-999;-999;1.86384758403351;1.3030320758478
2016;11;2;7;2.08755949578931;4.43141357183096;78.0018533732096;-999;-999;1.95490114041515;1.52865378285771
2016;11;2;8;2.23691973565828;4.3136670485953;75.8638202641804;-999;-999;1.81588967903639;1.35444764604208
2016;11;2;9;2.77653025346081;4.74221342350666;75.2653666915893;-999;-999;1.8092320895242;1.28201198381129
2016;11;2;10;2.7501284546025;4.80025352410563;76.5700738118489;-999;-999;1.8647547989019;1.33708470798661
2016;11;2;11;2.89162563089231;5.41197095788947;72.9123867314656;-999;-999;1.73240317574831;1.6437607859652
2016;11;2;12;3.03111930219323;5.16272517163126;70.5620201644897;-999;-999;1.78259626161718;1.39022621296507
2016;11;2;13;2.91710716483499;5.10167954188444;74.8090130691528;-999;-999;1.68799550100936;1.42477079193549
2016;11;2;14;-999;-999;-999;-999;-999;-999;-999
2016;11;2;15;2.17803427751773;4.40570630413078;75.7298869806925;-999;-999;-999;1.45288023911426
2016;11;2;16;2.45472695212089;4.75164204892399;74.5829600448608;-999;-999;0.783585475861902;1.49804033771625
2016;11;2;17;2.8134676960203;4.90594171806172;70.7158798853556;-999;-999;1.43883511328697;1.36470455307827
2016;11;2;18;3.31457949745981;5.44090508128448;70.5734530741373;-999;-999;1.91898127834411;1.38678242836264
2016;11;2;19;2.1865394292531;4.40227859858711;76.5625602442423;-999;-999;1.79772816824184;1.44509766953949
2016;11;2;20;2.75300005638554;5.28465946739241;70.591420463562;-999;-999;1.8754628200122;1.65113979368492
2016;11;2;21;6.85257364122711;9.46051716252186;56.4434866816202;-999;-999;2.34762496943055;1.70089203507038
2016;11;2;22;10.7086634949576;13.4471493122804;29.1024666728973;-999;-999;2.20505098805914;1.78603128357816
2016;11;2;23;6.20543767165037;8.24428971229391;36.805593228658;-999;-999;1.85237978615557;1.32973247629837
2016;11;3;0;5.73940530700154;8.06233066831027;39.7204400049845;-999;-999;1.66582806769691;1.51500414516317
2016;11;3;1;5.0016534279395;7.13781950330783;40.461646689097;-999;-999;1.61874844832725;1.39320036400853
2016;11;3;2;4.14948449818509;5.81146920452803;41.5819498380025;-999;-999;1.76533342146533;1.08394086234814
2016;11;3;3;3.15384338626925;5.45048101824867;37.8685665607452;-999;-999;1.92879906377482;1.497859376087
2016;11;3;4;1.88418255460972;3.91838958154515;44.8869999999999;-999;-999;1.75201602579908;1.32670301390611
2016;11;3;5;1.49670765816938;3.42336225696471;47.7325936024983;-999;-999;1.653409287138;1.25655768028126
2016;11;3;6;1.41627819977073;3.78626951544289;37.9178933595021;-999;-999;1.75468961278129;1.54570040305606
2016;11;3;7;1.38606009148843;3.88696621139592;38.2932334454854;-999;-999;1.68850803004184;1.63108260016979
2016;11;3;8;0.927183797307131;3.4718503746285;39.7263200149536;-999;-999;1.75558635933365;1.6596230240166
2016;11;3;9;1.22448280065077;3.41193286964859;38.8309268112182;-999;-999;1.67341271296055;1.42664761299178
2016;11;3;10;1.56008725529592;3.7708921643738;43.7145932909647;-999;-999;1.7165045077485;1.44187956151679
2016;11;3;11;1.45145348028727;4.14321394946404;49.380300037384;-999;-999;1.81201325914526;1.7555571679202
2016;11;3;12;0.944916044595563;3.07215777645069;50.8937465146382;-999;-999;1.87553976054126;1.3873799370415
2016;11;3;13;1.38721952525409;3.74311519755029;51.0881134554545;-999;-999;1.78492521356626;1.53650727162833
2016;11;3;14;1.16101933249474;3.54653171393585;56.9664802093505;-999;-999;1.81024969370949;1.55582319019721
2016;11;3;15;1.31524176122487;3.50925947463764;60.1116267738342;-999;-999;1.76538801686701;1.43093100869546
2016;11;3;16;0.980866594878176;3.24332757844835;60.4082397931416;-999;-999;1.55882975223563;1.47556948039331
2016;11;3;17;1.48464206675558;3.6220615681955;65.3278400548299;-999;-999;1.74673934627385;1.39401784429685
2016;11;3;18;1.68604542398897;3.77113387479206;64.7829599202474;-999;-999;1.74096834970784;1.35988770823821
2016;11;3;19;2.11016745437057;4.3752693063562;62.5590134429931;-999;-999;1.70943225486001;1.47729184593414
2016;11;3;20;2.14081149974914;4.62740266623948;60.5179999376932;-999;-999;1.47443819116265;1.62174643546729
2016;11;3;21;2.3269017086529;4.57916639369765;58.2878467140197;-999;-999;1.64724731121222;1.4689194886249
2016;11;3;22;4.11290659579195;6.29901492217988;52.4581534729003;-999;-999;1.78052175816445;1.4257725329528
2016;11;3;23;5.36737081116776;7.47283656252207;47.7260599327087;-999;-999;1.7907433339381;1.37317771544918
2016;11;4;0;5.50497994394749;8.07424248496887;43.8684533233642;-999;-999;1.6019457078931;1.67566442921216
2016;11;4;1;4.4423416645138;6.81904356769347;45.5504599825541;-999;-999;1.71034436850371;1.55007702576624
2016;11;4;2;3.73448448380847;6.09730258451826;45.4092586978276;-999;-999;1.82018729234931;1.54102205626837
2016;11;4;3;3.08527505199016;5.06081980879826;44.0968748442331;-999;-999;1.27821001590121;1.28844367768813
2016;11;4;4;2.61342881241156;4.58156413362654;42.7133597831726;-999;-999;1.62372725136268;1.28361126859575
2016;11;4;5;2.5765235554441;4.31219944452972;42.3396534105936;-999;-999;1.61751108231722;1.13200200506787
2016;11;4;6;2.27629185459657;4.66915688498496;40.4786333084106;-999;-999;1.668603671263;1.56061856322925
2016;11;4;7;3.04423805377548;5.25930093606653;32.5190732822418;-999;-999;1.4122709868395;1.4446565973938
2016;11;4;8;3.58487747580841;7.00353423202838;16.0348200616836;-999;-999;1.40560921099894;2.22963649320413
2016;11;4;9;4.04248669935175;9.28328874791514;13.613566669782;-999;-999;1.68816248868366;3.41803355363941
2016;11;4;10;3.32475949342016;8.51103279485841;17.0367066373825;-999;-999;1.60864281491662;3.3824700872874
2016;11;4;11;2.57812291365953;6.50676103230744;21.6253933283487;-999;-999;1.58065731300468;2.56224463072905
2016;11;4;12;2.02134759793114;6.14900217954398;24.4850332647959;-999;-999;1.77347358097674;2.69204250171089
2016;11;4;13;2.93519053920221;6.85509000265299;27.7931866130828;-999;-999;1.977398862161;2.55654530906022
2016;11;4;14;3.72526166726399;7.0164408090492;38.1769400361379;-999;-999;2.86017835618759;2.14649601977309
2016;11;4;15;3.98718526958753;7.63054473633116;48.7805400174458;-999;-999;3.45418602769124;2.3761868488647
2016;11;4;16;5.95577232436228;9.01677282313375;47.6323066342671;-999;-999;2.8766363621418;1.99637427927198
2016;11;4;17;7.73007706938309;10.3954612565242;41.0071797981262;-999;-999;2.5070040567934;1.73835464506536
2016;11;4;18;17.7650262442306;20.2297955684925;24.2756401233673;-999;-999;2.10715641906396;1.60751430300976
2016;11;4;19;19.8796388141159;22.7835933278575;21.0651600386301;-999;-999;2.11782570899116;1.89394941351245
2016;11;4;20;18.8672741739538;21.7155823700513;20.0417130940755;-999;-999;2.28221882646542;1.85765707140878
2016;11;4;21;18.5782487610216;21.4176846069005;17.9245866473515;-999;-999;2.02542510771394;1.85187055429445
2016;11;4;22;15.010276994999;18.0260287388029;21.3095067214965;-999;-999;1.98899873449525;1.96686319274237
2016;11;4;23;13.0708910059649;16.0382414202828;20.6653199526468;-999;-999;2.00499901634422;1.93529600766447
2016;11;5;0;13.334738111831;16.1198821965773;16.6433999408086;-999;-999;1.73131617478247;1.81646164941353
2016;11;5;1;10.3798843000148;12.762321638059;17.4616999781926;-999;-999;1.75486820641439;1.55381765718677
2016;11;5;2;7.66132977526771;10.1284751810602;24.0166749127705;-999;-999;1.75531664518489;1.60906397543058
2016;11;5;3;5.42609087789251;7.46972531075669;33.7166333707173;-999;-999;1.84329354135147;1.33285153649666
2016;11;5;4;4.160518495871;6.12766375864277;39.5734400049845;-999;-999;2.00502672851443;1.2829655557931
2016;11;5;5;5.6979870987784;8.26569579731958;31.9000401109059;-999;-999;2.12677326532577;1.67465101834773
2016;11;5;6;6.24556451761093;8.51265285429598;33.5680001869201;-999;-999;2.19209384201278;1.47858742460578
2016;11;5;7;5.82987068112122;8.04652625806189;35.4979466018676;-999;-999;2.08857447879654;1.44569534751309
2016;11;5;8;5.70739058314283;8.35393338321114;34.3631066716512;-999;-999;2.11746114814743;1.72606635548388
2016;11;5;9;5.37719078088318;8.81896254445752;27.9921267115275;-999;-999;2.05481838519717;2.24471202362825
2016;11;5;10;6.20178750399564;11.2670567850628;24.9557601133982;-999;-999;2.12636002392496;3.30355167023576
2016;11;5;11;7.23134760130174;10.9208429591745;24.5784599514007;-999;-999;2.04949787542158;2.40627652262937
2016;11;5;12;7.26475139183222;11.5356368873335;24.114266679128;-999;-999;1.99174094385994;2.78545722431492
2016;11;5;13;7.59953852301454;13.8589163122107;25.5636864884694;-999;-999;2.16992340709797;4.08234524222155
2016;11;5;14;7.4983091198027;11.9695340851786;38.1145468012491;-999;-999;2.46230066517541;2.91611795597479
2016;11;5;15;8.17410190012958;11.9505838629185;43.6159395688374;-999;-999;2.24102981859582;2.46300889518713
2016;11;5;16;11.9353132968944;15.2570831510445;42.47815994517;-999;-999;2.21393193487088;2.16644717998181
2016;11;5;17;14.271406160463;17.3844476883903;43.2938465894063;-999;-999;2.40544936621483;2.03031526429145
2016;11;5;18;17.8353688773917;20.6430381455123;36.237846651713;-999;-999;2.40412394062157;1.83115249861214
2016;11;5;19;11.8464415466074;14.1303415073392;44.2238666292826;-999;-999;2.50055483532713;1.48955190953583
2016;11;5;20;8.22495001000323;10.6374930644259;53.9405665295918;-999;-999;2.21129233680422;1.57345250463652
2016;11;5;21;5.3327632069586;7.37552261012137;58.4962603314717;-999;-999;2.28772748766221;1.33228084505438
2016;11;5;22;2.84061593286532;5.2584495575032;58.456079972585;-999;-999;2.26996058675012;1.57690299682188
2016;11;5;23;0.991912981286803;2.98285317085033;56.8877532984415;-999;-999;2.31973519388868;1.29848452739839
2016;11;6;0;0.47358861787693;2.92376697446963;52.5189133059183;-999;-999;1.7878459000895;1.59799812273593
2016;11;6;1;0.517228161384329;3.1399700791284;51.5438130442301;-999;-999;1.63054763818719;1.71054349970024
2016;11;6;2;-0.0943254465100499;2.04043356539902;56.4367082866033;-999;-999;2.13712394196542;1.39228268193023
2016;11;6;3;-0.109400868208723;1.94153843238724;60.9210248629252;-999;-999;2.0771407551866;1.3376157467799
2016;11;6;4;-0.0458257451503867;2.06416633428604;60.0691602567036;-999;-999;2.06426020088962;1.37612977147344
2016;11;6;5;0.335973411867882;2.4601503434826;57.7772669283549;-999;-999;2.10781436610042;1.38538108458345
2016;11;6;6;-0.059638321332077;2.38430681434235;51.5601465644836;-999;-999;2.16514447197991;1.59393283691737
2016;11;6;7;0.26121384542077;2.33553480804906;59.9198729769388;-999;-999;2.2069222937097;1.3528651884924
2016;11;6;8;0.216193584809498;2.74761814814301;56.6437331962585;-999;-999;2.23492452323434;1.65098662681845
2016;11;6;9;0.0641494788131661;2.30347829549227;53.01283339564;-999;-999;2.26426037294965;1.4604827585768
2016;11;6;10;0.424822642290795;2.98465219580566;60.0897404162089;-999;-999;2.17716834066393;1.66951226633527
2016;11;6;11;0.327017649300189;2.44321503898071;69.6081536598205;-999;-999;2.32515508793146;1.38017685404373
2016;11;6;12;-0.0659145881931703;2.29950585157263;63.4005063476562;-999;-999;1.61236495743351;1.54271929308993
2016;11;6;13;0.276713455848971;2.61407432972212;66.9752201271057;-999;-999;3.08285629334213;1.52441893813798
2016;11;6;14;1.63208102913719;4.30287733470955;67.0127870305379;-999;-999;4.55957888629346;1.74188441059034
2016;11;6;15;3.17612982772855;5.35634237802435;67.1738335825602;-999;-999;3.95433391146379;1.42192732752032
2016;11;6;16;4.37103677606829;6.97418577373426;66.6857933781941;-999;-999;4.18054868176828;1.69776506280829
2016;11;6;17;5.56583386492586;8.62861164659752;-999;-999;-999;5.10491676119098;1.99753341723042
2016;11;6;18;5.7037224696556;8.7592687078213;-999;-999;-999;4.24502107836349;1.99281702876183
2016;11;6;19;6.50206864966535;9.26508325673959;-999;-999;-999;4.6845558972493;1.80202887814936
2016;11;6;20;7.29606772801731;10.1611413198685;-999;-999;-999;5.18231101268996;1.86859140640086
2016;11;6;21;10.2813321733496;13.4135965134512;-999;-999;-999;4.79658660706176;2.04285231804745
2016;11;6;22;6.97324024177165;9.75249676460881;-999;-999;-999;4.26998034606202;1.81262180124369
2016;11;6;23;6.357065446052;9.25656401761022;-999;-999;-999;4.41487734300695;1.89104326293572
2016;11;7;0;6.01163961156231;9.10504518522716;-999;-999;-999;4.31490230328417;2.01750876064857
2016;11;7;1;5.97602999283714;9.24225953957422;-999;-999;-999;4.48202185820365;2.13022397739599
2016;11;7;2;-999;-999;-999;-999;-999;4.06150584736698;-999
2016;11;7;3;-999;-999;-999;-999;-999;4.44428620193673;-999
2016;11;7;4;-999;-999;-999;-999;-999;4.30786439126413;-999
2016;11;7;5;-999;-999;-999;-999;-999;4.35010346720782;-999
2016;11;7;6;-999;-999;-999;-999;-999;4.3136787139738;-999
2016;11;7;7;-999;-999;-999;-999;-999;4.45013782830991;-999
2016;11;7;8;-999;-999;-999;-999;-999;4.49948931114011;-999
2016;11;7;9;-999;-999;-999;-999;-999;4.71061688011837;-999
2016;11;7;10;-999;-999;-999;-999;-999;4.5333052507218;-999
2016;11;7;11;-999;-999;-999;-999;-999;4.60799131107213;-999
2016;11;7;12;3.12325048787765;6.01876273693453;-999;-999;-999;-999;1.88844339674369
2016;11;7;13;1.29556364179982;4.36662476580628;48.1399467887878;-999;-999;-999;2.00293578537451
2016;11;7;14;1.11562686122258;3.40439935833577;49.3943467763264;-999;-999;2.38268522538244;1.49272976145406
2016;11;7;15;3.38219376049564;6.03190403636288;41.3550800348917;-999;-999;1.42889741421745;1.72813217259752
2016;11;7;16;4.17930266725634;7.0881660956091;39.836406522115;-999;-999;1.48490110762222;1.89715099119032
2016;11;7;17;4.57850610771151;6.60514038473189;43.1625265744527;10.7593489210129;11.1764731621583;1.58890660850431;1.32176409175963
2016;11;7;18;4.19474176601704;6.75292101237745;39.4754398803711;12.451529026556;12.6363749838988;1.62002253109647;1.66843594153317
2016;11;7;19;7.78899158093289;10.4271877311396;31.7680668411254;17.1176975238323;16.9905866602262;1.65513846305623;1.72062269838275
2016;11;7;20;6.67876276610263;9.23233323329809;35.9082399177551;17.665156991148;17.4923594441096;1.88626398754248;1.66543011118867
2016;11;7;21;6.61260920885752;9.2336362834358;34.3595134429931;17.9839580871582;17.3517210211118;1.89560280875419;1.70942508472757
2016;11;7;22;7.95514790020798;10.5527106272208;34.198140185674;17.1614299523354;16.8246235109488;2.10184193981134;1.69412171578714
2016;11;7;23;6.27246038556023;8.92459129605229;34.14783339564;16.9011769877434;16.3388900193214;2.05873374026875;1.72971090239728
2016;11;8;0;4.14914728773771;6.88362393803321;35.7948866691589;17.9730695081711;16.970495420138;1.88006087795204;1.78341651826281
2016;11;8;1;3.07383277396697;5.13505627739977;39.3522865943908;13.0794920490265;12.9179890051524;1.91206806569048;1.34432306944598
2016;11;8;2;3.59986485749464;5.76558636637948;43.0041747570037;8.87688799693584;9.21682465926011;2.08986549008233;1.41247631881768
2016;11;8;3;5.16510384980843;7.46474638811894;44.049508339564;7.32607999489307;7.88591150998274;2.1952135795017;1.49981916593787
2016;11;8;4;2.95939440230956;5.10028472024129;49.0823798853556;5.30866693010977;6.17060204143039;2.03476097742809;1.39628149919501
2016;11;8;5;6.1942591297619;8.50712861531487;41.2061201146443;5.09610064957506;6.00938051829904;1.79296551488808;1.5084457366551
2016;11;8;6;5.54837483450086;7.92110941176744;41.8313598454793;4.20326947081716;5.35352700771365;2.08900016217195;1.54748954908547
2016;11;8;7;6.66050385030537;9.02463539872702;38.615;2.83088632707847;4.08603298228665;2.00321912817547;1.54187868246956
2016;11;8;8;3.87974724193505;6.28985749682416;42.4252398554484;2.26684542320947;3.59861219127299;1.86454205277763;1.57186584092402
2016;11;8;9;6.39468923818037;9.26264176888883;40.4704665794372;2.60121526375868;3.88740303349091;2.02012115768681;1.87046904068695
2016;11;8;10;5.70411157461606;8.7374924254546;39.0563266741434;2.41538273562952;3.79518727097078;2.08902416039192;1.97836083734083
2016;11;8;11;6.08974939335207;9.19825674523475;36.8755000623067;2.43974168463548;3.79363538164121;2.14903788280062;2.02735808985235
2016;11;8;12;5.48829449724716;8.6878253533052;37.2047802467346;4.86360876750946;6.09528929606506;2.15660072523709;2.08672331459434
2016;11;8;13;5.28538164084472;8.19644083524876;38.8609798978169;4.73515248467922;5.97134147617022;2.06548312759127;1.89858306245912
2016;11;8;14;5.36589193412319;8.21310898222091;39.1549799601236;5.46968000633963;6.64343206696675;1.93346983414301;1.8569454283357
2016;11;8;15;7.10929671759289;10.4042366163847;37.7970263875325;6.320126639253;7.45659695832204;2.00815283710831;2.14894877290446
2016;11;8;16;6.41602891936327;8.98266667094222;40.4727533607483;6.71240308235459;7.80530934659505;1.79612520375665;1.67395255032372
2016;11;8;17;6.29529300117544;8.41519246952423;43.1112399177551;6.54220998066664;7.62039695635012;1.86814135273115;1.38259133735928
2016;11;8;18;6.54845258272891;9.02278509794483;37.8793465894063;8.59585248285532;9.42643127070154;2.0730694242682;1.61375138413926
2016;11;8;19;5.3170166359341;7.93531271777869;41.5527131563822;9.632965570369;10.5313094175145;2.22421245995203;1.70764394040806
2016;11;8;20;5.1670553145884;7.52885925978333;41.5791732635498;10.5540256181491;11.3592222870811;2.25666972872286;1.54036062743623
2016;11;8;21;5.25712844314323;7.78938927029102;41.5870133806864;11.525549573074;12.2446530580521;2.09931401788087;1.65153203527892
2016;11;8;22;4.19266491865233;6.75737227717061;37.755866753896;11.8549820251942;12.3773846318881;1.82549015726008;1.67269355443111
2016;11;8;23;3.60722052793291;5.98291987427351;43.1612198778788;9.87363194007874;10.6665964826107;1.82327230853562;1.54942316155164
2016;11;9;0;4.87015330910138;7.21009971330281;45.8323732261657;9.26192762919604;10.0072965446731;2.06243591746284;1.52610521236359
2016;11;9;1;3.18112855153972;5.73294633047311;42.0920398928324;10.3980650272369;11.0650431396166;1.82061377776691;1.66428701377089
2016;11;9;2;3.30527840449608;5.66608058414412;35.8926416635513;13.8077719843388;14.1013418088595;1.568565280679;1.53970727929974
2016;11;9;3;3.88943252919579;6.24195015183218;35.7497249968846;14.6345839618683;15.084796039931;1.88019158355164;1.53430411894748
2016;11;9;4;3.78143462114485;5.80914756670056;35.3189334081014;13.9318725481691;14.4461518945529;1.83351935481062;1.32246759576776
2016;11;9;5;4.04311042707169;6.65786664466399;30.9435600884755;16.3113391111637;16.7467097969384;1.82730029595908;1.70533525279163
2016;11;9;6;5.49915287043329;7.94603848791293;28.988459889094;16.2334146939146;16.6583342723682;2.11581703844995;1.59585060930812
2016;11;9;7;5.85964073245751;8.05320261541163;22.9297734006245;16.1681131599617;16.56195264328;2.01579911269609;1.43063371759612
2016;11;9;8;5.97120143499692;9.19003469813491;24.2560400174458;17.1695901597738;17.1628570250102;2.16250716218389;2.09931227988131
2016;11;9;9;6.81844738465329;11.3057339770773;17.3924466641743;23.2743163511342;20.3124699275247;1.99713877484903;2.92659329537281
2016;11;9;10;13.2937773730546;22.4251433993854;14.3642465925216;23.1990140163422;20.9703260624727;2.36346044828602;5.95544635713099
2016;11;9;11;8.55001772765418;15.9974917538721;20.7603799476623;19.1215384257793;18.835090762488;2.79157991794968;4.85721763111596
2016;11;9;12;7.24854382416608;13.6058709315639;26.9435264498392;15.925225130854;15.8802455092463;2.63688180504691;4.14622745968885
2016;11;9;13;3.71953596689307;7.56823037181732;40.3133398679097;10.3675415606022;10.9232231943607;2.32347182434695;2.5101056082325
2016;11;9;14;2.93397202423115;5.43287676208474;49.292426624298;7.86229400272369;8.65494736263752;2.10430706245828;1.62977730549343
2016;11;9;15;2.05263303940523;4.63104857517662;57.7530935401916;7.16953550374508;8.00341950257619;1.83179165285108;1.68163398175048
2016;11;9;16;1.99295729222857;4.61808851656508;52.2615002492268;7.49779698433876;8.02401716570059;1.99050861645619;1.71210179746215
2016;11;9;17;3.32789591572079;5.50909301008426;57.6563998629252;9.75064550204277;10.1276804974238;2.05942339658464;1.42256944386572
2016;11;9;18;3.3933403483911;5.76205590588932;56.6688864822387;10.61405;10.8396506009738;1.98118338182567;1.54486835784534
2016;11;9;19;3.79691618900717;5.94462903987766;56.4839933408101;11.7303889993191;11.7810653359095;1.75489758173497;1.40073113234074
2016;11;9;20;4.24627433357876;6.685557091727;56.6280533358256;14.2101108985424;14.0459645444393;1.97452561166253;1.59089204990108
2016;11;9;21;4.96167230359699;7.67069165010484;53.4724533856709;17.824557615757;17.4130075713476;1.91540091841964;1.76681334994524
2016;11;9;22;4.46238012643422;7.2154821366738;53.9000598080953;16.9199195081711;16.3978128004869;1.9598648204358;1.79556391567404
2016;11;9;23;4.01622596847301;6.27026418295198;53.9301134554545;15.78876504426;15.4596059884071;1.79626100552308;1.4700761785854
2016;11;10;0;3.49694589632544;5.89513620184586;53.9843401794433;15.8828344502926;15.6387381331762;2.14882728512135;1.56409168984517
2016;11;10;1;6.30435176152514;8.88714967393026;46.1760265121459;21.1573309632301;20.4369815115929;2.49250573359762;1.68449215312195
2016;11;10;2;7.09316067568092;9.87103511969744;42.2430416822433;22.5894364891052;21.7577647349357;2.39381230610498;1.81172041406307
2016;11;10;3;2.77892070879258;5.47722810194034;48.1700001168251;15.5499319230556;15.4140209916274;2.08148964936073;1.75982704981969
2016;11;10;4;3.34569117365497;5.74851542522408;46.3860732510884;16.6059379884243;16.5148143217405;1.78828002042925;1.56711393394701
2016;11;10;5;2.42921141423357;4.73524151804333;43.1331268049875;16.3751375170231;16.2895907813072;1.83496775436495;1.50398511477551
2016;11;10;6;3.59397902978601;6.05713624731376;34.3023466205596;21.6137555599213;21.0712883397738;1.81318679468355;1.60646289239388
2016;11;10;7;5.04961416751947;7.91457567363445;26.7262933781941;25.1011100068092;24.2483940759977;1.8158587380661;1.86851830445888
2016;11;10;8;4.25904598244213;6.95527154132955;29.1112865632375;21.1682195081711;20.6296203745524;1.79630057982273;1.75846928448358
2016;11;10;9;5.45244643374982;8.74680757609071;26.1814133370717;24.0376070081711;23.1627955623309;1.86699851598607;2.14857130988446
2016;11;10;10;6.01939882523264;10.4653295781564;26.0128532174428;24.2070035721779;23.2615631331762;2.16889826719367;2.8996211552803
2016;11;10;11;4.82910946157254;9.9744332039553;30.2497200336456;22.271527964592;21.5273071769714;2.09465317530377;3.35576292194106
2016;11;10;12;4.02769240960779;8.22012999317214;37.4922467327118;18.4696565027237;18.2564989858309;2.10088410220936;2.73429375873679
2016;11;10;13;4.08607946984613;7.95461731800143;43.2131601320902;16.0763284359932;15.8951959755262;2.04086555810658;2.52304743548622
2016;11;10;14;3.92374735037908;6.91320081733383;50.1718131688435;12.6353839959145;12.6882068442821;2.03242332852725;1.94971154460909
2016;11;10;15;3.09064300855175;5.99622183850693;59.1035332336425;8.96417450306416;9.37282667954763;1.87992145614938;1.89500878710989
2016;11;10;16;3.59294013201798;5.94168194069609;60.2599335327148;7.70325049693584;8.31812478535175;1.97463281549201;1.5318415457226
2016;11;10;17;3.53457316863842;5.70288220168877;58.7997334454854;7.19416853132248;7.76975419886907;1.91016609714545;1.41416389341725
2016;11;10;18;3.13464640503102;5.38685994948819;60.0668732261657;7.57437348365784;8.14034333816369;1.57358140560462;1.46888613490486
2016;11;10;19;2.57997434170275;4.86103474843894;61.920053460439;8.06096455583572;8.60868700096607;1.87504986501023;1.4876999619247
2016;11;10;20;2.089826616302;4.72084306570155;65.6476463775634;7.62899449965954;8.3588136724631;1.73943877675619;1.71594012154877
2016;11;10;21;2.04824466921249;3.85457028503035;64.6594794616699;8.75657900953293;9.35780047488213;1.79635737512262;1.1780795203582
2016;11;10;22;1.80826636554229;4.14602994803213;64.2171734504699;9.23924304289818;9.78039031980832;1.79991901704381;1.5246815833498
2016;11;10;23;1.44656660083727;3.48108600326167;64.7110934778849;9.35080552587509;10.0258740502357;1.97022362551756;1.32690674415441
2016;11;11;0;1.82119833121554;4.2140300871652;65.1475195414225;9.17087749319077;9.91883366602262;1.84039105806553;1.56059686175169
2016;11;11;1;2.39370762828416;4.64352968229889;65.6022403539021;7.99884653847218;8.73919517600536;2.00447269621171;1.46732641284329
2016;11;11;2;2.21713516097682;4.34616764795726;61.1186580467224;10.4219840214491;10.9244050386429;-999;1.38854786154007
2016;11;11;3;2.33692406911581;4.64778114672604;53.9728250249226;14.3225659700394;14.4759829845428;-999;1.50713325093093
2016;11;11;4;2.68172925174909;5.1498732074985;51.0655733133951;15.9929690367699;15.6931025032202;-999;1.60971522637004
2016;11;11;5;-999;-999;50.374020102183;15.4888850068092;15.3047858848572;-999;-999
2016;11;11;6;-999;-999;45.620040204366;17.7870725578785;17.451670500644;-999;-999
2016;11;11;7;-999;-999;48.4675931663513;15.5899160551548;15.3790724484762;-999;-999
2016;11;11;8;-999;-999;38.8136135177612;20.6045166457176;20.1210942959785;-999;-999
2016;11;11;9;-999;-999;34.8949196535746;22.8689675204277;21.9861961499214;-999;-999
2016;11;11;10;5.77289726681212;9.82073206962562;37.7643600323995;22.5310670490265;21.6897247934023;2.36026305282256;2.63998430915713
2016;11;11;11;7.67542468936333;11.5155410616662;37.3707265370686;23.5229915776253;22.6154380875905;2.02720674732834;2.50451104406993
2016;11;11;12;11.6549891182831;15.9536094635116;34.864866753896;26.2445810313225;24.7923749033928;2.06678899427823;2.80354580047065
2016;11;11;13;13.7341917812674;17.4509283356096;36.0585066591898;22.9876700476646;22.2370825257619;2.05701165301023;2.42404313978275
2016;11;11;14;13.1346858230666;16.4125808285061;33.1067466392517;24.4570820762634;23.041910866038;1.92672467933164;2.13783215051421
2016;11;11;15;11.6331277358698;14.5810281208916;36.5619001433054;27.4414235857964;24.9470262341499;1.88092671332958;1.92261076366225
2016;11;11;16;9.53276023444796;12.5454304683492;38.9384000498453;19.1832994094372;17.9196765373548;1.75864203046684;1.96485344229859
2016;11;11;17;7.50062322941618;9.91098988972345;45.5798600947062;13.286016526556;13.4612947574774;1.96898574594448;1.57203306767948
2016;11;11;18;15.5909548943925;18.0800162328951;21.0096266024907;17.2365783849239;16.4526835855166;1.89872920228547;1.62335747338531
2016;11;11;19;12.1022450390679;14.7487094173373;39.4953665981292;5.34562246850729;6.51211465040445;1.70262274329991;1.72601520904914
2016;11;11;20;10.9229864605509;13.7278688903015;34.5140266367594;5.45325803608894;6.63857082930803;1.91296976666495;1.82933493195553
2016;11;11;21;9.0380123940519;11.5760770539474;45.7023933242539;2.01561423399893;3.36493540113255;2.07587877316696;1.65531727556992
2016;11;11;22;4.18712590076455;6.76984849208712;50.7232267862955;2.14975851174593;3.58673950016101;1.68706944029251;1.68444302896404
2016;11;11;23;7.15900372462207;9.64008871433766;41.0587933158874;2.82930800629854;4.19825382592678;1.77112284600336;1.61815532540551
2016;11;12;0;7.36652010514101;9.57823002052708;39.1301534729003;2.33343501106501;3.71623467214107;1.80181224636517;1.44246980360169
2016;11;12;1;6.09118321094723;8.41947463030102;38.1393732884725;2.14154749829769;3.54824550869465;1.7506745438528;1.51850387025847
2016;11;12;2;3.87750499982178;6.3007836468113;46.6309914112091;2.03087750595808;3.47024451062679;1.7377820969425;1.5804542221736
2016;11;12;3;4.7782485829794;7.30219077744341;39.1278666448593;1.26671898357272;2.74780665378571;1.78092390766788;1.64610665088736
2016;11;12;4;4.75078424236037;6.83387666117027;39.0256202392578;0.406170495659113;1.95867966368794;1.84318884714769;1.35858590285353
2016;11;12;5;4.21039752953788;6.5981222470837;39.0017730267842;-0.367984002830088;1.22847550054342;1.87121082269365;1.55726606839939
2016;11;12;6;3.76162932640196;6.10083971103172;39.9200336074829;-0.456698501744867;1.14152632773817;1.73112731261758;1.52562518286261
2016;11;12;7;3.71900554870349;5.96185229353054;39.3045934155782;-0.535952504894137;1.07010983144144;1.68310087630803;1.4627771395394
2016;11;12;8;4.03207601390311;6.5570188431257;36.3041598828633;-0.295156002064049;1.2803073282212;1.59149042022151;1.64675926152749
2016;11;12;9;5.92415809970602;8.25453180742223;30.7413533109029;0.0566674906373022;1.60851933723787;1.57948578125289;1.51986193175843
2016;11;12;10;6.73083439137664;10.2871167358401;27.4178465270996;0.415274000808596;1.94027682878474;1.67955393056021;2.31939544118514
2016;11;12;11;-999;-999;-999;1.48555999936163;2.96222500948821;-999;-999
2016;11;12;12;-999;-999;29.8851600448608;-999;-999;-999;-999
2016;11;12;13;5.94310237549296;9.27800445626106;29.9841400922139;3.03212519112917;4.35159346209581;-999;2.1750119742248
2016;11;12;14;7.01269848330079;10.2406151865912;30.3284467576344;4.26086454911502;5.46175474432279;0.746730422261194;2.10523646914388
2016;11;12;15;5.28740417753159;7.88314784495239;41.6853399925231;4.85193524601774;6.00648115030325;1.43007036169917;1.69293533121011
2016;11;12;16;3.95227541805528;6.51312256590863;48.4950332959492;3.5237703734788;4.77061415441686;1.57772933333717;1.67017593795665
2016;11;12;17;2.40370468160922;4.80167076661596;54.1336266492207;1.94734999799728;3.28966235180462;1.64133179527091;1.56394545397668
2016;11;12;18;3.94889969575613;6.30197919847052;46.6774597956339;2.83178681750567;4.12516810737466;1.88772912431114;1.53467057525358
2016;11;12;19;4.30572809034269;6.49855667909583;42.4415736249287;2.94154625838995;4.19012573446972;1.71739212881595;1.43015546557279
2016;11;12;20;5.57080759251702;7.47205405713854;32.5710132249196;2.29892500567436;3.61054499803207;1.84771068900148;1.23998658022126
2016;11;12;21;6.91902805524534;9.42535737562377;26.4437266928354;3.01020499762893;4.2740599918919;2.08210432520735;1.63461959336397
2016;11;12;22;6.48070843849656;9.10241443347564;29.7763800411224;7.58918901208639;8.4435680094997;1.99182325879919;1.70986787434044
2016;11;12;23;4.48780111714043;6.85247711464956;33.9626132062276;10.0296410040855;10.7884941537857;1.86729408216712;1.54223377034199
2016;11;13;0;4.51375851015461;6.89405606743571;29.889406864802;9.5141329679966;10.3868396222274;1.82104305543154;1.55242209933553
2016;11;13;1;4.09162175270047;6.71866653435064;29.0916864884694;11.0428069230557;11.7383505070845;1.62445858220713;1.7133498131369
2016;11;13;2;3.83799880357709;6.56707462437516;28.3560333426793;11.8117850238323;12.4754768539429;1.64158545954211;1.77989411534267
2016;11;13;3;4.08092349968707;6.48321753636554;27.7463915467262;12.1421884257793;12.8762871834119;1.28243286148694;1.56676812957011
2016;11;13;4;3.78028698368628;6.08273740594875;27.903600074768;13.2512090469837;13.9461841114203;1.41008596211884;1.50165045845256
2016;11;13;5;3.51064965722539;6.07617540685779;29.1236999937693;14.2856164584637;14.9769114697297;1.39363101023112;1.67322730637636
2016;11;13;6;3.35654953909728;5.61506379363551;27.4750133183797;14.9253604611874;15.5755944703738;1.57999775573525;1.47299543692948
2016;11;13;7;3.46527912484937;5.80162702819157;26.6129400049845;15.9695854441643;16.5178533268929;1.60624316922403;1.52375828214839
2016;11;13;8;3.16141476776663;6.0073724823108;26.4329465707143;16.6766240912437;17.2129400649071;1.47280990668584;1.85612409520741
2016;11;13;9;2.62673764063706;5.63604749798034;25.3065999190012;17.3727740401745;17.792882523044;1.41454508629427;1.96266181595558
2016;11;13;10;2.96592050568815;6.66424385150062;26.0229800068537;21.7835091661453;21.800479579862;1.70722131940084;2.41203410681389
2016;11;13;11;3.28952423162589;6.58433332043259;27.0366266803741;22.5930064346313;22.6046326679548;1.8397741461494;2.14886345907006
2016;11;13;12;2.46189754152666;5.82395269067774;30.3754866193135;18.809341946888;19.1634716731071;1.76638700221627;2.19272111453525
2016;11;13;13;2.37012309628073;5.14395090744743;33.7319866504669;17.6101790095329;17.9720148771286;1.66764546042083;1.80908121366364
2016;11;13;14;2.01294096544424;5.17908510044928;40.9830067214965;16.5445339788914;17.0322886107763;1.40610540916949;2.06494860687829
2016;11;13;15;2.01964181106955;4.82144110856165;45.2218335202535;15.7129780705016;16.2053113192542;1.62895476647188;1.82732412341665
2016;11;13;16;2.26215545419207;4.80506487254322;48.9308066965738;16.8935014312267;17.3113700096607;1.46660356773045;1.65847701081793
2016;11;13;17;2.34673686842796;4.50527215123759;51.9737066841125;17.2936986028194;17.6944527715047;1.60494213484916;1.40778948622574
2016;11;13;18;1.78500628529635;3.76347558159612;58.2257800598144;14.7436324012724;15.3289804888256;1.72459985743197;1.29035105255534
2016;11;13;19;1.25677293911293;3.42692112080219;58.8996933657328;10.1156779816151;10.9073528842131;1.6596609273708;1.4153633800034
2016;11;13;20;0.799721248663063;3.09033824762624;59.296593228658;9.55393849387169;10.3817746190071;1.56892188934088;1.49393273938655
2016;11;13;21;1.16524761820346;3.67853186250514;57.6345130691528;9.70584196391106;10.5955176808357;1.72327767898796;1.63915557146664
2016;11;13;22;1.05905202686749;3.58265544690774;58.1486867065429;7.96850141420364;8.96560060902436;1.80735307547088;1.64588570334215
2016;11;13;23;1.17726965721217;3.10833309243968;58.6233334579467;7.47120047991276;8.45200968824228;1.98350810799537;1.25943310864473
2016;11;14;0;2.39240059846148;4.72791034679544;57.2461067339579;7.84984138466948;8.8268940350484;2.36206169981889;1.52321164025755
2016;11;14;1;1.53630695332031;3.87647272942622;58.0268398679097;7.83059959557905;8.83135811496185;2.65432248509909;1.52624828598539
2016;11;14;2;1.80499961765331;3.95770986633591;58.2766582647959;7.13724578839854;8.18033019001442;3.13252666358607;1.40399041846611
2016;11;14;3;3.25722266121263;5.3892790181407;56.64291674455;7.04663518931948;8.07857364500802;3.43858392821848;1.39052001939817
2016;11;14;4;1.39245575239829;3.73224988166787;58.4697996012369;6.12441798331738;7.24518903735479;2.2246365249143;1.52600589916274
2016;11;14;5;7.4626352660604;9.67122587404094;50.7343333333333;6.04641351940632;7.17073350772858;3.94261520115288;1.440435401753
2016;11;14;6;1.90495531361378;4.3416333208493;56.9289132436116;6.57620149931908;7.61223264380296;2.43772927341848;1.58919324007463
2016;11;14;7;1.56994338324495;3.79814934723585;55.4690398928324;7.8453365231514;8.7489874677976;2.47421470894393;1.45322847128486
2016;11;14;8;1.49858129755529;3.75075076339745;53.5590199152628;9.9550280667305;10.7557404942036;2.79495802256903;1.46885738697969
2016;11;14;9;2.79787763834814;5.38407521910531;49.5083531862894;10.4226979952335;11.2499156524976;2.90217643785607;1.68670940544152
2016;11;14;10;4.16709020325408;7.69083558069981;46.3014668909708;13.7377999659538;13.8784816993713;2.8247823096601;2.2981749402065
2016;11;14;11;3.70539324799948;7.22185639775538;47.4336933034261;14.3389879714012;14.8766245412191;3.19090820674449;2.29342549568285
2016;11;14;12;3.96157484161628;7.35883458328236;51.4036733258565;15.9058610006809;16.360669566981;3.92359937469481;2.21568143193389
2016;11;14;13;4.86170337955899;8.45053646187869;50.9175933532714;16.8354890503883;17.0836137019475;4.30396824224364;2.34062492345851
2016;11;14;14;5.19978692460407;8.48886320741789;53.4688600947062;17.9052397090435;17.9878852033774;3.38490350765639;2.14512454219081
2016;11;14;15;5.22052672804583;7.84969851956871;53.1722466392517;18.2849090299606;18.4405273127238;3.2105297293931;1.71473704185619
2016;11;14;16;4.61189700052642;6.9972104079478;54.8901867065429;19.4091020558357;19.3344998900096;2.40666819248868;1.55569342000756
2016;11;14;17;5.11377169569518;7.61601302257579;53.8690266367594;20.9761534700394;20.8670000966072;2.23851536523258;1.63195341768835
2016;11;14;18;5.37748048528527;7.63916227062194;54.0522867190043;23.5652959564209;23.3282523127238;2.65848085264097;1.47506128991361
2016;11;14;19;5.51519529493866;8.04474887942304;52.8782466392517;26.7604460585594;26.3169399549166;2.4213721788953;1.64976638067574
2016;11;14;20;4.04161054600301;6.45820541827498;54.53215994517;24.6123770558357;24.3343301164309;2.58287026571701;1.57609508667528
2016;11;14;21;4.20366954970884;6.59959604963779;54.1166402168274;25.7917265503883;25.5934891473452;2.50947369606602;1.56261524341601
2016;11;14;22;4.7141428237038;7.2950098828641;52.2941667289733;28.4254940367699;27.7562441859881;2.33820260650566;1.68323285709879
2016;11;14;23;4.64143032158478;7.15031257623565;51.8459801470438;28.9124419809341;28.3321346640905;2.28126517390535;1.63628460855107
2016;11;15;0;5.27328062772541;7.78549762223179;51.3314800847371;27.2436453828812;26.7905174420357;2.61226783370269;1.63845951472252
2016;11;15;1;8.10926285368873;10.9424270671272;46.2567134679158;28.5998884087563;27.9004278037071;3.07540523486296;1.84778021660969
2016;11;15;2;8.21893519588014;10.4338348061069;43.9972415669759;32.8157012780189;31.5441887663523;3.72495816058615;1.44455011190001
2016;11;15;3;6.54368678555102;8.75289857259221;46.6652916510899;30.8532724046707;29.9931169510523;4.45459796579765;1.44084053265709
2016;11;15;4;6.60142738418832;8.85162743922262;43.4218999875386;31.5610864615605;30.7521336401578;3.49853467562736;1.46757294384298
2016;11;15;5;7.45915095403786;10.2986946813092;37.3743198903401;36.7015172061591;35.5298258015863;2.3573847978401;1.8519409141775
2016;11;15;6;10.7267848253129;13.5423371199349;29.2233332398732;39.6630796189389;38.0684265936512;2.17676249146417;1.83629378210964
2016;11;15;7;14.7565110697989;18.1158202129596;23.2290000311533;43.5526550544739;41.0243495600382;2.61143994646151;2.19093017861992
2016;11;15;8;13.0442238384823;16.6799625010424;25.6260800971984;42.3492079509735;40.2534564338048;3.03232971956864;2.37121658588519
2016;11;15;9;10.9011046791879;15.7048267318255;28.1923734130859;40.302049332053;38.5927832735353;3.1106438768693;3.13297144332592
2016;11;15;10;8.02958071315981;12.4959788149621;31.3368666292826;37.8417261130333;36.3154188371976;2.75294774125856;2.91296989170891
2016;11;15;11;6.05087993109469;10.5913993074408;41.4119200274149;33.3183575476646;32.2144573701858;2.38545934102309;2.9613115388617
2016;11;15;12;7.26846636792541;12.2695686309096;43.8194532610575;35.8806342109745;34.4853257582713;2.58434428058045;3.26170215582706
2016;11;15;13;3.37475068631873;5.92892547944899;62.4198533732096;16.577946828826;16.9075436962095;3.85503861634922;1.6658242505405
2016;11;15;14;1.24895883876513;3.6667381971278;67.5204270604451;10.2925713767528;11.1783303230286;3.25930541111552;1.57686760453884
2016;11;15;15;2.23955273675039;4.63397308683721;67.9147132186889;11.1631160551548;11.7488181074142;2.96032982640868;1.56163293753047
2016;11;15;16;1.88754480196659;3.79335252687565;65.9602668660481;10.573630310592;11.3058253053245;3.33363347248636;1.24296141891297
2016;11;15;17;1.33909920442112;3.71315799990655;69.7701798604329;10.51765995574;11.3140723384857;3.88179641674011;1.54835319977528
2016;11;15;18;1.58692471996194;3.91627299853051;71.1503467763265;11.5358965859332;12.2453398043099;2.65069059882208;1.51919315030074
2016;11;15;19;20.7283913741163;39.0331372017589;56.83515994517;19.5212000340462;19.3010707689285;2.83178788657769;11.9382939576728
2016;11;15;20;8.78654334903169;11.3753933946568;56.2755800971984;23.9319350068092;23.3620191726049;2.37573933394604;1.68843933414988
2016;11;15;21;7.98992165128306;10.6738434976134;55.3076668535868;25.4052738869667;24.7003608204524;2.19999645444437;1.75044484433781
2016;11;15;22;7.49611942531981;10.3958964379197;54.9300400174458;29.5471880054474;28.6338398449262;2.42158327130655;1.89122486125105
2016;11;15;23;7.08506614200972;9.26855933208372;52.077912932078;32.2719907710075;31.3030949479739;2.11458059899206;1.42406694980245
2016;11;16;0;10.8237072299046;13.8105931872253;44.4878131065368;37.2159051906586;35.8658158135096;2.30635816450204;1.94803702341996
2016;11;16;1;12.386037978868;15.1507221395931;40.5240397059122;39.1158588256836;37.5578635651906;-999;1.80311775545199
2016;11;16;2;10.500258045457;12.9324337169149;41.224116437045;37.7056117136175;36.394816785743;-999;1.58625683175106
2016;11;16;3;9.69357789007057;12.4897127273527;40.250911979006;38.141756097894;36.8469862433986;-999;1.82362978142822
2016;11;16;4;-999;-999;38.7590601196289;38.8195491933823;37.4371472552617;-999;-999
2016;11;16;5;-999;-999;36.9797064971923;38.7927739210129;37.4464333333333;-999;-999
2016;11;16;6;-999;-999;37.0221733881632;38.2363897260666;36.690060012881;-999;-999
2016;11;16;7;-999;-999;34.4532667414347;38.2278213937759;37.0380254587809;-999;-999
2016;11;16;8;-999;-999;34.922033358256;37.3156866933823;36.0739872156143;-999;-999
2016;11;16;9;-999;-999;35.7671203638712;36.7794724727631;35.5362530747096;-999;-999
2016;11;16;10;7.67911090670895;11.7216441769229;37.1773399925231;36.3780260789871;35.1438840576808;5.18716183773933;2.63652666734139
2016;11;16;11;7.46180022229098;12.0274990920614;38.6561601943969;38.6779474387169;36.1437633726937;5.55428602474642;2.9777335201902
2016;11;16;12;7.26518299779719;11.6012840468412;43.3951133931477;38.3290677788833;36.6593205031033;5.62817656104342;2.82799059004072
2016;11;16;13;8.08484845046254;11.7322987994978;44.8608669408162;40.0880997914401;38.1561474975586;4.97898117496565;2.37885490860199
2016;11;16;14;8.74781173612766;11.9065343986598;47.4412068087259;44.1751916719055;41.83387146492;4.81080120449093;2.06010834737323
2016;11;16;15;10.5033158560771;13.9542062942909;44.411046614329;43.1932749697367;40.9062034383703;4.52736866167164;2.25065919270535
2016;11;16;16;11.3978917806633;14.165671452641;42.3906132685343;40.7253088011491;38.345515360782;4.30445099908106;1.80513663752943
2016;11;16;17;14.2082074193226;17.0497891396472;40.6808397432963;42.7459324438615;39.9799157291066;3.99075397205079;1.85327008642508
2016;11;16;18;14.9275156611664;17.6124939019022;42.334426624298;44.7377941842709;41.7309775480594;4.15185638416734;1.751133821233
2016;11;16;19;14.8827002479123;17.6718729339427;41.4801931788126;47.5824711470795;44.5027212556457;3.73580669776654;1.81908908968614
2016;11;16;20;16.8111749802458;19.8167574492067;35.8625063476562;48.3708243814642;44.8642334104364;3.44079076410876;1.96023082572919
2016;11;16;21;22.392125065477;25.4404714078273;28.6098531551361;48.0438425350189;44.3572038134847;3.37138508663755;1.98812128081111
2016;11;16;22;19.2319382447707;22.3400847298263;30.4110931975046;45.7046638317108;42.7512367048264;3.29797302404973;2.02712273371561
2016;11;16;23;15.2120020999514;18.3649298499129;33.5189997507731;43.6676025046582;41.0801726269272;3.15202538112156;2.05632892479184
2016;11;17;0;14.3868643401055;17.4606494157296;32.0264599202474;45.7206442960358;43.2711155279541;3.1729524569376;2.00471233750165
2016;11;17;1;15.3930755089196;17.9090427315761;30.0024333146413;46.1944550933838;43.7468712831225;3.13558399956738;1.64090540096901
2016;11;17;2;14.8762623100185;17.8579944247814;28.4728165841102;46.5679167423248;44.2271548674548;2.97138648231182;1.94467570455507
2016;11;17;3;15.5994058891247;19.1248116833753;27.1706416869163;46.2333681280136;44.0687520927429;3.31628302329992;2.29925785848876
2016;11;17;4;15.1469221414749;18.5394986131675;25.5744667663574;47.2718809972763;44.9927767251333;3.01769050933109;2.21262701893343
2016;11;17;5;14.659456634444;17.6123923433057;25.6117065906524;46.6226766525268;44.2515985592524;2.81655435432924;1.92589478501598
2016;11;17;6;11.6819685129708;14.502951994091;34.2530200710296;40.7496694400787;38.9855180618286;2.84282066914828;1.83983598376407
2016;11;17;7;7.68444513915165;10.5832841660934;48.4176135177612;31.8967834223747;30.8693619124095;2.80945415326408;1.89061311014452
2016;11;17;8;6.01177548767084;8.72651001909721;54.4426532236734;27.1856329509735;26.6243855038643;2.540225071931;1.77054077441877
2016;11;17;9;5.23559482607785;8.27380441893108;53.1229202766418;25.855094070816;25.3236935206095;2.44633319634886;1.98151012671965
2016;11;17;10;5.87558013844809;8.78313944656457;56.6610467389424;23.651154651165;23.2531215309143;2.42319958017341;1.89630044833747
2016;11;17;11;4.90994461482598;7.78142530391728;62.8174067090352;18.8739590299606;18.5693471479893;2.39873077374227;1.8727700937745
2016;11;17;12;3.35635391840823;6.12490835955559;71.6834666417439;12.4306445081711;12.6887133397738;2.21360482816865;1.80564193938847
2016;11;17;13;3.19085689463181;5.85513898196398;75.5338867314656;11.6463155326843;11.7778575096607;2.17355844376934;1.737635859259
2016;11;17;14;3.28397912443273;6.04552425575066;77.9799668909708;10.7416775102139;10.8278323674679;2.07298616992158;1.80107049097984
2016;11;17;15;3.41463023462707;5.90175836029261;78.0198196411132;10.6999084393978;10.4498145283381;1.67957632933082;1.622096638444
2016;11;17;16;3.47905259503889;6.03302246481619;79.2582133433024;10.3548679918289;10.5311921737512;2.02671386711403;1.66569060021564
2016;11;17;17;3.92202861918867;6.45760820963099;77.8653063227335;10.3993144877434;10.6812850289822;2.24390117360455;1.65369652159078
2016;11;17;18;4.46932344929935;7.00590026758938;75.5557734629313;11.7950059802532;11.798961724631;2.18293636321521;1.65434691025505
2016;11;17;19;4.5274312184274;6.76178350296995;71.3127001495361;12.231973938036;12.1268360109488;2.20697566557978;1.45723708097519
2016;11;17;20;4.26733210893729;6.58624913975467;72.2280201644897;12.348534535408;12.5144773449262;1.98846151310727;1.51238992543372
2016;11;17;21;3.33550176240804;5.97202809535434;76.0000403289794;12.3117635108948;12.7363244312286;1.93728580108713;1.71953364915483
2016;11;17;22;2.41924477603558;4.88323873685523;79.7550733133951;11.6432809972763;12.0513675064405;1.73033924818515;1.60700861356804
2016;11;17;23;2.50774920893447;4.86072133958241;78.4800938517252;13.0803845864773;13.1835638146559;1.98091176303212;1.53460054755124
2016;11;18;0;2.18286464056741;4.51709512517661;78.9942662429809;12.9427610517502;12.9328464048227;2.0009451153005;1.52237730873832
2016;11;18;1;2.12471274719266;4.32081802139681;78.3758867314656;12.2965910040855;12.3140722284953;2.00540121586069;1.43229250885595
2016;11;18;2;1.61180712647312;3.87945413019354;81.8146253426869;10.8878689516544;10.9610418571631;1.98493368165545;1.47895178537623
2016;11;18;3;1.33342135527462;3.7946865899091;81.098408015569;11.36642754426;11.2097332850297;1.98493896806913;1.60522894748389
2016;11;18;4;1.17992942708509;3.37997804333166;78.8972462031046;11.6991514652729;11.0373545154572;1.87723705557163;1.43486434333654
2016;11;18;5;1.29089916509958;3.71066827423027;76.8167067464192;10.5988775102139;10.0913813049952;1.98495006000529;1.57816531332948
2016;11;18;6;1.22447697376638;3.52683025267895;76.1607607676188;10.598341946888;10.0425885463715;2.06684940905489;1.50158710188492
2016;11;18;7;1.46840211032118;3.934311753577;73.96065994517;10.8207530156612;10.3446313855012;2.05350288995261;1.60825801524059
2016;11;18;8;1.46099292179516;3.98342150441638;71.7350795364379;10.6190479441643;10.2303311789036;2.14118990693258;1.64511947830997
2016;11;18;9;2.39021837943979;4.90896304223259;60.7659395065307;10.2893585926056;10.0341468153;2.15054292736872;1.64271683812899
2016;11;18;10;2.71657990448202;4.88203191381132;66.5884463526407;7.67790350408554;7.84269018566608;2.08645673200067;1.41230055210964
2016;11;18;11;1.97543325101047;4.5761289891299;65.7217997258504;6.57441645846367;6.57272586392562;2.02326009521593;1.69616505514379
2016;11;18;12;3.43886375950979;6.48721930863497;66.7432869059244;9.262090995574;8.23320163929462;1.95160616398541;1.98812728543886
2016;11;18;13;3.26290738562384;6.28617926382834;66.2673333333333;9.71155400953293;8.33281335587501;2.23958697479826;1.97176779922648
2016;11;18;14;1.15615371862508;3.48646555871327;67.3022137171427;6.59958498978615;5.86970381787618;2.08648039768185;1.51982158189852
2016;11;18;15;1.20131263370861;3.60322290953536;67.211726910909;6.85448303608894;5.8239499919494;1.83188997262124;1.56651784202717
2016;11;18;16;0.901399304952489;3.39799358240125;66.7566802342732;8.00027450306415;6.52798499677976;2.04376278551705;1.62827043095116
2016;11;18;17;1.9394546784603;4.58797517871049;63.6063065096537;10.0833695251942;7.97944517600536;1.90222551722493;1.72735620492259
2016;11;18;18;2.71664754025981;5.72627135233428;60.0619733009338;11.0829695251942;9.0228351228714;1.94273508732662;1.96286657618037
2016;11;18;19;1.94591278836352;4.5137652430483;57.0853867937723;10.1629804748058;8.62540156150659;1.98636101574572;1.67474477562339
2016;11;18;20;1.20310631538329;3.44629235357917;60.1681399676005;9.0168319145441;8.04393956054052;1.97835434158988;1.46299842553885
2016;11;18;21;1.9848020622486;4.43315121193084;56.860639842987;10.5960214959145;9.75590946554343;1.98815245655577;1.59680512011179
2016;11;18;22;1.91863803084643;4.46471131002993;56.6662732137044;10.8443150102139;10.0272246753613;2.05047395251538;1.66054047026246
2016;11;18;23;2.42110757879194;4.96349317421447;53.2695931040446;12.8390524591446;11.7386881653786;1.92896259150586;1.65813537525727
2016;11;19;0;1.78268006040529;4.66149618400658;53.6220665295918;13.1130500170231;11.6024397349358;2.02021732167389;1.87755423960817
2016;11;19;1;1.48742355313891;4.23969714451176;53.5198198903401;14.3050730463028;12.4356322091738;1.93431400288174;1.7950236236621
2016;11;19;2;1.77557422075155;4.06114774887425;53.3962584797541;17.7993890503883;14.3738388468583;0.862901327458956;1.4906434045863
2016;11;19;3;1.69441331500138;3.91066404470633;57.0679915046692;20.0584849727631;15.1928492702166;1.8386218712193;1.44543130750108
2016;11;19;4;0.541492574238643;2.99745376445908;61.3451203015645;18.7211630054474;14.059639987119;1.80524167367553;1.60176966747118
2016;11;19;5;0.143011333592999;2.44761166898762;64.083240166982;17.8895869451556;13.2031310478079;1.64944944820367;1.50305262460099
2016;11;19;6;-0.0336233780016336;2.0445914412093;64.6604600448608;17.38918380136;12.7231667685266;1.8519897191761;1.35540474872178
2016;11;19;7;-0.435840212819594;1.65440339036137;62.1108266741434;17.04336493361;12.4006716292245;1.88448947959557;1.36324988136332
2016;11;19;8;0.38848641688579;2.84908573585743;58.4354999376932;17.7756547375876;12.9816682338879;1.85110884819874;1.60479463951759
2016;11;19;9;0.817817056264722;3.13037580050494;54.4658467140197;18.2931839462519;12.940274986199;2.0402992499921;1.50824307221106
2016;11;19;10;1.65583662595743;4.43859782036837;58.3998933283488;19.2500678818351;13.1676667993947;2.04075017461156;1.81490753631299
2016;11;19;11;2.08321917412252;4.42990166365809;61.5453666292826;18.71795;13.1817066698869;2.13023044025799;1.53049846467095
2016;11;19;12;3.85385567656513;6.57165286623531;58.2120600573221;19.5701089618683;14.5587113275369;2.32120618954674;1.77253822987381
2016;11;19;13;4.36506221063178;6.97499116960533;57.6590132560729;21.7842774105395;15.5542442484225;2.26913076734285;1.70218693087867
2016;11;19;14;6.32888238010749;9.05370773149848;54.7363264249165;25.7379012639967;17.3927534651514;2.30163400564791;1.77712197342289
2016;11;19;15;3.38121760572541;6.3629807063382;55.9119996884663;20.5407921171188;15.7895063532988;2.17521605771989;1.94469591342267
2016;11;19;16;0.403589036646784;2.71333152757331;60.6777399800618;11.907282447654;10.0716277896186;1.81330740463814;1.50640632122666
2016;11;19;17;-0.583484342765031;1.44716141458371;75.924579536438;0.191681210242468;1.57598689584383;1.72338924166968;1.32438036580224
2016;11;19;18;0.229357805588801;2.86170916536189;69.5431470006306;5.29178504285166;5.16292458691435;1.87385897434806;1.71681074562607
2016;11;19;19;0.253888801616217;2.38163415690898;71.3688868560791;6.80628802672624;6.22661751046578;1.84626343847039;1.38770839856175
2016;11;19;20;0.078271868800282;2.50152037435885;71.1908533732096;14.1215447095814;10.5443583414353;1.92194679912403;1.58043456403323
2016;11;19;21;-0.031654354827914;2.4957962407634;72.1839198404948;4.23445999829769;4.78123534154495;1.74521870662979;1.64839481835898
2016;11;19;22;0.235032085408102;2.71187138849522;73.947593228658;3.11698849265329;4.19651311144336;1.8983628428652;1.61538630279793
2016;11;19;23;-0.155310103856035;2.16601694566887;73.9515130691528;2.22026599131823;3.32133350370328;-999;1.51396173156776
2016;11;20;0;0.0473905117540892;2.83453912005536;69.4569072697957;3.35570449795723;4.32133332930803;-999;1.81776899296636
2016;11;20;1;0.0668866053313435;2.64255701452484;67.9800466766357;3.20576449199915;4.10775916505655;-999;1.67984361938509
2016;11;20;2;-999;-999;67.9153961570046;3.60828200817108;4.28805782942338;-999;-999
2016;11;20;3;-999;-999;62.6691858284933;5.53112158647337;5.58314034664003;-999;-999
2016;11;20;4;-999;-999;59.4788732884725;5.39096153166294;5.44626982721488;-999;-999
2016;11;20;5;-999;-999;52.975593228658;9.83739651293754;8.45336036167144;-999;-999
2016;11;20;6;-999;-999;48.0047065594991;23.6984570422173;17.155199224631;-999;-999
2016;11;20;7;-999;-999;48.0631801096598;10.9787255565166;9.34581331562201;-999;-999
2016;11;20;8;-999;-999;37.3648467763264;17.7028204679966;14.3662413742304;-999;-999
2016;11;20;9;-999;-999;34.0873999252319;17.1810649931908;13.2446815035423;-999;-999
2016;11;20;10;-999;-999;42.2044133682251;12.2325094843388;9.597375;-999;-999
2016;11;20;11;-999;-999;39.6730736249288;54.6189412594319;36.5538118400574;-999;-999
2016;11;20;12;-999;-999;34.8632332585652;79.4957718992233;52.3902091220856;-999;-999
2016;11;20;13;-999;-999;33.2406799850463;75.7892195081711;49.2882345218976;-999;-999
2016;11;20;14;-999;-999;33.4154466953277;58.5634341661453;38.8139834782441;-999;-999
2016;11;20;15;-999;-999;33.099663142154;67.8416858356953;44.84622941885;-999;-999
2016;11;20;16;-999;-999;-999;17.3708105463028;14.8612606943607;-999;-999
2016;11;20;17;-999;-999;-999;17.3629565197468;15.7013753326893;-999;-999
2016;11;20;18;-999;-999;-999;18.0498245456219;16.3946049903393;-999;-999
2016;11;20;19;-999;-999;-999;17.7585125510693;15.7650255231857;-999;-999
2016;11;20;20;-999;-999;-999;14.4339500170231;12.4825678391298;-999;-999
2016;11;20;21;-999;-999;-999;12.5639839618683;10.9450026615143;-999;-999
2016;11;20;22;-999;-999;-999;14.3837915095329;12.2922926647345;-999;-999
2016;11;20;23;-999;-999;-999;9.22299947752952;7.81922231433392;-999;-999
2016;11;21;0;-999;-999;-999;8.02954852621555;6.95547100772858;-999;-999
2016;11;21;1;-999;-999;-999;13.5466265163422;11.5681665164232;-999;-999
2016;11;21;2;-999;-999;-999;11.7118249659538;10.0118608204524;-999;-999
2016;11;21;3;-999;-999;-999;13.4600540606022;11.520555553778;-999;-999
2016;11;21;4;-999;-999;-999;18.1986934802532;14.6866870251179;-999;-999
2016;11;21;5;-999;-999;-999;-999;-999;-999;-999
2016;11;21;6;-999;-999;-999;-999;-999;-999;-999
2016;11;21;7;-999;-999;-999;-999;-999;-999;-999
2016;11;21;8;3.28151327941021;7.71810084146395;27.9712200024922;12.8736815878391;11.3324751421928;1.8317419636047;2.89352755746915
2016;11;21;9;2.10145578541241;6.77262628624341;30.6368201084137;17.7827884428024;15.1060689874411;1.77876053729275;3.04652176492482
2016;11;21;10;2.52423222925046;7.04275910353278;30.0792001183827;30.7613452859879;22.1013404942036;1.80993314028737;2.94696810263078
2016;11;21;11;2.81809639186956;7.40719856389583;35.7285730953216;22.346676482296;18.5276452779452;1.87450118648235;2.99299707558408
2016;11;21;12;3.10795371951348;7.67195755326731;41.1737802467346;17.6117853760719;15.8984038339774;2.08066493977069;2.97662802337397
2016;11;21;13;3.36049736919133;7.40087007474292;48.1811066716512;17.085031991148;14.0203018861453;2.04326819763435;2.63511755430065
2016;11;21;14;10.5184792890124;15.0809781375901;44.6090065345764;19.7869866252899;16.6821282169024;2.18665182764366;2.97564647707968
2016;11;21;15;18.4952244061183;23.3962173684083;41.6487535476684;24.3260630394936;20.4844236370405;2.50280360346898;3.19641120500824
2016;11;21;16;17.5725009057452;21.0650875305461;45.4756533482869;25.5696724727631;21.5912948647499;2.5771732748341;2.27785330602865
2016;11;21;17;14.865258082764;17.8216550234164;47.4042934405008;26.663163544941;22.3453046254476;2.53977821328515;1.92815218880412
2016;11;21;18;11.9833520749422;14.9907959829857;47.3680334205627;27.5312088597298;23.3390575391451;2.51930378022424;1.96144485006816
2016;11;21;19;10.9907221998126;14.3101387875818;46.7790532735188;27.2829155326843;23.1342628487905;2.52109320178454;2.16491238752522
2016;11;21;20;8.2930893277582;11.0785725986263;50.1473131065368;23.8857035040855;20.1298736531417;2.42313822927184;1.81668286546683
2016;11;21;21;6.11397511059858;8.99248593295753;52.3882468261718;21.9070309972763;18.7393623739084;2.44140296807305;1.87735512315984
2016;11;21;22;6.51576623675124;9.27505146041458;47.7244264996846;22.8786064346313;19.3726562755108;2.23880296772397;1.79959658677206
2016;11;21;23;5.05940641203862;7.81230886833373;49.2039000498453;18.3375664584637;15.6468421737512;2.05312180731375;1.79543376725941
2016;11;22;0;5.39854731660363;7.94320363363226;51.452673201243;19.4947820251942;16.9433133397738;2.25707390387992;1.65961633228803
2016;11;22;1;4.25098533783092;7.03814674887336;52.1844068336486;20.1291709564209;17.3626953584512;1.93023071672566;1.8177773428713
2016;11;22;2;4.45908108647363;7.3502226336146;48.920108367602;22.1726389482498;19.135783000644;1.87446136684724;1.8855928395841
2016;11;22;3;5.34324669088909;8.21069055713645;42.3589264996846;24.683776919651;21.7418943120797;1.8910541639715;1.87013729142807
2016;11;22;4;6.33984111948905;8.9049383930484;42.4268734130859;23.6040304237366;21.2088875483036;1.91198841709927;1.67294785571574
2016;11;22;5;5.93037417342299;8.88416376699718;40.3757333208719;22.8771784359932;21.1020158724785;1.73164327892206;1.92645168576727
2016;11;22;6;3.78801995482748;6.26506775500234;45.2048465270996;20.4588605463028;18.4672031713168;1.82783464209828;1.61552228390066
2016;11;22;7;2.87167152207497;5.29931016512833;49.0993666292826;18.2843735517502;16.4435666827679;1.98147273415005;1.58329779701231
2016;11;22;8;2.14051935301109;4.91490074137313;53.0804532610575;17.0082769707203;15.2181743346214;2.03313479910949;1.80944225485746
2016;11;22;9;2.21321372356821;5.013464754572;50.9969733009338;18.2533145217896;15.9951453262488;2.34397337901577;1.82631434919546
2016;11;22;10;2.71827506862221;5.83742753644155;50.6307799975077;19.9835150272369;17.3399028037071;2.85832680493904;2.03430079883405
2016;11;22;11;3.59956944538239;6.67673372019577;50.6869666417439;20.0322453828812;17.2306676003297;2.56442343687425;2.00691623990183
2016;11;22;12;4.38952066102611;8.3878466043433;50.4746336199442;20.6841275612831;17.7307520444393;2.22598342126007;2.60769479671367
2016;11;22;13;7.11852664994671;11.0527143124568;52.3928199526468;19.7398625851154;16.5847112953345;2.3662692063832;2.56586402466007
2016;11;22;14;7.84508982608599;11.4516324415036;57.3548866068522;17.8049225238323;14.5284901776155;2.31818052165288;2.35217502166619
2016;11;22;15;4.76287331627614;8.01552343300389;59.9930465520223;17.5514524421215;14.2742271866322;2.13426527593831;2.12136751859807
2016;11;22;16;7.30037712654843;9.9137298250491;56.8446330591837;20.0400995966911;16.2478888146559;2.0171480151326;1.70441988233804
2016;11;22;17;8.73413215154289;11.2375539929421;59.3991666666666;20.9506280326843;17.4138517573357;2.0933066845784;1.63272334530583
2016;11;22;18;9.63127427752608;11.9992087008334;59.2704598579406;22.0912428896904;18.239278026406;2.40059812990612;1.54435890474072
2016;11;22;19;7.79414441756624;10.3476281426305;58.0637532984415;20.7326793787956;16.9193390051524;2.19485677740261;1.66537353826105
2016;11;22;20;6.11897703487682;8.96896802130439;56.6842402292887;19.7189779816151;16.3797477033774;2.04789925939249;1.85875458162928
2016;11;22;21;6.14241401856847;8.69519826855316;57.5943331464131;20.0658033679008;16.7560772349358;2.27770482009605;1.6649173429555
2016;11;22;22;6.09250351328141;8.92063911272836;53.6998134803772;20.963123080349;17.7491547998428;2.06839686784222;1.84450057139663
2016;11;22;23;7.30054368152263;10.3025157037568;48.7792333208719;24.6127338256836;20.9892352811654;2.08399030557102;1.95787610445919
2016;11;23;0;8.2642946941246;10.851001507671;45.9061999626159;30.8671953828812;26.6660873256048;2.16950474640955;1.68704152536214
2016;11;23;1;6.77232285616759;9.46527664839398;48.6126333084106;28.0524290435791;24.2115882431666;2.61219710345373;1.75633544921878
2016;11;23;2;8.54059372477728;11.303488740857;44.4958164517084;33.3333513461113;29.0716247478167;2.96181392509623;1.80195088130303
2016;11;23;3;13.97748806693;17.2851849164662;34.298426530838;35.338442151165;31.1923401937167;2.87275226454607;2.15726881347888
2016;11;23;4;14.2023187241976;17.2120575931133;34.5159866816202;35.6804121408624;32.1343070819661;4.33400824640177;1.9629416158671
2016;11;23;5;14.3836921084493;17.4977052308099;33.4490930728912;36.0824299863815;32.7879839021047;4.79230929100987;2.03094893492871
2016;11;23;6;12.2316877917951;15.1570190879436;33.8806200523376;37.4292129085541;34.2651070213954;6.59385503089038;1.90789127944413
2016;11;23;7;11.6310150874586;14.6680250416973;34.3026735750834;40.3467950817108;36.4511610780716;8.81763260014019;1.98072772643081
2016;11;23;8;8.67977815968227;12.1517376975699;36.2688799476623;40.5818795490265;36.8308668222427;9.09336287063802;2.26440038898842
2016;11;23;9;6.96259882971899;10.5250706255897;39.5737668660481;41.6196786062241;37.2831717241287;10.7631286567843;2.3234321806751
2016;11;23;10;6.07615044387413;10.5940578760185;38.3200201644897;41.778721831131;37.034986646843;9.05781932838574;2.94656410454183
2016;11;23;11;6.4634228591642;11.1832643484989;40.4498866691589;40.5167272941589;36.3400683917999;6.7147058379317;3.0782648207115
2016;11;23;12;9.02739885512605;14.7025576349919;41.0861475573088;42.0148306868704;37.3492207470275;6.11630284511669;3.70131955988114
2016;11;23;13;12.1760839586792;18.8626700979602;46.6519799601236;39.7814854782104;35.0262075257619;5.22672841593844;4.36096909816081
2016;11;23;14;5.45158487872237;9.04449418522528;63.1564866816202;22.3129400102139;18.9691445830822;3.30622837708546;2.34328342322654
2016;11;23;15;1.89723532767857;4.19572182269389;65.9841132062276;13.5501964278221;11.4503208011309;2.13619616987124;1.49906519837035
2016;11;23;16;3.2484014131736;5.90355066621293;62.8670596834818;15.0720874148846;13.1707324613571;1.90014353602724;1.73167945530337
2016;11;23;17;2.93409898626878;5.09994360566918;64.598720064799;15.1533050204277;13.4445801486333;2.00125340571886;1.41255661108384
2016;11;23;18;2.45021742524244;5.22515594631301;65.4500130691528;15.8776580360889;13.9689765373548;2.13176128296219;1.80980561494508
2016;11;23;19;2.16969508289925;4.57610419929765;68.0411334330241;15.7125454339504;14.077029735438;2.18432453182578;1.56945197078912
2016;11;23;20;3.89200390658001;6.69554233918691;63.2744134305318;22.159073080349;19.8651429974238;2.25470551166901;1.82845838151716
2016;11;23;21;5.82153181061674;8.93168756605414;56.8998399925231;26.6376380735397;23.9348705489477;2.38655259964118;2.02843317313307
2016;11;23;22;5.59981338410056;8.08795509494226;56.2334400049845;26.3570361538887;23.347330433019;2.30059634149998;1.62275769530314
2016;11;23;23;11.1361420013809;14.1443301509531;46.4053467140197;36.0867141525268;32.3680954523404;2.55137054821803;1.96193024190196
2016;11;24;0;12.4582277632847;15.6586347439335;40.118646689097;41.5650575817108;37.336185573705;2.48367585187431;2.0872947201198
2016;11;24;1;11.9554483746156;14.6916371973748;39.9651133931477;40.1740070081711;36.6203319247882;2.73489932085311;1.78453319141253
2016;11;24;2;12.1766885774437;14.8464884211687;36.9118415482838;41.9145607505798;38.8443733848572;3.23433442856473;1.74123452150892
2016;11;24;3;13.1728572464263;16.1557135740857;33.3736331526438;44.030499766922;40.9250756708145;3.76495786759902;1.94540891244314
2016;11;24;4;13.055998001835;16.0392995147033;31.8418934529622;44.472287062645;41.4467704389572;3.60885035096078;1.94569926074617
2016;11;24;5;12.2976582798997;15.1452712146498;32.1718265806833;49.2037864891052;45.6145900515238;3.89215640642387;1.85720362428523
2016;11;24;6;12.8394334164578;15.9863890864872;28.9871532548268;51.555702935791;47.6858372611999;4.26811439861905;2.05243395425032
2016;11;24;7;13.8695858833171;17.042144520235;26.8429133370717;50.6839083883286;47.0635175842285;4.73984430788678;2.06913212355474
2016;11;24;8;13.607593811667;17.0505779095956;26.2807198778788;51.7152817070007;47.8772941349665;4.93318395212038;2.24550270403603
2016;11;24;9;12.5296140577905;17.3025197741436;28.1388000685374;52.9314019536972;48.8425145283381;5.83521420983653;3.112873131952
2016;11;24;10;12.2594763644835;17.1762686484735;30.6515201644897;49.5781011470795;45.0089847740809;5.5287782898515;3.20671546973617
2016;11;24;11;9.27636805400056;15.2440592532754;28.6555865694681;48.2066854101181;43.6655780747096;3.73545413047459;3.89210822463163
2016;11;24;12;7.49638277055534;12.3025500958481;35.4917400423685;40.5395753745079;37.2407943281809;3.31719945918569;3.13456624196658
2016;11;24;13;6.84247107695071;11.9764551040965;40.237553460439;38.7724246595383;34.9861940115929;3.98270900991892;3.34836719762071
2016;11;24;14;5.29723716899843;8.56924947138819;54.2473065719604;25.8916863869667;23.619321039931;2.57777943184271;2.13399547127617
2016;11;24;15;11.432797665376;15.0315852449554;48.8693934529622;32.4515613188744;29.2635881331762;2.76977784844346;2.34711721325083
2016;11;24;16;11.2957281722913;14.32253475407;45.6213465894063;33.7253375680923;29.996662338988;2.54037891749259;1.97407312106593
2016;11;24;17;14.7684557848255;17.9280068378248;42.7476600697835;40.9451270217895;36.88202352705;2.84686097838942;2.06064862086304
2016;11;24;18;11.4255774013434;14.3425645692227;46.2955866940816;32.6172095013618;29.60716397295;2.30831179836787;1.90244926691704
2016;11;24;19;12.100808687829;14.6407824636811;44.1787866566976;36.6389932641983;33.5244347874641;2.62370541283564;1.65656239460649
2016;11;24;20;14.7825691573869;17.8663453032573;38.8926667912801;40.0906474046707;36.4455893217405;2.4611201557223;2.0112284800734
2016;11;24;21;14.9732604630908;17.7308734692731;37.4004533233642;36.2666419128418;32.5750851550738;2.45355518542769;1.79850597212833
2016;11;24;22;16.8056042803172;19.8465969533007;33.0018865756988;40.386126216428;36.4048481221035;2.37917020376929;1.98332524226486
2016;11;24;23;21.8810481591359;25.4447094590893;27.4864465084075;47.3668305121455;42.676016833404;2.48341760428266;2.3242079712562
2016;11;25;0;15.923490862401;19.1956748084925;37.6062534853617;42.3645591661453;37.977245503362;3.26077751865706;2.13410741672387
2016;11;25;1;16.3255832264795;19.0248603128798;35.1232598953247;44.7511040435791;40.1791698701858;3.70270141471965;1.76045948051313
2016;11;25;2;16.2813035248718;19.6374439248732;33.2915579485893;48.4754127534123;43.6012954342082;4.07424473463272;2.18886353493816
2016;11;25;3;13.7875847815493;17.0938627851144;36.5133085950215;48.4941300544739;43.8667897289417;4.4600483813732;2.15634344688579
2016;11;25;4;8.73776770249456;11.7838551169389;40.6387000872294;47.9776702178955;43.4288739268621;5.2450086626172;1.98664801559212
2016;11;25;5;8.26211114051438;11.2468562676113;37.6062533607482;52.1418965299606;47.1462459433238;5.15237073340866;1.94664078111392
2016;11;25;6;7.98038706047494;10.7962536959056;36.3044864947001;50.8256376361847;46.1764673642476;5.12744584304939;1.83649879413286
2016;11;25;7;8.40439664922541;11.3820664598752;31.1196331837972;50.856875204277;46.3169367568334;4.33984151390624;1.94202628341022
2016;11;25;8;7.288812857518;10.4599939585769;36.4720665918986;59.3579376361847;53.9075142063141;8.26064329891498;2.06823369927845
2016;11;25;9;6.77438883094083;9.93917800999767;28.3926199277241;56.5674471715927;50.8474105548859;5.48390877617676;2.06406490914429
2016;11;25;10;7.31407761181714;12.4964152920791;16.617266725858;44.7789502723694;41.1572212465286;3.46092977400038;3.37990328832984
2016;11;25;11;7.30639243967965;13.7360166074075;15.5709533233642;48.6152719673157;44.4185748444239;3.61196706806855;4.19337936043755
2016;11;25;12;6.70786162190964;12.3624517329595;22.5237265993754;48.7796704509735;44.4308993480047;3.81067614095694;3.68790474292847
2016;11;25;13;9.64831339020593;16.5982447672568;20.5059066778818;42.9125540435791;39.8691914734522;3.1451066234347;4.53272198074394
2016;11;25;14;13.8974592031749;25.9186074050804;8.2441466345787;41.5211463256836;39.1221042954763;3.81560783674682;7.84015261912981
2016;11;25;15;10.0436207923816;16.2061105406676;14.5187600199381;39.3873574455261;37.6088509819666;2.30534371470834;4.01915518625139
2016;11;25;16;12.2564680614145;16.6688134550465;13.1500266834894;38.8329362167358;37.0898573513667;2.63280367426702;2.87771689636984
2016;11;25;17;15.9059470469076;19.686315674611;11.1119533389409;41.7480201498032;39.4889788634618;2.69741077614283;2.46554376503462
2016;11;25;18;15.2766974569827;19.0257496624661;9.72394669532775;44.1097532657623;41.7662032035192;2.14631577257628;2.44511929928753
2016;11;25;19;13.0853068042698;16.4121045297974;8.62438665358225;42.3583114210129;40.1481042122523;1.89638589109829;2.16972634086452
2016;11;25;20;12.7459574779711;15.6086367416663;10.1103933439254;42.8302656007767;40.8837111048381;1.99262328535467;1.86702983359201
2016;11;25;21;11.6245025084587;15.1041451950113;11.7502599576314;42.950752964592;41.146584470876;1.90486055646921;2.26941131283008
2016;11;25;22;15.4885195598862;20.2011814000234;6.675166674455;40.6625612167358;39.2090532946904;2.40430181417486;3.07358227753718
2016;11;25;23;16.4985034965899;20.8731936661419;5.56972668894131;33.2294646579742;32.353238197581;2.58474853284627;2.85315828526745
2016;11;26;0;12.1931875645565;15.7157451166809;9.16338663800557;36.7257441389084;35.5077202967644;2.36822863635136;2.29740024450792
2016;11;26;1;8.91624623750999;12.0113664007762;14.1535467077891;43.6113815027237;41.4656796254476;2.57451847495482;2.01862701024734
2016;11;26;2;8.90460387347585;12.1640445482461;14.2995666658878;42.1301889194488;39.9929465953191;2.50235044090122;2.12579629782349
2016;11;26;3;10.1222611639717;13.2484347819788;12.9892249345779;43.374690464592;41.2183388307571;2.8489885498138;2.03887996948472
2016;11;26;4;11.5707330481547;14.7205343176865;11.7342533451716;44.1193926225662;41.6145906202952;2.95815578906577;2.05428984472081
2016;11;26;5;9.79311855912245;12.6797184710865;14.2489333146413;41.9538307641983;39.9174781391144;3.0405924450364;1.88263080032386
2016;11;26;6;8.39633499976255;11.1347865147032;13.6988267364501;39.1524515844345;37.3979781847;2.63337388375912;1.78600891167941
2016;11;26;7;8.19201390801608;10.757328441805;14.1417866566975;40.932631803894;39.1925075713475;2.59863023073927;1.67308955211022
2016;11;26;8;8.25636875412035;11.241850322382;14.1025866317749;40.3403690027237;38.7251770283381;2.25600971057294;1.94712108557653
2016;11;26;9;7.7815157778507;11.0970784257768;14.6242733694712;39.190828635025;37.7201121512095;2.65790660377043;2.16239886085977
2016;11;26;10;7.94571305547313;11.8975378392327;15.4295066903432;40.1800760108948;38.4278613892237;2.85128709697043;2.5773668961026
2016;11;26;11;8.89543042818948;13.3468668614673;18.6439067090352;42.3135078828812;40.4661862148285;3.91484725406657;2.90321194157818
2016;11;26;12;10.4764107467664;16.0455580197467;20.2814866504669;48.6905989891052;45.6957989724477;5.94840538403043;3.63217920994063
2016;11;26;13;9.8102417725184;13.9083646249767;22.0781531925201;51.9193071443558;48.3763655558904;6.31780314140264;2.67278200680726
2016;11;26;14;7.6549822699991;11.2366436344564;27.9235266367594;53.5550810653687;50.0571012475332;6.55264676262226;2.33594755307442
2016;11;26;15;7.84333198627052;10.837934984168;30.0236666355133;55.4216554237366;51.4498078289668;8.21286713571876;1.95307005145299
2016;11;26;16;7.73957296638549;10.4647580008877;30.1608666915893;58.6823151634216;53.8852283402761;7.72723161839452;1.77735655754405
2016;11;26;17;9.03085447254959;12.1662550091962;27.4835066280364;65.5825896579742;60.5803143539429;6.63026706726754;2.04489773493633
2016;11;26;18;10.2264206344991;13.5188342252669;23.0597865943908;75.3086976770401;69.4771555430094;5.29312424634917;2.1473011232675
2016;11;26;19;9.14801719381153;12.1507285601403;22.1575333271026;62.6578668447494;57.6569652903239;4.66532821454279;1.95835830220292
2016;11;26;20;10.1080379785111;13.5808076796135;21.6907268486023;68.5389065027237;63.791018016243;4.68762729995275;2.26492877472526
2016;11;26;21;11.6275420570827;15.1037052481109;18.3570933221181;75.5532425544739;69.6932625188192;4.40826709326477;2.26714199749588
2016;11;26;22;10.9363608765472;14.4490243373596;18.5599534168243;74.9688335926056;69.3410763039907;4.17212546016199;2.29094735127255
2016;11;26;23;11.3359321043234;15.0505863060204;17.5851801096598;76.0844583202362;70.8713811117808;4.21625588721076;2.42268503635783
2016;11;27;0;13.3205397992855;17.273669798009;13.6498267052968;89.1479812015533;72.6719885731379;-999;2.57821815293318
2016;11;27;1;12.6227270605883;16.057107708271;11.1772866255442;89.7213228420258;68.5038320590337;-999;2.23989156258384
2016;11;27;2;13.3007095060089;17.2509301319541;8.28328724791786;81.2107998514349;63.3384065182079;-999;2.57632066974568
2016;11;27;3;14.849377772777;18.9850849518776;6.02896840563991;74.4574878758882;58.7434252352129;-999;2.69729437883814
2016;11;27;4;-999;-999;5.02550000778834;71.9609299182892;56.6839787078857;-999;-999
2016;11;27;5;-999;-999;5.16759999688466;65.0826107793808;51.4016899682999;-999;-999
2016;11;27;6;-999;-999;7.08774669766426;54.9673731143951;47.7167339853287;-999;-999
2016;11;27;7;-999;-999;11.4578933906555;45.3924544128418;43.7506699613571;-999;-999
2016;11;27;8;-999;-999;18.1147066062291;35.9160676854134;35.0410648449262;-999;-999
2016;11;27;9;-999;-999;16.6414400049845;49.9174292766571;39.0248563238144;-999;-999
2016;11;27;10;-999;-999;18.2594200585683;52.1709920490265;40.2711839209239;-999;-999
2016;11;27;11;-999;-999;20.7326133931477;36.2909179577827;34.3647183595975;-999;-999
2016;11;27;12;-999;-999;20.579079972585;33.6216288733482;29.8850636241595;-999;-999
2016;11;27;13;-999;-999;19.2554266554514;37.8410119945526;29.9532723384857;-999;-999
2016;11;27;14;-999;-999;16.8018333021799;39.1119321443558;31.5531369124095;-999;-999
2016;11;27;15;-999;-999;14.8362800130844;41.2059156007767;33.1023514219284;-999;-999
2016;11;27;16;-999;-999;13.3332866566975;41.9772139482498;33.7616459621429;-999;-999
2016;11;27;17;-999;-999;-999;37.657692384243;30.6952946903547;-999;-999
2016;11;27;18;-999;-999;-999;38.0416458542824;30.5791376932144;-999;-999
2016;11;27;19;-999;-999;-999;42.0050599046707;34.0400520283381;-999;-999
2016;11;27;20;-999;-999;-999;35.680626482296;30.5943325579643;-999;-999
2016;11;27;21;-999;-999;-999;35.0280304237366;28.3616805296262;-999;-999
2016;11;27;22;-999;-999;-999;28.3007224727631;26.8089202135404;-999;-999
2016;11;27;23;-999;-999;-999;30.0983958883286;26.1496261241595;-999;-999
2016;11;28;0;-999;-999;-999;10.4162719928503;10.3513846318881;-999;-999
2016;11;28;1;-999;-999;-999;6.73917195880413;6.97826350611846;-999;-999
2016;11;28;2;-999;-999;-999;6.4392919724226;6.47395832528273;-999;-999
2016;11;28;3;-999;-999;-999;7.02709248638153;6.84184616602262;-999;-999
2016;11;28;4;-999;-999;-999;7.20202253234386;7.33517717053095;-999;-999
2016;11;28;5;-999;-999;-999;6.85733901634216;7.22053932979107;-999;-999
2016;11;28;6;-999;-999;-999;-999;-999;-999;-999
2016;11;28;7;-999;-999;-999;-999;-999;-999;-999
2016;11;28;8;-999;-999;-999;-999;-999;-999;-999
2016;11;28;9;-999;-999;-999;-999;-999;-999;-999
2016;11;28;10;-999;-999;-999;-999;-999;-999;-999
2016;11;28;11;1.20727971887091;4.18767513528557;60.9028135426839;4.75873073860082;5.02865288151394;-999;1.94380391436667
2016;11;28;12;0.581486693449797;2.9093969876478;66.8598030732807;3.35505001986027;4.20708944605456;1.62676517946649;1.51825530170759
2016;11;28;13;0.719599964208891;3.18439871929276;66.4701933034261;4.05363946646452;4.62962299581369;1.76345205417838;1.6075334976933
2016;11;28;14;0.645292233772711;3.52214867578326;66.4659468510945;3.87549649165869;4.49692000966072;1.77326100749408;1.87627614183429
2016;11;28;15;0.522836833112354;3.33066549841971;68.5151270853678;3.19594700561762;3.86109366280238;1.673877324272;1.83125645692379
2016;11;28;16;0.412443759552857;2.86734745331038;68.9071263376871;2.93872846152782;3.5479078222235;1.66140174409609;1.6010799718178
2016;11;28;17;0.170732632861457;2.66181883076966;68.6069202143351;2.85965299863815;3.31373600289822;1.37972864554315;1.62467807991189
2016;11;28;18;0.492777179417609;2.82817563165847;66.8670937271118;3.78017752298117;4.28131983929078;1.55043145069284;1.52313905331817
2016;11;28;19;0.755766688467401;3.34494081915233;65.2376802342732;3.47779851344824;4.23033218904733;1.51700713174156;1.68865070134106
2016;11;28;20;0.889046040206188;3.40238962665043;63.8679665794372;3.79624251191616;4.65798699694077;1.56603706991986;1.63919427421337
2016;11;28;21;2.11873429402179;4.74645239837922;61.3738665669759;3.79061051354326;4.74947140546092;1.79780445719739;1.71378895195278
2016;11;28;22;2.72354841461856;5.43823135698665;62.1104998753865;3.66290301140547;4.66288317503929;1.9546957754529;1.77050712820764
2016;11;28;23;1.53550359404799;3.89071131011492;62.7305131314595;4.52775396763045;5.48983468315519;1.44526053545063;1.53605858887838
2016;11;29;0;1.28922457815898;3.89285151251794;64.8731206130981;4.42859412454737;5.40320568365886;2.1904863771356;1.69807677151968
2016;11;29;1;0.925496278667137;3.4509069563915;66.5554539464314;4.35657867598534;5.36460685657633;2.07371623656247;1.64706439075433
2016;11;29;2;0.371405182560446;3.09163485673817;66.4698669719696;4.73820576474541;5.73011419323871;2.03516825448501;1.77412468812741
2016;11;29;3;1.9011466477733;4.66236585255837;65.1583005046844;4.85405333749453;5.89448481731945;2.60736207739686;1.80085792278608
2016;11;29;4;1.17294326055871;3.67695567776476;64.2021471875508;4.97416398229599;5.90684714798927;2.60859574446484;1.63310851687027
2016;11;29;5;0.793037066659979;3.398933512087;65.0113002243042;4.88330752213001;5.71353301674525;2.47756309491137;1.69955693904158
2016;11;29;6;1.12675635497695;3.48851412020058;64.1714402542114;4.7622844928503;5.65511663446426;2.04031662798215;1.54033050901352
2016;11;29;7;0.38873723939006;2.81479780472719;64.2416736373901;4.50185302417278;5.53001118534406;1.78403061595493;1.58226858000806
2016;11;29;8;0.202511693839965;2.69524788903734;63.5004662679036;4.57539503064156;5.50384199935595;1.71940447920025;1.62575420262088
2016;11;29;9;0.678060819245421;3.30114234646181;62.8765329221089;4.88330750510693;5.90093801513513;1.70559079130453;1.71076499186131
2016;11;29;10;0.74902697196526;3.53768953800195;62.9666935526529;5.37578898229599;6.23168250966072;1.56652615994015;1.81875639113376
2016;11;29;11;0.937927724136717;4.31009019009044;64.0319536972046;6.39020448093414;7.09897930080891;1.6993582332343;2.19931307272191
2016;11;29;12;1.05403648267642;3.9923673465392;66.7357728398641;6.80967952349186;7.41723016473452;1.93649460873326;1.91636955399419
2016;11;29;13;1.26113007367794;3.99827186736005;64.7587865943908;7.29038006298542;7.73109131787618;2.4758449230588;1.78515471585857
2016;11;29;14;1.43435683891032;4.26632087818541;67.0101730143229;6.57227447752953;7.22661730789344;2.44019371374799;1.84699746703768
2016;11;29;15;1.54639128620827;4.28214782045807;67.7337401046753;6.38395699965954;6.95125016634464;2.29667152582386;1.78425125429367
2016;11;29;16;1.88155962109309;4.24774363245457;66.3842803090413;7.08278447582722;7.45352930885951;2.34749445324248;1.54321729192875
2016;11;29;17;2.18619475468662;4.84773842683069;65.8795804087321;8.38422797310352;8.41571048776309;1.62048339041537;1.73584987403957
2016;11;29;18;3.63541597727087;6.22512166146042;64.1551063601176;8.44527495744228;8.4648410334905;2.21556698974432;1.68899737875751
2016;11;29;19;6.82498954443231;9.37503621042609;60.7986061108907;8.44866646697521;8.65106421175003;3.44005985714732;1.66313189984008
2016;11;29;20;3.77643833162786;6.38067277702834;61.8083328971862;9.78170449795723;9.76941616763274;2.00250674778929;1.69847298818745
2016;11;29;21;1.82925978215635;4.30979561914354;64.0531865819295;8.37101895165443;8.79693620144526;1.56745172701033;1.61779716983422
2016;11;29;22;2.60385646704868;5.39677479208732;60.5088532485961;13.0325464448452;12.9620544913053;1.40430616871456;1.82153198290961
2016;11;29;23;4.42248376577266;7.20352432388075;56.9106200523376;16.5684529986382;16.1329133236726;1.59866196065106;1.81378534307573
2016;11;30;0;7.94043830423045;10.6564122364989;49.1780933532714;20.9238529986382;19.6228672220548;2.24324391604332;1.77134910749936
2016;11;30;1;11.7078404571354;14.2723157472982;42.1279734255472;22.6679764142036;20.7177515239715;2.303875078488;1.67254220022648
2016;11;30;2;15.5489912514562;18.7156541259848;37.7183001152674;25.3777850749016;22.5656323057811;2.10640548927735;2.0652869270592
2016;11;30;3;15.4421291702561;18.5925315570571;35.1829581308364;25.5725285381317;23.2245886563619;3.11921122678956;2.05468189139165
2016;11;30;4;13.5936597819605;16.9982553800996;37.3027799975077;24.1311409700394;22.3805907302856;2.89232116531482;2.22046585297046
2016;11;30;5;12.6341478520043;15.7926861315106;36.4331934280395;22.8346954509735;20.9679623578072;2.00835170188162;2.05998809338094
2016;11;30;6;7.65631444494502;10.587762375394;43.2226331837972;19.0251484836578;18.0966138307571;2.03599659019247;1.91188052786083
2016;11;30;7;8.13290673093394;11.0819667793521;41.7536132685343;19.0064059632301;18.2549794671536;2.36499044493083;1.9233670922476
2016;11;30;8;9.06248144892613;12.0013737575056;39.2294598579406;19.9758395898819;18.8938448513667;2.33290136596686;1.91673572635913
2016;11;30;9;9.83886537267569;14.5978510619692;35.9863131065368;20.8049720013618;19.4173969896952;2.48759737716368;3.103794536898
2016;11;30;10;9.37069928620375;15.7756848906629;34.1651468760172;27.0994175204277;24.778192933019;2.18714207508895;4.1773101719459
2016;11;30;11;11.9688717763276;21.6042873685292;32.3018401171366;43.885378839302;39.4590956133524;1.91878074615624;6.28418579679681
2016;11;30;12;9.29609646797094;15.5298129664988;42.6189533856709;34.7379679577827;31.8062182040214;1.79622310907037;4.06560903434321
2016;11;30;13;6.63702802945268;11.5207586715061;51.2364201520284;24.7903414754868;23.265277487119;-999;3.18515277753167
2016;11;30;14;6.02179433605305;9.78222063811433;58.0696331837972;22.3732729782104;21.2328618346214;4.04571173897906;2.45253744700336
2016;11;30;15;11.2735930344982;15.0696620759977;50.2479268112182;27.0997744264603;23.8104402715047;2.284359448777;2.47578352235871
2016;11;30;16;15.7282423914652;19.4049726822595;46.552673201243;26.5048340299606;23.4714230682691;2.10649049411319;2.39795118860908
2016;11;30;17;12.5001582623645;15.5692116095115;51.7551667912801;24.8899445081711;22.4469421710332;1.95715048576956;2.00162632002735
2016;11;30;18;10.2064261273679;13.339232504607;55.0270599950154;23.1838415435791;20.9370658912977;2.15242122191786;2.04320583285414
2016;11;30;19;8.21510751793417;11.4242256789689;58.2038931414286;26.5478523910522;23.8470771705309;1.8091510243138;2.09297612280873
2016;11;30;20;9.03630383850189;11.8882803103241;56.9387135302225;28.8649609836578;26.0505210077286;1.87825713154069;1.86004950855771
2016;11;30;21;9.46777507929955;12.19016542636;55.7120801595052;30.1901450476646;27.4513311950048;1.79489381409492;1.77553387174917
2016;11;30;22;9.78520472321901;12.7887845717312;53.7494665794372;31.0646165095329;27.8509597606977;1.8501799700682;1.95892472337591
2016;11;30;23;10.1398031218761;13.1376112394059;51.4124935277303;31.7511275272369;28.6497101228714;1.87470500833717;1.95516041974878
2016;12;1;0;22.2976753402262;25.8304538848705;32.334179953893;32.1828509903272;28.6039562727928;2.84438070876014;2.30406634161688
2016;12;1;1;24.808442555582;28.3944995121968;27.3881200211842;31.7984787914912;28.9428048642476;2.89387758109383;2.33881434356621
2016;12;1;2;28.5428869985305;32.0896047343223;20.3584165926774;32.553314324379;29.9777530880928;3.4444885237445;2.31315743542493
2016;12;1;3;22.7123255449272;26.1440522231619;24.9362416370709;28.9181333013535;26.5153191537857;3.58761375393122;2.23816065259346
2016;12;1;4;17.3629349532098;20.7607409242777;27.4116399676005;25.1126029155731;23.4645009041786;2.97103805023055;2.21603768092133
2016;12;1;5;14.6717701809875;17.9935908353915;31.0373133869171;23.4973022463481;22.0284044510523;2.98620710384836;2.1664803117373
2016;12;1;6;11.4465799082081;14.6357293577893;38.1178133869171;21.9348167306264;20.9470270605405;2.85603264747341;2.07995259603959
2016;12;1;7;12.7397109305315;16.0384749238619;31.8683532174428;23.5170870780309;21.8501164922714;3.87925227790687;2.15144283456227
2016;12;1;8;12.1443581708966;15.5337374601199;30.6881065158843;22.3548217018445;21.1312243373394;3.2537468274783;2.21054182722876
2016;12;1;9;11.9931489705124;16.9681022062697;25.6848799165089;27.1301359142939;25.4236429196358;2.87969324503045;3.24464784779779
2016;12;1;10;10.7236884899605;15.9583448646694;32.0075134429931;25.757113623174;24.2549785012881;2.98046572220005;3.41402536572281
2016;12;1;11;12.9052639881696;21.0667431744378;27.348266679128;36.8779407267888;34.8594003998121;2.70939815748132;5.32288940652533
2016;12;1;12;12.7570096509105;19.6930301497888;36.3240866006215;33.3502341624578;32.0609878032048;2.67686013346845;4.52364935256341
2016;12;1;13;10.3158072472533;16.0239405259444;46.6206198031107;30.9401933077494;29.6579829711596;2.77331104395184;3.72282541764004
2016;12;1;14;-999;-999;46.5366666043599;32.4151569309235;31.0576110726356;-999;-999
2016;12;1;15;9.69838675113799;13.6428739338616;46.2936266492207;37.7628857887268;36.3854849539121;1.45149558195123;2.57258133726796
2016;12;1;16;14.9122246758319;18.7583070834939;44.1644134305318;41.2954546377818;38.8438669054667;3.57486834737411;2.50840207236115
2016;12;1;17;19.1203191047459;22.1292282796518;41.0264534479777;37.3254430051168;35.0954291666667;2.98633772616942;1.96240049221115
2016;12;1;18;19.3833831570444;22.6170454618475;40.633473487854;30.0195356116613;27.9571558462143;3.19055769974974;2.10898373121832
2016;12;1;19;18.0512659204187;21.4081853281653;40.7951730766296;27.9042530434926;25.7947384497643;3.50045016340558;2.18937160118204
2016;12;1;20;16.597199379961;19.9313785052451;41.489339805603;28.7008371568044;26.6593339021047;3.09917644894577;2.17454046507803
2016;12;1;21;17.9087292326148;20.9644786243979;37.9753867937723;32.3757553218206;29.8756090631167;2.62789732365033;1.99294952487113
2016;12;1;22;17.1722812480753;19.9835355823568;38.2047066218058;33.9315343051911;31.8052051486333;3.44029777207719;1.83349066676205
2016;12;1;23;18.119806174664;21.0828373552351;35.6322067464192;37.8406830478668;35.3400688238144;3.53885098988749;1.9324790178725
2016;12;2;0;17.2471512956575;20.4604629460661;35.8536867065429;36.300496845754;33.729229735438;-999;2.09571110254155
2016;12;2;1;19.6987288250937;22.9894830037966;35.3035800660451;31.9631278048197;29.3736675708453;-999;2.14621886027323
2016;12;2;2;18.5579906703602;21.8401947284747;35.1150001335144;31.312473282814;29.3421922891481;-999;2.14064250024517
2016;12;2;3;-999;-999;39.062941716512;25.2051549232483;23.8070636563619;-999;-999
2016;12;2;4;-999;-999;35.110846651713;32.0437753026326;30.3248746056239;-999;-999
2016;12;2;5;-999;-999;33.4275333271026;35.5406312616984;33.838633534495;-999;-999
2016;12;2;6;-999;-999;38.5267998504638;22.63365137043;21.5733985565344;-999;-999
2016;12;2;7;-999;-999;39.6557600822448;19.2258263064702;18.8030125161012;-999;-999
2016;12;2;8;-999;-999;31.2659801158905;27.374090901502;26.207198449262;-999;-999
2016;12;2;9;-999;-999;39.9954931538899;20.5108235975901;19.8867537078857;-999;-999
2016;12;2;10;11.0383898300651;16.1968783338812;37.0672532984415;24.8607676705043;23.8595708011309;3.21527469294505;3.36434893528174
2016;12;2;11;11.8765275439445;18.5056762357948;35.451886419932;32.9429714619954;31.5487476283073;3.01061335498206;4.3235085872057
2016;12;2;12;14.0122758281686;21.4023505937248;39.8978198903401;38.6476623806636;36.6463324667931;3.06324219718663;4.81978202544386
2016;12;2;13;13.9423680691269;19.9530291597334;43.2686933034261;38.3763775170008;36.8816857560476;2.56561120221265;3.92013304392587
2016;12;2;14;12.3172027886457;17.3673035463334;48.7367668037414;37.1123386871338;35.6672676808357;2.56695773415023;3.29365881006099
2016;12;2;15;11.3792542777489;14.8797707465183;49.8043132311503;34.5215532821655;33.307821976312;2.61913893537346;2.28302512372146
2016;12;2;16;12.7573866216562;15.5391298615508;51.5774600448608;35.7498792860031;33.3986539815028;2.59194620655891;1.81424362978482
2016;12;2;17;6.61526497272208;9.22569847751932;61.5953468386332;7.24101304988861;5.68077934508721;1.8106929852495;1.70251599397602
2016;12;2;18;4.38649052365556;6.89867321584614;65.2226533482869;5.75967801950773;5.21176035362085;1.58059843935666;1.63843714286697
2016;12;2;19;3.72621578173211;6.84849039678707;67.1947402292887;7.24755198369026;6.65292165700595;1.44280945671616;2.03633705281043
2016;12;2;20;3.19660108046016;5.8640640881355;67.5553801345825;8.17843733269374;7.61358334138393;1.50702591150874;1.73971044485939
2016;12;2;21;2.13793894902685;5.02939729610809;70.0746329345703;7.67526964619954;7.08108299259345;1.80179220943679;1.88579945544472
2016;12;2;22;2.0082677151476;4.71409770415915;70.7701067962646;7.57416665867169;6.97725045878092;1.62119153891918;1.76473326166182
2016;12;2;23;1.98939468289864;4.71594338224713;67.7291669158935;8.45844067881902;7.95108114670118;1.5297773321255;1.77824593519224
2016;12;3;0;2.6426765806237;5.08056008540522;63.7324000498453;9.49780640560786;8.86413182818095;1.71440062190029;1.58997946153899
2016;12;3;1;4.69478141725071;7.41041299396432;60.3856997756958;10.2923786647479;9.74290927504698;1.75141804437556;1.77112582435245
2016;12;3;2;5.987070874619;8.99697688834884;58.2141833146413;11.005632744058;10.2814876743952;1.5741575370979;1.9630506271554
2016;12;3;3;4.08555833633678;6.84330840514595;62.1198915545145;9.92602699168523;9.4580875483036;1.66937147325404;1.79859536391477
2016;12;3;4;2.37292310961729;5.14833495462703;63.7451400299072;9.39301469097137;8.75236413929462;1.6096173351089;1.81011431523386
2016;12;3;5;2.13770522407407;4.81992630962971;63.1760869433085;9.82760662829081;9.10286220756372;1.60739100908048;1.7493356138535
2016;12;3;6;3.17677984880867;5.70424070276496;60.6601000124613;11.5844180530866;10.7451039922714;1.82502168943254;1.64840150883028
2016;12;3;7;3.06850614720237;5.9486112035457;58.4583665669759;12.5436390377363;11.783429040575;1.85758132461729;1.8783948772281
2016;12;3;8;2.78841657511146;5.46137851229799;60.3768798230489;11.5857592892011;10.8183776615143;1.69480963890013;1.74329682828013
2016;12;3;9;2.90585545578405;6.05632742784457;57.8978066965738;12.113909321181;11.4131774549166;1.94455391374164;2.054727274665
2016;12;3;10;2.91372512368753;5.83970183553193;56.1047333831787;10.6365983749072;9.99497750322024;1.90308394616043;1.90831221740061
2016;12;3;11;3.01945464738231;5.93113881120046;59.1816066716512;11.3936133125464;10.830533698225;1.84422116279463;1.89899066541905
2016;12;3;12;4.35752590974201;7.83250807207393;58.8134532610575;15.0128659974416;14.2853701679548;2.32899774899829;2.26637173453343
2016;12;3;13;3.87304357590231;7.47322576408059;61.696286781311;14.6834010358175;14.0307695830822;2.58677822068508;2.34802677231083
2016;12;3;14;3.27695398661921;6.30732522422848;65.3049733632405;11.0267586119811;10.680103144447;3.42477838286346;1.97639797766672
2016;12;3;15;4.93720671198939;8.2281756751133;66.2183337071736;10.0598250479698;9.36050179758866;3.17727255741302;2.14635894195372
2016;12;3;16;5.80221736101994;8.49813061516857;66.7900004984537;14.9144456980069;14.1616153198083;2.42714222920868;1.75826560037832
2016;12;3;17;7.4454335214352;10.2297888762698;65.3301267115275;21.1462803538004;20.257511644125;2.41867721574567;1.81594724240517
2016;12;3;18;4.87237358608175;7.62948872939328;69.4154200897216;13.8329956420422;13.4374892479777;2.59038962862057;1.79818126763048
2016;12;3;19;4.97445403985496;7.55596783507236;66.9905733133951;15.5581180370967;15.037185012881;2.5716668307877;1.68365465619043
2016;12;3;20;2.47554560376881;5.39323847554049;71.6815073445638;10.6565507012049;10.6026086901744;2.56543101536098;1.90290952463351
2016;12;3;21;2.73414817927771;5.53136059999058;69.9847999750773;16.0570939449946;15.3659034207821;1.92811406271081;1.82433257773481
2016;12;3;22;4.45846431125184;7.24953373711917;64.5327338193257;27.55047637043;25.7255169376691;1.89734562002926;1.82032613705887
2016;12;3;23;5.93688054227344;9.13497304912173;59.9358801968892;31.3598628580093;29.6399174876213;2.01241854616228;2.0857852280543
2016;12;4;0;5.0879531308617;8.31395310266101;61.7269933408101;28.0041823934555;26.3571223384857;2.04542785132272;2.10398638328125
2016;12;4;1;3.79685152311129;7.00719255735838;63.4557135925293;24.9323612808863;23.3783959621429;2.19930507023848;2.09377367662454
2016;12;4;2;3.33890885006569;6.31268430125861;64.0161918099721;22.5023684356689;20.970325853157;2.10208214542773;1.93948639520793
2016;12;4;3;3.4469525914397;6.50956442122609;61.7540248473485;22.0578839385986;20.8935068925858;2.16096133503677;1.99742518396633
2016;12;4;4;6.2331301092906;9.20961267356096;55.0972931289672;26.6677114727656;25.2210428874334;2.23054594466279;1.94125196529558
2016;12;4;5;9.9356960611811;13.0643360984852;50.7892134679158;24.7630179091771;23.4494746834119;3.55209217453672;2.04048855989448
2016;12;4;6;10.5776008329852;13.730073915654;48.3813533109029;27.8648975570942;26.5350844222759;3.21268640921393;2.05603239230546
2016;12;4;7;10.5181906101579;14.1782872472395;43.9906266803741;33.4065700039699;32.1354027189386;2.6422409433721;2.38710277533508
2016;12;4;8;15.3687473923311;19.7176477225016;30.066133339564;45.1342751697672;43.6921605652119;2.45759766994081;2.83633823834865
2016;12;4;9;12.55592858674;17.6655408016284;32.7052734006245;41.4748635197344;39.607499800123;3.00933702381549;3.33247198324574
2016;12;4;10;11.8915338517491;18.04453977289;35.8027265370686;44.4418508768082;42.0965855486734;3.90363021871994;4.01296986593234
2016;12;4;11;9.18816933068246;14.1252978412517;45.0137464523315;41.5607202971886;39.5867158919038;3.29437065270071;3.21997868864009
2016;12;4;12;9.19571676625034;14.3287268749886;50.4351069831848;43.6657580626806;41.8165150460879;4.88984097573307;3.34773201129528
2016;12;4;13;7.61640342915079;11.8289933216939;60.8649200274149;30.3745389285171;29.124193982208;14.5371176454834;2.74743702719729
2016;12;4;14;5.54939543518958;9.05433324535563;68.0185931040446;25.2942030170247;24.2782345487627;11.1209982537969;2.28590870778089
2016;12;4;15;5.02031988788565;8.30218072066051;72.8882134679158;22.8277615066937;21.8970039382321;10.0858028244352;2.14041864982754
2016;12;4;16;3.8832001560791;6.34762417540624;76.0999996261596;20.8644326001485;20.0533922542572;9.43106222334198;1.60728909628711
2016;12;4;17;3.82526058513999;6.44020402471995;76.8176863327026;22.4519006692251;21.5993990502357;9.02164224768684;1.7054573583453
2016;12;4;18;3.82894113976073;6.28069562928649;75.5325801595052;24.3720864629364;23.30083382164;8.49222894067577;1.59902607135911
2016;12;4;19;4.65506430242227;7.50193560938707;71.4600268859863;29.3146651904033;28.0967031675852;5.07955446385275;1.8567199371261
2016;12;4;20;5.58515707790457;8.47356449405664;66.2023269233703;36.4644229293236;35.0628314026319;3.08573215374994;1.88380964850504
2016;12;4;21;6.59014956025614;9.47411584185925;61.0765998255411;40.9202724496347;39.2129927291164;2.41532599281371;1.88091315541793
2016;12;4;22;5.5535224302457;8.86708721922838;61.6417330093383;34.7286708464529;33.4111180195154;2.40284448919839;2.16109586394425
2016;12;4;23;4.21026086702613;6.73509037536695;62.0370003738403;29.8870702427647;28.6830947910777;2.36493729534871;1.64668535402772
2016;12;5;0;4.31359876219418;7.42341919671959;60.8884401919047;32.0755926784441;30.9894520977619;2.27439450290865;2.02821447795669
2016;12;5;1;5.0017824234564;8.12897145294312;59.1116997756958;39.1860400797037;37.8111782127527;2.09553025966721;2.03954221745289
2016;12;5;2;3.75179465003161;6.58831447212458;59.9287748940785;29.5311645353635;28.5337215603987;2.11337890433744;1.84996873334202
2016;12;5;3;4.22915326425205;7.29131325107206;54.0524501339594;35.5156587005471;34.5031268755715;1.84262195513496;1.99713049349611
2016;12;5;4;6.78048190799303;9.75260152793553;47.3556198654174;44.5756849104563;43.0474791666667;1.9594969787686;1.93840646760894
2016;12;5;5;9.42260531103632;12.7890188452753;43.1161397806803;48.4960670332591;46.8121246323903;1.8475379149346;2.19556363870085
2016;12;5;6;4.79451640549393;8.00245303761864;49.4087198778788;39.2024712872823;38.1256498900096;1.84531222100643;2.09220553360854
2016;12;5;7;5.14679220315427;8.20373735477139;45.8000330467224;42.6076140069326;41.5046803418477;1.83951784903098;1.9937293954323
2016;12;5;8;4.66898408725666;7.96929174903528;47.7580733133951;40.1105542711894;38.8251265239716;1.93810623096658;2.15244960995708
2016;12;5;9;5.01933810689325;8.01423465692671;52.1419400672912;38.0891648508708;36.5558376288096;2.23163368738918;1.9532615051735
2016;12;5;10;8.09552255425838;11.7135415683664;44.8030467389424;45.5768229455312;43.8843860592524;2.00101420740981;2.35965989047737
2016;12;5;11;6.77430016581496;9.83904978879005;48.7367664299011;41.4623280939652;40.0121849100145;3.00114859639724;1.99881944552821
2016;12;5;12;6.4342279462821;9.81636612262623;51.1106533482869;42.9394260997772;41.193182764562;10.3420204981983;2.20581919764704
2016;12;5;13;9.10768009261011;12.7001707721298;55.6565469258626;49.8341237158048;46.7369598208282;51.7215925035178;2.34301039610931
2016;12;5;14;11.5511239227428;15.5739010771596;59.8179532610575;47.1671410614014;43.754046898524;78.5718476913716;2.62364179474777
2016;12;5;15;18.2494671809982;23.0258675411338;56.1169402406926;51.9228982691084;48.1116352566992;66.2860727388016;3.11515232692944
2016;12;5;16;16.7789221138624;20.2841662047401;56.27100684611;57.72376951828;53.9200083521525;61.114582870498;2.28610846303579
2016;12;5;17;16.745206594288;19.8201393438972;53.4237801221211;61.9903835252126;57.4972489724477;47.1438891559529;2.00546084663318
2016;12;5;18;17.1905710080449;20.236167871267;49.5142331339518;68.0661206991831;63.7775112980525;36.5643318837191;1.98632807972695
2016;12;5;19;19.5987207152292;23.1640198756718;44.5492267862955;71.6930860913595;67.2819844708761;29.5758187032506;2.32527617838493
2016;12;5;20;18.3434096823313;21.7146740628359;43.1288800722758;73.530544006602;69.4273497611999;23.7836924661368;2.19872734439812
2016;12;5;21;18.6465892407068;22.2917226794657;40.6886799227396;74.7952544459025;70.7629901426951;19.8830168687141;2.37734382747509
2016;12;5;22;19.1100469853993;22.4806375622698;38.0805733133951;77.4324828216553;73.857536968867;17.8684694547346;2.19828789192337
2016;12;5;23;19.5721996600316;23.0976456303711;36.5187800598144;79.5715741856893;75.7942236048381;16.2504964001811;2.29928406119944
2016;12;6;0;18.0028209796151;21.3454497465455;36.2175931663513;80.1610907587687;76.2946454657237;15.0407066694163;2.18005129307647
2016;12;6;1;17.3514801637424;21.2300013006406;35.8393133557637;79.5222802726746;76.2831651803335;13.9799065107885;2.52955850298745
2016;12;6;2;16.2134822407321;19.8103621925071;36.0318832461039;76.7591338106791;73.6017536058426;14.5030502613041;2.34587306478214
2016;12;6;3;17.2130120084095;20.5395179438673;32.7092748785018;69.7449662189484;66.4991043866475;16.0673695466943;2.16953603635766
2016;12;6;4;26.9853543623056;30.9956452649412;19.8395066903432;58.6956723273537;56.4962359128779;11.2239358127654;2.61549830313107
2016;12;6;5;26.9970691129417;30.9514426227207;17.2572065594991;55.8877214348892;54.275740002665;9.61033312086509;2.57902916668112
2016;12;6;6;27.2582786368808;31.2631793774242;14.8130866785049;52.1563285254117;50.676620870064;8.00786899632239;2.61198285745692
2016;12;6;7;25.1214847919675;28.7630339630168;13.8477867034276;42.5238042884554;41.3721098076275;6.76006402474161;2.37500618007246
2016;12;6;8;22.2600506767901;26.4660020081161;16.2664267489115;39.3955589612814;38.524564035489;6.22205313799801;2.74310737979265
2016;12;6;9;18.5456856857516;26.290691978759;20.1475471698113;37.3732674238916;36.588164150986;6.97189348033626;5.05126717959217
2016;12;6;10;17.6755197047023;30.6483297875567;20.9158733196258;43.7339983589172;42.0324532491048;7.42446679488605;8.4608233124056
2016;12;6;11;15.4612688786807;26.9199491375276;25.0433066965739;52.4687604985555;50.7709286890666;6.65534641535759;7.47331290940488
2016;12;6;12;15.4490422429987;26.1228113111572;29.8123135115305;63.5042460018158;61.4243122800191;5.42579199401396;6.96139645815568
2016;12;6;13;15.7668182747834;24.7648073350447;35.8644667040507;60.5060306096395;59.0562556529999;4.6285450385288;5.86845834631064
2016;12;6;14;16.1477550654057;23.2336188008796;39.4956934903462;54.527036790212;52.9723465120951;4.36578104121992;4.62137660990373
2016;12;6;15;17.2944823306373;22.6578237903131;41.8881997756958;50.8553045566559;49.1204143083572;4.09542869983287;3.49795334739312
2016;12;6;16;13.8689823680836;17.6308250649023;50.794113330841;45.193704062144;44.1285191082001;4.04547635430134;2.45346121492304
2016;12;6;17;12.4817129550326;15.3249799384598;53.8497532984415;46.1455481842041;45.2710141151428;4.47782283162653;1.85436920937962
2016;12;6;18;13.1250870110047;15.9669769340544;52.871059870402;50.4456951407115;49.3041047998428;4.64559839003549;1.85347109521075
2016;12;6;19;21.2870225142978;24.6846687378674;37.8809799601236;62.0648275661468;60.433767079862;3.2491200843094;2.21593349413775
2016;12;6;20;23.0024678560454;26.6216958176998;31.6498132311503;61.8624538406372;61.6346784690857;2.74630111492528;2.36044836202039
2016;12;6;21;23.5212200301551;27.0769439856463;24.554286781311;53.8406096717834;54.2510903359095;1.89234070979137;2.31903126176648
2016;12;6;22;16.8603317060251;19.7929568944481;32.8574999376932;31.768634305191;32.1735994124095;1.79597253677657;1.91264833157086
2016;12;6;23;21.7072776320883;25.7724863851039;19.2162267707188;55.9024065643311;56.3135580757141;1.81337762415826;2.65131554132346
2016;12;7;0;22.5725083945546;26.5568219342703;16.2879867750803;61.7995784568787;62.146581452624;1.77501085438763;2.59855595398823
2016;12;7;1;19.1662271142303;22.9911016215454;23.6396199588775;52.5701994586945;53.0091523127238;1.72147362488446;2.49457035074373
2016;12;7;2;16.9884271108971;20.3723798604204;26.3752082943916;49.4901625233968;49.8818525515238;1.75851021071303;2.20700265620059
2016;12;7;3;13.9804335157059;17.7033068516546;30.9281250389417;45.3016815643311;45.7835922542572;1.83380885196809;2.428045528205
2016;12;7;4;14.7471873899199;18.1862004436944;27.1816666355133;45.1140623315175;45.6331617568334;1.82321599209802;2.24291280233096
2016;12;7;5;16.380537339023;19.8000900151195;23.3972333208719;43.2608432609558;43.7868002843857;1.64652936315476;2.23022080914871
2016;12;7;6;18.3012149027925;22.1009312784765;20.9197934093475;45.0216782182058;45.3562748711904;1.73934085259441;2.47816230150521
2016;12;7;7;17.5424068579471;21.0705871333153;23.4726931476593;42.7873522463481;43.2330270927429;1.69695649790684;2.30106736578667
2016;12;7;8;16.500369194645;20.4757124223193;26.6358065719604;41.3667127152761;41.7375014595667;1.88659449468392;2.59270554650093
2016;12;7;9;13.9930588301921;19.4851870916914;30.4029267177581;39.4224501279195;39.7727878165881;2.43542483269749;3.58194766845692
2016;12;7;10;13.619447214756;22.5114942871503;26.9049798978169;45.0119537446976;45.1825456777573;2.42918610429364;5.79936333644129
2016;12;7;11;15.7428608219362;27.1038915544546;24.4922199401855;56.2776446461995;55.6800956589381;2.43320936978503;7.40962621519374
2016;12;7;12;16.4730595943478;26.3834032049104;32.9695464274088;55.5764629071554;55.2975191349665;2.14050572515389;6.46349293011065
2016;12;7;13;12.4620948220207;18.6628848421083;44.5175400797526;36.5627275021871;36.674358378919;2.25340288240424;4.04413449531869
2016;12;7;14;12.1744388768101;17.1599771523742;47.5917999127705;35.8548387830734;35.9922716864904;2.31811032391035;3.25155137532867
2016;12;7;15;9.94043673676776;14.131246894269;53.7458734130859;27.7099274062475;28.0363386241595;2.3350738815595;2.73323235690589
2016;12;7;16;10.0216145430916;13.3961071837846;53.342766679128;28.3886419692993;28.6270865180333;2.15436324048287;2.20083280488717
2016;12;7;17;11.450938785239;14.4553378028205;53.4126730766296;30.0421707139969;30.2732114858309;2.49795901444011;1.95945898270087
2016;12;7;18;13.896181369015;16.9702873621128;48.1249197158813;35.4264505264918;35.3819392573357;3.01290641369762;2.00492163880389
2016;12;7;19;21.451063353675;25.3604247403183;36.3681867376963;47.0908526769002;46.2848580113093;2.48592660859241;2.54967241064025
2016;12;7;20;28.3496565148066;32.6199683734958;18.9970332336425;55.9272213512421;55.0690879131953;1.91788826942571;2.78508310030616
2016;12;7;21;26.0706504291376;30.4654210794757;14.6415866317749;57.2133920800527;56.8516302130381;1.39535893541932;2.86625470762115
2016;12;7;22;25.3683989072827;29.7744923838971;12.1318066654205;66.1703132565816;54.9549564793905;1.48371478365902;2.87363941701786
2016;12;7;23;23.6553780219499;27.3412934917238;11.3945200242996;61.9471253026326;51.340741382281;1.41589032354313;2.40394173159412
2016;12;8;0;21.7449291937213;25.6872398005042;11.7463400236765;53.3491783929189;44.2725337921143;1.49487628747884;2.571161781725
2016;12;8;1;23.7821297517662;27.7750649297931;9.81181995264689;46.5878528687795;38.6964752521833;1.48684659102056;2.60417895763569
2016;12;8;2;28.0906227873509;32.3847775925452;7.28235829750696;37.4304024702072;29.5907870223999;1.48684928752421;2.80063339020785
2016;12;8;3;28.7980175953323;32.8087919622027;7.6694584151109;23.9191517530123;23.3196417444547;1.46141632986105;2.6158136168867
2016;12;8;4;36.1475244481458;43.2730813796162;4.02492000015576;15.7282996014277;16.3105260624727;1.55200672933786;4.64726437946835
2016;12;8;5;31.8910726482911;36.745764216433;6.51281335576375;13.6877963512421;14.2725388307571;1.22490936123226;3.16621359072856
2016;12;8;6;28.2826912957125;32.5233351602055;9.42341336043676;14.6958083573182;15.2853700016101;1.39270104618135;2.76573373379848
2016;12;8;7;22.1879204073407;26.2487380439228;12.6244199962615;12.8801460086346;13.4601128568411;1.5060515508042;2.64845166988382
2016;12;8;8;20.0981638971292;24.1347397586749;12.7371200523376;14.9675960006396;15.559893013525;1.43688467327305;2.63264126534909
2016;12;8;9;17.0275061605509;22.9634819753495;15.4690332024892;12.8067080147108;13.3858261885643;1.28292794657661;3.87142355703649
2016;12;8;10;18.9540030887015;46.2661119305355;17.8037200180689;11.6120830147107;12.1842393539429;1.96392296869795;17.8128659653594
2016;12;8;11;12.5823565023299;20.2005889821228;20.7215065657297;12.292977262338;12.8572089504083;1.47348585621312;4.96858572296117
2016;12;8;12;12.1499228908787;19.4954004262312;22.9238933283487;10.5359983509223;11.0826018780947;1.35121109486203;4.79069586118438
2016;12;8;13;12.358972843675;19.9228642728409;24.2854400049845;10.6122866394838;11.1742783188422;1.58014891547993;4.93314467163695
2016;12;8;14;14.4397169356857;21.320009809104;24.2792332897186;11.771198621575;12.3383841167529;1.4427005052394;4.48730398177437
2016;12;8;15;16.8162434726905;22.6349019720677;23.2672199713389;11.3842240281423;11.9526000161012;1.44136423881681;3.79490959661265
2016;12;8;16;21.1638321452309;26.6771112294995;20.2925934467315;11.3929426225344;11.9566519639333;1.47662248694035;3.59574216426935
2016;12;8;17;23.4432544969446;28.9675566343165;17.6345065813064;13.1646763384501;13.7424021866321;1.51946766876091;3.60293136260603
2016;12;8;18;20.0819241896275;23.7571801358659;20.8779800847371;14.6314243947347;15.222564053456;1.62211497866323;2.39698962602476
2016;12;8;19;16.8113990592841;20.3361318116052;23.8297400423685;11.815462731266;12.3890342536132;1.38201823920457;2.29881890279525
2016;12;8;20;16.6624255596737;19.9107074340395;22.7514131813049;12.4958539673805;13.0717961660226;1.46458325790381;2.11851856555136
2016;12;8;21;16.4114509138268;20.016952126785;20.4376332149505;12.0475133045514;12.6183098062833;1.3498898582192;2.35149582246804
2016;12;8;22;16.4651463995127;19.96526800383;18.7448466828664;12.6916887031237;13.2686559106191;1.30927914746053;2.28276759444751
2016;12;8;23;15.2742040844302;18.7845948489012;16.6767199401855;14.918302055645;15.5080612336477;1.21109644553371;2.28946510632604
2016;12;9;0;15.7736523337069;18.9859819838321;15.0639667040507;16.5548963192622;17.1580692637761;1.44183234770539;2.09507064524379
2016;12;9;1;14.6841476096507;18.0634736680507;13.4757133277257;15.5054706020673;16.1010037534714;1.33873983572483;2.20398514373681
2016;12;9;2;13.5727631810678;16.8870646222025;12.2607583590348;19.2197903761864;19.8376231621583;1.38471075008429;2.16157630601198
2016;12;9;3;15.651355676411;19.5495546221303;12.5943667149543;26.5010506052653;27.1609378487905;1.54805964196188;2.54239230403344
2016;12;9;4;19.2436162137995;23.0665391295607;17.6100066436131;30.0477036167781;30.7229834433238;1.77032260483095;2.49329752926475
2016;12;9;5;20.4038045481625;23.9245033460153;23.9845800348917;26.6175789194107;27.2180034690857;1.94483284559925;2.29618797119379
2016;12;9;6;24.0222477063312;27.6675490760482;23.9120601196289;24.8359530434926;24.8533239724477;2.40498431707625;2.37745335148386
2016;12;9;7;23.9548458023558;27.5844117840584;25.5881866442362;22.7196642284393;22.5045144639333;3.77294040382564;2.36719078409163
2016;12;9;8;26.0003160203311;30.2543309726341;25.9961932411193;19.5145482469877;18.9623910951773;6.02595095433299;2.77445431251143
2016;12;9;9;22.748262026184;29.926710815304;31.5906866753896;17.8824809110959;17.1914983204524;7.70145328657952;4.68176027198362
2016;12;9;10;18.0150338355575;26.0995659987511;40.6305333894093;16.8944213512421;16.2401223840713;6.95613631330239;5.27270481563934
2016;12;9;11;19.9458560242019;30.5820419002175;35.8853733507792;19.2607009558678;18.4216180779298;6.53305563122836;6.93688482604155
2016;12;9;12;17.8079659740623;27.5864410283691;39.6306065781911;33.4692771663984;32.6069949184895;4.6424540101794;6.37748869912168
2016;12;9;13;16.7610438529642;26.8822052064128;34.5313400548299;45.5597208099365;44.9872055806478;3.04774798779677;6.60098755635479
2016;12;9;14;17.4893060753986;24.7802296391819;43.8633154646016;37.9830317562103;37.3174447413762;3.25708896051848;4.7551159435344
2016;12;9;15;13.2681240811952;18.0843554136522;58.2326401545206;27.5422605317116;27.1055605682691;2.25553122516218;3.14112995375201
2016;12;9;16;13.2036945512469;16.816922486092;53.1222665545145;31.836272369902;31.3554989358934;2.4787059205653;2.35653516461916
2016;12;9;17;13.2178397889127;16.2540023820996;52.7384334704081;31.877023787353;31.4688178157483;2.70322139362421;1.98017508038913
2016;12;9;18;12.9984017541087;16.1427787952449;52.3287935028076;34.3468272962738;33.9638461099926;2.69608925133848;2.05075218111757
2016;12;9;19;12.5942296392299;15.5628854268781;51.4889334081014;36.582176832962;36.2595349484762;2.66931794787059;1.93614736778103
2016;12;9;20;12.5397593392036;15.5769039520048;53.1013600947062;38.8339400895437;38.190988436381;2.32117840046306;1.9808155502945
2016;12;9;21;12.9725137061439;16.1559062689065;53.0490933532714;38.6131400894297;37.9379710043545;-999;2.07619797372645
2016;12;9;22;17.9733659097706;21.2166970488966;45.9401730766296;35.0567452834447;32.9066737148285;-999;2.1152897125994
2016;12;9;23;23.1639294056635;26.8567048877413;35.9964401295979;33.7895206500371;31.7368278225263;-999;2.40841580865639
2016;12;10;0;-999;-999;32.7843266118367;28.2152747133573;26.4113178874334;-999;-999
2016;12;10;1;-999;-999;30.9827601445515;25.199957265536;23.3696163956642;-999;-999
2016;12;10;2;-999;-999;29.4455855456265;27.4580920041865;25.8522493443923;-999;-999
2016;12;10;3;-999;-999;25.9645754556488;29.8637733050564;27.585855983366;-999;-999
2016;12;10;4;-999;-999;24.8277066841125;30.0129966218948;27.8580506009738;-999;-999
2016;12;10;5;-999;-999;30.8217132498423;24.4268463512421;22.9352083977381;-999;-999
2016;12;10;6;-999;-999;24.6901799850463;21.5842255413055;20.4234748256047;-999;-999
2016;12;10;7;-999;-999;26.0700198218027;19.0561476417224;18.0250285173893;-999;-999
2016;12;10;8;-999;-999;27.0509999376932;19.7958928771973;18.6525818737666;-999;-999
2016;12;10;9;-999;-999;30.1004332834879;17.3513128420194;16.6000752549013;-999;-999
2016;12;10;10;-999;-999;32.1861999314626;21.1050342732112;19.9271047676404;-999;-999
2016;12;10;11;-999;-999;31.7621866130828;32.7261786807378;31.5497603777727;-999;-999
2016;12;10;12;-999;-999;33.8263933906555;42.736367469335;41.3792196759369;-999;-999
2016;12;10;13;-999;-999;39.1291734504699;54.2418705573246;52.6884735106106;-999;-999
2016;12;10;14;-999;-999;-999;42.0925236762838;40.5416154868755;-999;-999
2016;12;10;15;-999;-999;-999;-999;-999;-999;-999
2016;12;10;16;-999;-999;-999;46.7289868886519;45.5966041762683;-999;-999
2016;12;10;17;-999;-999;-999;49.4605954537227;48.6216283139854;-999;-999
2016;12;10;18;-999;-999;-999;52.7430637510935;51.8279945213954;-999;-999
2016;12;10;19;-999;-999;-999;53.3604122847239;52.2549737792333;-999;-999
2016;12;10;20;-999;-999;-999;57.0819416027069;55.7641743291855;-999;-999
2016;12;10;21;-999;-999;-999;56.1835835720062;55.0208013763428;-999;-999
2016;12;10;22;-999;-999;-999;56.0955585080465;55.1013349484761;-999;-999
2016;12;10;23;-999;-999;-999;56.587325255839;55.4363004131953;-999;-999
2016;12;11;0;-999;-999;-999;54.0994873018901;52.1116343797048;-999;-999
2016;12;11;1;-999;-999;-999;53.0086476896922;50.8605794698715;-999;-999
2016;12;11;2;-999;-999;-999;54.7547282821655;52.3255462465286;-999;-999
2016;12;11;3;-999;-999;-999;48.4838275661469;46.6334994500478;-999;-999
2016;12;11;4;-999;-999;-999;-999;-999;-999;-999
2016;12;11;5;-999;-999;-999;-999;-999;-999;-999
2016;12;11;6;-999;-999;-999;-999;-999;-999;-999
2016;12;11;7;-999;-999;-999;-999;-999;-999;-999
2016;12;11;8;-999;-999;-999;-999;-999;-999;-999
2016;12;11;9;-999;-999;-999;-999;-999;-999;-999
2016;12;11;10;-999;-999;-999;-999;-999;-999;-999
2016;12;11;11;-999;-999;-999;-999;-999;-999;-999
2016;12;11;12;-999;-999;-999;-999;-999;-999;-999
2016;12;11;13;-999;-999;-999;-999;-999;-999;-999
2016;12;11;14;-999;-999;-999;-999;-999;-999;-999
2016;12;11;15;-999;-999;-999;-999;-999;-999;-999
2016;12;11;16;-999;-999;-999;-999;-999;-999;-999
2016;12;11;17;-999;-999;-999;-999;-999;-999;-999
2016;12;11;18;-999;-999;-999;-999;-999;-999;-999
2016;12;11;19;-999;-999;-999;-999;-999;-999;-999
2016;12;11;20;-999;-999;-999;-999;-999;-999;-999
2016;12;11;21;-999;-999;-999;-999;-999;-999;-999
2016;12;11;22;-999;-999;-999;-999;-999;-999;-999
2016;12;11;23;-999;-999;-999;-999;-999;-999;-999
2016;12;12;0;-999;-999;-999;-999;-999;-999;-999
2016;12;12;1;-999;-999;-999;-999;-999;-999;-999
2016;12;12;2;-999;-999;-999;-999;-999;-999;-999
2016;12;12;3;-999;-999;-999;-999;-999;-999;-999
2016;12;12;4;-999;-999;-999;-999;-999;-999;-999
2016;12;12;5;-999;-999;-999;-999;-999;-999;-999
2016;12;12;6;-999;-999;-999;-999;-999;-999;-999
2016;12;12;7;-999;-999;-999;-999;-999;-999;-999
2016;12;12;8;-999;-999;-999;-999;-999;-999;-999
2016;12;12;9;5.50539821703908;9.72367534547272;44.3275476505445;25.1190981373994;25.1889865267795;3.32370840696301;2.75114622340834
2016;12;12;10;5.97876849384914;11.3834849624029;40.2476800785064;28.463589117686;28.2171593019168;3.67049133424231;3.52493798968964
2016;12;12;11;8.85016379364511;15.9154516549407;37.0133535912831;35.8996057843526;35.6500466731071;3.2311515123004;4.60795709363785
2016;12;12;12;10.2122516730739;17.2134530973691;42.2916333084106;39.130374537468;38.9009325257619;2.87396353716217;4.5661601339415
2016;12;12;13;8.51550748824568;13.5302170942085;49.9408599700927;32.7310409974416;32.5630978750547;2.62616416396034;3.27057681937009
2016;12;12;14;9.45246939264962;14.0148000616284;58.7667399177551;14.5841423678716;14.3258901776155;2.33903875828928;2.9755367909082
2016;12;12;15;8.91886129190675;12.9366849724575;66.1167407900492;9.92770365675291;9.80622177504698;2.11403775895313;2.62041115567304
2016;12;12;16;9.28938002974029;12.7035560686495;62.0131536598205;7.14628133365313;6.75692299178839;1.84033249466402;2.22671418437227
2016;12;12;17;8.90973458788907;11.8239779686135;60.5963998006184;4.26560031062762;3.91579565088749;2.06359417999719;1.90065977811893
2016;12;12;18;5.27333177274741;8.5765188488784;63.6350535227457;3.72051598544915;3.88270433301131;2.32302497158;2.15432755435949
2016;12;12;19;6.9301467412863;10.0140866275936;61.7580268859863;2.8986139877677;3.10303199251294;2.89725362374839;2.01133527103826
2016;12;12;20;5.12469214373379;8.32132769158809;61.2866463152567;3.94552466738621;3.86936651642323;2.05289495450739;2.08483500427527
2016;12;12;21;5.07164079217385;8.11877497737644;60.0841868934631;6.02727400815487;5.98045849162737;2.06093788519249;1.98733071597679
2016;12;12;22;4.90704709140695;8.08097650608526;59.0927532361348;5.94930900655588;5.99244566296339;2.00825411388182;2.07002614022168
2016;12;12;23;4.9037452726461;7.67313894079426;48.91381970342;8.24751602942149;8.52730935555299;1.66309361851626;1.80618928042927
2016;12;13;0;3.76273093705032;6.72388033916455;48.8765800348917;6.9112126832962;7.27152703638871;1.56753957085613;1.93125172826174
2016;12;13;1;2.65999579705502;5.51044235252435;52.1324665171305;5.71943801790873;6.16026596908569;1.54432316615882;1.8590517022334
2016;12;13;2;2.85486750834934;5.82043544560709;49.8905532735188;6.92043433717092;7.3481773127238;1.73097794741507;1.93413348209226
2016;12;13;3;2.09669054893446;5.27638998953509;51.6594535725911;8.10852029143969;8.52578981272379;1.69481194927556;2.07378933181432
2016;12;13;4;1.11727125915473;3.29728436586054;59.746086382548;7.72154568201701;8.13679786972205;1.56130068231204;1.42179725107853
2016;12;13;5;0.352371205591069;3.08512573462909;61.3836669782002;6.83643334932327;7.18795449130535;1.54254890008742;1.7822933565431
2016;12;13;6;0.328329379576992;2.87814779021559;61.5982866566975;6.17649733908971;6.57610250322024;1.56845172567728;1.66298303246147
2016;12;13;7;-0.192432217600225;2.73312738962878;63.1019333457946;6.48762986530692;6.86665320265495;1.52246001193156;1.90804018316661
2016;12;13;8;0.113056181879405;2.89246321545671;65.3605063476562;6.44380915189194;6.76071744682021;1.61891783494133;1.81271996384461
2016;12;13;9;3.41822576859638;6.42488631769422;57.9807798728942;10.0389802879237;9.25269748546309;1.86586467068685;1.96093394598588
2016;12;13;10;3.86976770029111;7.11632764902917;55.970800037384;11.8296663991043;10.8126132198061;1.75690980895315;2.11739553142069
2016;12;13;11;2.21616870638563;5.25544942694309;56.5996334330241;11.453135006396;11.1805252065976;1.66849569711407;1.98220871262299
2016;12;13;12;1.93513903664928;5.56245267882745;58.8925067214965;12.2681626832962;11.9363919671535;1.377789455372;2.36572181579298
2016;12;13;13;3.14654402979635;7.18792522866489;60.5944400049845;13.6118433077494;13.2701753004869;2.66701655343915;2.63577529026625
2016;12;13;14;6.24822510239137;10.9736963671099;60.1126067962646;16.8977746174176;15.9608720674833;4.36486125986618;3.08193654137236
2016;12;13;15;10.1520324290037;14.8352476029321;56.7329133059183;16.5859146909714;15.0370161756833;2.65676263985554;3.05437726040208
2016;12;13;16;20.1967661483502;25.3075656808073;45.4478868560791;22.0230093371709;19.807739670531;2.66347044264391;3.33324634778981
2016;12;13;17;25.5517897660448;28.9066958048728;40.1121133931477;24.4196366794586;21.7012054652214;3.15962176478749;2.18805848871258
2016;12;13;18;21.5288612315853;25.0946316558704;40.2656465021769;30.9728883845011;27.91022010355;3.34362003636864;2.32558353508557
2016;12;13;19;15.8429594269935;19.5339441424542;43.2915601196289;30.8659169373194;28.7851143995285;2.74030885339583;2.40724787666291
2016;12;13;20;11.5250164428769;14.7505549323661;48.1964597333272;26.9453673358917;25.7910241924286;2.61348988535242;2.10368540606328
2016;12;13;21;11.0563457263605;14.4077849458028;48.0167933781941;27.942480895106;26.65089239645;2.61885805076195;2.1857974407137
2016;12;13;22;11.3511341999578;14.4266462791075;48.2333734753926;26.3226533781052;25.3912267895381;3.57634255284121;2.00583868342033
2016;12;13;23;11.1886395347138;14.0876237602315;47.347126586914;27.9620979603449;27.3564468153;4.57447806956728;1.89070780816975
2016;12;14;0;12.9181866606093;16.2262484235233;43.4003401794433;30.0482065643311;29.272029735438;4.00866826903269;2.15750680876241
2016;12;14;1;15.8087129532832;19.3941097813509;38.0776334953308;32.7868739322027;31.9512460721334;3.66391649288893;2.33838380993745
2016;12;14;2;18.5147361012404;22.7293499681027;32.2254003302256;36.7429692328135;35.759619566981;3.2084044991007;2.74875705647345
2016;12;14;3;21.8440469872155;25.1819975255016;28.3654248348871;39.244723422877;37.8491008719762;2.86733096526635;2.17700016801401
2016;12;14;4;22.4389217814137;26.4696368381648;25.770466735204;40.2282560230255;38.3157560017904;3.85599797047382;2.62881886807982
2016;12;14;5;24.2858746798997;28.2071697290993;24.2315400174458;40.8878563724518;39.0528825901667;3.71533419120468;2.55745550541422
2016;12;14;6;24.7674287489119;28.5679354661388;23.0107865943908;41.9973069309235;40.3890295154572;4.14051564790564;2.47867775961398
2016;12;14;7;22.4033311385159;26.2840498516404;23.5053598454793;42.4917559590658;40.8649706589381;3.82656873895359;2.53099175484636
2016;12;14;8;21.6742768303713;25.7398486500524;22.2656599140167;43.7053275021871;42.0768564982096;3.3741697267116;2.6515523321874
2016;12;14;9;20.1458678008429;26.6450846320206;23.2551331837972;45.4269286487579;43.7508389595667;2.9056882709271;4.23876746259337
2016;12;14;10;17.7762894786736;27.0897490093419;22.6798732884724;48.7318063896179;45.9976727328618;3.21296908968221;6.07420713114191
2016;12;14;11;18.3052978589275;29.2731153833937;27.2515733445485;57.9999166666667;53.2163110780716;3.5144461968887;7.15317387709698
2016;12;14;12;16.2625751890989;25.1665112829001;37.8398199526469;54.2701716538747;48.1592460077286;3.12992176323797;5.80711731640696
2016;12;14;13;15.2389743766454;21.7941440204963;42.239366317749;48.4958992028554;43.6817857372284;2.92002170605113;4.27525969972912
2016;12;14;14;13.3067323062598;19.0722197008733;48.1984200274149;40.7555676385244;39.4474461365382;2.43053337091791;3.76023158006437
2016;12;14;15;14.6587508519817;19.8276494353633;50.9816198654174;44.3934313256582;42.8619313049952;2.4863698210668;3.37113835432889
2016;12;14;16;17.9218434293555;22.0902063263007;49.9611133931478;48.0827685464223;46.5288224484762;3.04823559763444;2.71859232870847
2016;12;14;17;18.9246721304337;22.344120299329;48.6645733133951;50.4492159974416;48.6826294698715;2.85574937442031;2.23015264990194
2016;12;14;18;19.9358582312784;23.2571573627633;45.6958267987569;52.5485702514648;50.6689535978953;3.07728894790133;2.16614017623522
2016;12;14;19;18.6166237968423;21.9764813895435;44.2712332585652;48.4204492028554;46.6177975584666;2.83701074429494;2.19128787557449
2016;12;14;20;18.264245156344;21.0882328896365;42.3951868311564;47.4764859462738;45.1573892251333;2.59494328857177;1.84179534697477
2016;12;14;21;17.159389812894;20.5137177798786;42.1139267489115;47.8993413000743;46.3125468608856;2.7427898687089;2.18768147219134
2016;12;14;22;17.6786514367641;20.9926783389739;39.7485334828694;52.2113925106049;50.6416025515238;2.64453778657607;2.16139725264412
2016;12;14;23;16.8454247325929;20.5176528362419;37.4703600323995;53.3033872786628;51.4412158486402;2.45874291229041;2.39501487722298
2016;12;15;0;17.850222896385;21.3760661344129;35.4495997632344;51.3976658038435;49.7822118813745;2.93800372750038;2.29954315785605
2016;12;15;1;20.3786725702244;23.7105744615647;31.3515665918986;50.8083941725322;49.1282529206276;3.33821252509005;2.17305526072247
2016;12;15;2;17.9328733514341;21.7029479910902;30.8211417102813;52.8480405327369;51.3280845832167;2.83842124394351;2.45883006048695
2016;12;15;3;17.816815005194;21.1359558451627;34.5553499968846;49.5997011773997;47.6175352987092;3.00548012568175;2.16473254573269
2016;12;15;4;16.1412750368102;19.6691718292424;35.3483332087198;47.2798131458282;45.2073636831283;2.86479405668772;2.30088247916473
2016;12;15;5;14.2145258876677;17.9608533136096;36.5194333457946;42.5370262916565;41.1577275327047;2.73214652786467;2.4433422071912
2016;12;15;6;14.812614932236;17.9105246575122;31.6187802155812;36.9000728815715;36.2061836499214;2.7066961621184;2.02044635325279
2016;12;15;7;15.875017088946;19.1069335329046;24.0388066342671;28.675184305191;28.5465529781024;2.55483948525246;2.10784508661946
2016;12;15;8;16.3471128840391;20.0810590455988;20.4069267177581;25.5208712872823;25.5495924742381;2.59862143553525;2.43526718800462
2016;12;15;9;16.145993423475;20.0949740901639;20.5529465707143;29.0259430051168;29.1820415056546;2.41817569904335;2.5755119724692
2016;12;15;10;15.2245719646935;20.0988403389558;20.9191399676005;34.0802548124949;33.7386843608856;2.19306077721778;3.17898151815119
2016;12;15;11;16.7483633791467;23.2113735825286;20.225300037384;45.3186161253611;44.7326045610428;2.25604846633649;4.2151536211387
2016;12;15;12;15.1163539033632;20.5162916658719;24.5078999252319;41.1093444714864;40.7992945025762;2.4780536054635;3.52182133360265
2016;12;15;13;13.5917988396611;18.6961112433418;25.9406598828633;35.4559594799042;35.3363543410619;2.30877043081932;3.32901546411597
2016;12;15;14;15.3406221169371;19.6826071998407;24.7515932598114;37.288723836263;36.8992445025762;2.27706306553443;2.83182813722843
2016;12;15;15;14.982008719182;18.9934710852756;24.8175799102783;36.7265375233968;35.8796599484762;2.21542779101657;2.61626232767716
2016;12;15;16;17.4472031352173;21.7644348824514;23.1434132436116;38.7375316282908;36.7807234304428;2.31593871505187;2.81568409456119
2016;12;15;17;16.3870172734703;19.8700734093488;24.0254134305318;37.864826832962;34.0223244768143;1.98762956745056;2.27163755305463
2016;12;15;18;15.7179291959929;19.0427488260802;24.889773182551;48.5307741560618;44.2526116790454;2.06223236551843;2.16843623363962
2016;12;15;19;14.8592870507471;18.1830619684983;25.1736466267903;40.9856063896179;37.939088811938;1.99657422177982;2.1677548757509
2016;12;15;20;13.9775061440281;17.171637561571;27.7363467763265;35.4259473550796;34.139157144769;2.02963514493419;2.08320181886821
2016;12;15;21;10.3003965774268;13.2869517288509;37.6013533109029;27.2252028835932;26.8133100450834;1.75894128869048;1.94782127292145
2016;12;15;22;10.0635900784061;13.3780206182123;35.6998267364502;30.6293393563588;30.1732621190071;1.80004213252108;2.16166050373343
2016;12;15;23;10.9332553491058;14.1949192307881;32.892126586914;32.4423189449946;31.7638410978953;1.86124485274636;2.12724626592986
2016;12;16;0;10.6376263821931;14.1527181123851;33.9652266616821;33.2779695822398;32.6863462599119;1.77235500871633;2.29253106043382
2016;12;16;1;10.5902737813346;14.4246780329331;34.2327664299011;31.5493264663696;31.1992624544144;1.80139534108566;2.50078561806662
2016;12;16;2;9.72925631542957;13.322277815361;34.7366498629252;29.7653530434926;29.5114355038643;1.90280308943437;2.34335659540507
2016;12;16;3;7.85935214724773;10.9598934658614;40.8257164080937;23.0013443435669;22.9585072869619;1.7008934803806;2.02216266961882
2016;12;16;4;6.223758340617;9.41808737303679;44.903986743927;18.3237795566559;18.516502409331;1.72859373833764;2.08333070262944
2016;12;16;5;6.07376523789948;9.06182703660317;44.4022265370686;19.1926283940951;19.3481753809929;1.66114325001332;1.94880390323405
2016;12;16;6;4.93860202812742;7.96147599348926;47.2834268112182;15.0019676545143;15.3054611692429;1.48067153943557;1.97150828180241
2016;12;16;7;4.62767222109573;7.84436893581455;47.3810998878479;14.1577659974416;14.485437658294;1.67723265042558;2.09791883015396
2016;12;16;8;4.36581885832826;7.78571919052761;47.9074999332427;14.0390938949926;14.3528672931365;1.61073802905737;2.23044754929529
2016;12;16;9;4.69780434621357;7.56743297988212;46.5004067090352;14.6959759558678;14.9882233365536;1.60710365731026;1.87156218942713
2016;12;16;10;5.61266324946303;9.04077759848659;47.8129531987508;14.4023916666667;14.6583230521679;2.48761391442797;2.23580470357342
2016;12;16;11;5.5359487146419;8.97543675422349;46.4693732884724;14.6698199808121;14.9394304652214;1.10810875337476;2.24322258648444
2016;12;16;12;5.71481442106182;8.95073900602474;46.007793191274;16.4128825841586;16.5313599645774;1.33058441920081;2.11045918276609
2016;12;16;13;5.03371791873988;7.61956840814821;51.731646689097;12.7926239641825;13.1631349806786;1.59807081091258;1.69012107475243
2016;12;16;14;5.11451558206355;7.94522762640912;50.9090998878479;12.8493009037729;13.1867430888354;1.52134608533348;1.84618092013542
2016;12;16;15;6.30735040628379;9.82030173534522;47.7845331713358;16.4464159654617;16.6466731299559;1.64107586641182;2.29113509798097
2016;12;16;16;6.71430762509976;9.99605547530699;47.6368802591959;18.6869456980069;18.8016617702166;1.58121587349702;2.14034496297511
2016;12;16;17;6.60660730437863;9.77895646915361;46.7254798978169;20.5354706180572;20.1871081911405;1.16797613133705;2.06899550652427
2016;12;16;18;8.32294314350159;11.4894019125383;45.2218335202535;21.6658794778824;21.2646023905118;0.256161671170873;2.06515381014058
2016;12;16;19;7.46592584923205;10.2506628842756;47.1847731513977;20.6390886871338;20.447280355231;1.34444654641705;1.8161961729599
2016;12;16;20;6.85653754629691;10.2621390054019;45.8833332087198;24.0905069948832;23.9436498900096;1.49098406255687;2.22112187212545
2016;12;16;21;7.70660072047728;10.8357184579775;45.0039467264811;25.2378500319799;25.0871580811501;1.5803381827904;2.04080011436337
2016;12;16;22;7.44680560520417;10.8468585468919;44.9212999750773;26.9332953793844;26.842349302419;1.57095923986922;2.21750314763841
2016;12;16;23;6.7032851299445;9.88793631186883;46.5471199277242;26.2907967498144;26.3083295154571;1.54460331707999;2.07701884093078
2016;12;17;0;6.68372145195075;10.0067718673196;43.9906268361409;30.1124229283651;30.1190665056547;1.38913236607947;2.16728235772226
2016;12;17;1;13.1753654818242;17.2699581576771;29.915866660436;42.5962124126434;41.8359312272072;1.49948598138445;2.67047963744167
2016;12;17;2;16.3457008301557;20.6989340608894;21.0072581370671;51.0089271316528;49.7368132046198;1.51914643108704;2.86756129515277
2016;12;17;3;14.3625799929022;18.1904876239434;22.4445916183789;51.7224766410828;50.5646143995285;1.41281750843879;2.49654854388513
2016;12;17;4;15.9707557036567;19.7443164797667;16.7469534168243;101.506399173228;73.2801265695572;1.40075687217934;2.46110370701317
2016;12;17;5;14.6844538169472;19.0246119358095;18.0248732884725;51.6559133377075;42.6137464209239;2.25276208646385;2.83063659739609
2016;12;17;6;11.3366204786839;15.0407854951403;15.8397999906539;47.9350545098623;39.730917318662;0.400422228916903;2.41584402485412
2016;12;17;7;10.8584522983392;14.3271275643602;15.9407402292887;42.0206126513163;33.5414873766263;1.50620506927008;2.2622583978704
2016;12;17;8;12.4421091746279;16.0710030444918;14.5955267769495;24.7568141964594;24.5146441537857;1.69519482453098;2.36675243500014
2016;12;17;9;9.79386482758746;15.6805672110413;15.604600028038;17.3355524062475;17.9274428713322;0.890091023853148;3.83928759004546
2016;12;17;10;9.55629436223239;17.4347342211415;17.0223333021799;14.3195643563588;14.9078586660226;1.4512572666702;5.13829210463368
2016;12;17;11;9.70276172084795;18.4441080223823;19.6441599763234;10.639448637565;11.2050059481541;1.37753917844989;5.70107679812416
2016;12;17;12;10.2386994825756;17.9320405741631;21.9821133619944;12.0265550671577;12.5985563613494;1.4039021560899;5.01757130816403
2016;12;17;13;10.892890032323;18.5059340586068;25.2304866193135;18.9320743947347;19.5257880392869;2.46013169083477;4.96520183094975
2016;12;17;14;10.8992481680069;17.5916023239233;27.5641931788126;31.550332265536;32.1643136885643;0.645241772335681;4.3647309793032
2016;12;17;15;13.4357724183077;19.5109793307516;28.8688999875386;33.4407739002228;33.9043102705002;1.39273857445601;3.96222961287531
2016;12;17;16;16.0942255319687;20.6982984596856;26.0928867003122;19.9038702994347;20.5202162856738;1.35386892606306;3.00276095233418
2016;12;17;17;19.3081343526372;23.3004394582214;22.3329533545176;11.3736609622637;11.9448336096684;2.11522771786045;2.60376802649759
2016;12;17;18;17.6832202703612;21.2039695140837;20.9890465208689;10.3918050311804;10.9526002025723;0.650149142137626;2.29622087182114
2016;12;17;19;16.3729862823163;20.3591063603355;20.5836533482869;13.0650822975159;13.6424527876059;1.15593716218047;2.59973417222275
2016;12;17;20;15.8928000408387;19.7148207235192;18.0248733819325;11.029441364034;11.5865693925858;1.88871373476007;2.49270909586954
2016;12;17;21;14.1549397059844;17.3508841895574;19.1482798884709;20.5544170332591;21.1845756278435;1.15146902135735;2.08438429446422
2016;12;17;22;13.5400580806522;16.787812920765;15.622566716512;18.3244503825823;18.9384169537703;0.772123009800079;2.11817483557565
2016;12;17;23;21.9270431278233;25.7480488464282;14.0062200647989;32.5157571707726;33.2124311333179;1.98121919333672;2.49204713969685
2016;12;18;0;31.2190928437631;36.1573224604269;10.4253000529607;39.3709765942891;40.0810776159286;1.39677999457362;3.22069682634921
2016;12;18;1;26.2226237997661;30.6231848883073;13.1343466205596;35.6747646270116;36.2784444569906;2.44235565430321;2.87003121203497
2016;12;18;2;23.8310701135357;28.2192234825314;16.1170583613713;30.5969797485352;30.7803867702166;3.56568764731846;2.8619389388795
2016;12;18;3;19.2021906871784;23.1497132449897;22.647125070095;34.5928117434184;34.7378403869311;3.29760655635438;2.57456099873989
2016;12;18;4;24.619516438647;28.7187920681957;16.06683334891;46.4285463180542;46.2468419133548;5.52061379596535;2.67353384416696
2016;12;18;5;29.5739170544116;33.9497211893205;13.2646867065429;54.2978370632172;53.9422944114049;5.88436244556694;2.85388480974448
2016;12;18;6;24.5162006120071;28.7800385679624;13.8879666573206;56.299464190079;56.1446394485862;2.13675539081023;2.78086084261309
2016;12;18;7;23.2765470238889;27.2455591695185;17.0781933190027;55.9505273914337;55.607666465505;3.14841186583873;2.58857643598335
2016;12;18;8;20.0997262319437;24.4759733806014;20.3896134554545;53.6540850361607;53.6510569215741;2.2207740363225;2.85417374182852
2016;12;18;9;16.6963171929826;23.1468497295078;23.5697134056091;53.3670593870777;53.0826321963294;2.43437504342738;4.20701572858099
2016;12;18;10;12.5922560287835;24.1305707735605;15.641513302803;57.7673631458282;57.5813280291239;2.57067091302001;7.52525025456952
2016;12;18;11;11.2040187938766;21.9986530459338;19.2678400236765;59.9389818201701;59.7758236236572;2.39462053752186;7.04022432652471
2016;12;18;12;12.1712281823919;21.6142659600157;28.3204265931447;62.6139044301954;62.3912437191333;2.13858131841694;6.15871763007159
2016;12;18;13;12.1427657355524;19.1483976345355;35.5502134056091;60.4061010997772;60.0820873444239;2.06128130687595;4.56904967470289
2016;12;18;14;12.6405159858939;18.5933807555873;39.475766679128;59.2480274382273;59.2789471185048;1.76725512827272;3.88243847688683
2016;12;18;15;12.2747579565013;17.0865808568609;40.077486743927;58.5890520959628;58.5310265805519;2.04163134895616;3.13825478909434
2016;12;18;16;14.510822883765;18.5408104433381;35.9066065470377;61.3903043819427;61.6140810394287;1.90847197405894;2.62834439685543
2016;12;18;17;17.4635029640181;20.751699535163;43.31115994517;65.329632472229;65.6557818737666;2.03002420793401;2.14455079718502
2016;12;18;18;17.5076780358105;20.8345889062687;39.6609866816202;68.92071778361;69.1423587544759;1.95808423877045;2.1698001336095
2016;12;18;19;17.9698118763859;21.0514904742346;35.8837399177551;71.9236272463481;72.2445026426951;1.77397894175148;2.00986046627474
2016;12;18;20;20.0281502147455;23.4722781422786;28.6555866006215;72.2229124766032;72.5764287802378;1.81643630941599;2.2462487058754
2016;12;18;21;20.998469192144;24.730720453934;25.2834066155751;68.9983470204671;69.3236863624573;1.79186284697113;2.43416178004823
2016;12;18;22;21.2212859340723;25.3720813625939;25.2866733570098;71.4461125233968;71.5389481272379;1.95050819779176;2.70713488460585
2016;12;18;23;20.1067583640784;23.7335016156968;26.9775000623067;71.1401206008911;70.6579759175618;1.87052228132011;2.36534980897917
2016;12;19;0;21.0108941275279;25.6201150800193;13.5211200367609;94.9643800168355;78.878640070343;2.82417435707399;3.00611847686023
2016;12;19;1;23.9416285547142;28.5048680863547;8.26244001277287;93.7536594159444;76.977407764562;0.949501573194899;2.97612954809398
2016;12;19;2;23.0966287612234;27.3184363802322;7.38362499415874;86.1555092412313;68.0079683194478;1.89154117822773;2.75344879754389
2016;12;19;3;19.3588629105083;23.4163503313975;9.10352506736914;60.7664166027069;61.2522708145142;1.79099280885299;2.64627971435607
2016;12;19;4;18.5860066694457;22.4597835565402;8.78477996635437;62.9992335080465;63.8291743212382;1.12244905886672;2.52646431914584
2016;12;19;5;19.053564050271;23.3470673539684;8.16378653987248;63.7163435932159;64.5234165834427;2.52033452099985;2.80020848311224
2016;12;19;6;18.1433750770858;22.5234142819494;6.19333333333333;54.2537403921763;54.8496042578379;0.423950283725785;2.85664690819297
2016;12;19;7;16.8602479125261;21.0565630647813;8.45876670249303;49.2500637978872;49.9585029003143;2.49130383030642;2.73682269605765
2016;12;19;8;14.4048981839736;18.579436770026;7.64046669626236;56.5739116154989;57.3670784879049;0.738115687055072;2.72262009247245
2016;12;19;9;13.2770823102223;18.2600850194268;7.63393334579467;59.9894493307749;60.7839276347478;1.49025431786799;3.24989768743616
2016;12;19;10;11.7951264809075;18.5595479447339;11.6855800816218;53.0208873486837;53.7629934294383;1.67929855601345;4.41173303629261
2016;12;19;11;11.9973380023308;18.0935373075546;12.6724400361378;43.2422318349838;43.622694489193;1.40758095236639;3.97592078117888
2016;12;19;12;10.9797816876116;15.7082052600562;19.4706999781926;37.4584026769002;38.1280136107763;1.10055527982063;3.08386202658913
2016;12;19;13;12.087613369036;17.5114686000988;26.13633339564;30.0817399296443;30.6665932362239;2.39079706532985;3.53742022653521
2016;12;19;14;10.3163896743193;14.0521246735379;28.469713312149;28.6268962872823;29.2308344252904;0.471297587285191;2.4364338619381
2016;12;19;15;9.00906596874942;12.477204545754;25.8537666479746;27.0248413320541;27.6233722096761;1.28736914020543;2.26190837109034
2016;12;19;16;9.39663074856743;13.1105508373043;24.5415465520223;27.277514993604;27.5636051620165;1.39463179097833;2.42220625034251
2016;12;19;17;8.82822100595535;12.0273390747574;24.1240665918986;25.3139708419164;22.9922740824381;1.68155943264375;2.08645409612767
2016;12;19;18;10.6227163159564;13.8841310781658;21.2856599140167;18.9664459846497;18.2529534046809;2.26033081566433;2.12708379104349
2016;12;19;19;11.1606530128677;14.40611448029;21.536213312149;11.1159573454857;10.8452221801917;0.638435174107203;2.1166791055835
2016;12;19;20;11.9135194052545;15.2444894774277;22.902986743927;16.4997340665182;17.071795460391;-999;2.17244753138071
2016;12;19;21;13.3011230986304;16.3619838263185;23.4122598018646;21.4242717178345;22.0098328101476;-999;1.99628312103928
2016;12;19;22;12.611540408686;16.1277350019879;28.3962132809956;20.0614769916852;20.6350228589535;-999;2.29325034406247
2016;12;19;23;-999;-999;24.1224333146413;21.3038870140711;21.8984028359095;-999;-999
2016;12;20;0;-999;-999;15.4552345259436;19.3628099744161;19.6189841114203;-999;-999
2016;12;20;1;-999;-999;20.7767132809956;17.5590520076752;17.7759993507226;-999;-999
2016;12;20;2;-999;-999;24.1428499968846;11.6622153442065;12.0832769800345;-999;-999
2016;12;20;3;-999;-999;-999;8.44429683676787;8.97166664319805;-999;-999
2016;12;20;4;-999;-999;-999;7.18886866035064;7.72551984130343;-999;-999
2016;12;20;5;-999;-999;-999;5.36750563844442;5.89283397657275;-999;-999
2016;12;20;6;-999;-999;-999;5.51857332293987;6.04799182496071;-999;-999
2016;12;20;7;-999;-999;-999;9.00620766810576;9.55432250080506;-999;-999
2016;12;20;8;-999;-999;-999;7.29500167306264;7.83458618131876;-999;-999
2016;12;20;9;-999;-999;-999;10.7333420812289;11.2951630473375;-999;-999
2016;12;20;10;6.33982315589765;9.8538257486511;-999;10.7333419932842;11.2926304893732;0.964243144331376;2.29182072864203
2016;12;20;11;6.73058058386575;10.9333794287105;-999;9.95050630167326;10.5028281202952;2.66048710629633;2.74105133866182
2016;12;20;12;7.10604116437235;11.5427358809547;27.8826933657328;10.9757879779339;11.5394648771286;1.24225673607904;2.89359744329406
2016;12;20;13;7.01163608726027;11.167000245094;28.9874800224304;12.4200686663469;12.9899120090167;1.30841156813174;2.71011459457041
2016;12;20;14;8.39280247198205;12.4151154230059;27.9627266305287;15.0287943915367;15.6066598867893;1.82332928909162;2.62333904284875
2016;12;20;15;10.0931550105193;14.1127118175261;27.2888133246103;17.4359845438639;18.0331324130535;2.04816080138457;2.62154149494636
2016;12;20;16;10.1354463186149;13.9165756931059;26.4019133993784;17.443864993604;18.0380286434809;0.820314665921823;2.46603992154301
2016;12;20;17;11.7693443856535;15.0735867336974;24.9645800348917;19.9590325681686;20.5583726550738;1.30484219651921;2.15501579916882
2016;12;20;18;13.3972123134304;16.6466731223819;23.5047067775726;17.5567045886358;18.1234583172321;1.5654365235023;2.11928746274193
2016;12;20;19;11.0893667905126;14.2050150274199;26.5688399925231;14.180568634367;14.7560775193214;2.39415294845495;2.03201535116286
2016;12;20;20;9.36788156566896;12.4044654895279;27.5276067028045;16.0404949808121;16.6286079845428;0.514569545560942;1.98044987084315
2016;12;20;21;10.8404681550806;13.9047577194255;25.0406932722727;18.1655023422877;18.7623235726356;2.49027402146829;1.99851939682953
2016;12;20;22;11.7260220561713;15.0734930083456;23.9950332336425;18.6284300831477;19.2225633075714;1.07330605289775;2.18320935008437
2016;12;20;23;12.589488485225;15.7216600702918;22.3845666542053;20.2903418893496;20.9036368668238;1.98026631733333;2.04279182352417
2016;12;21;0;11.8860376637094;15.2719551073787;23.1489667040507;22.1772625873566;22.7964273127238;1.33390699538154;2.20828402314627
2016;12;21;1;9.47448605638971;12.7428572852907;26.2611200211842;20.7527667626063;21.3608374355952;1.0804611025145;2.1316207753345
2016;12;21;2;11.8921778994945;15.2374926937226;24.6912416760126;23.527147052447;24.1239637663523;1.79298656821905;2.18180311108917
2016;12;21;3;14.620127680429;17.9924522966146;21.927641702493;23.1291064855576;23.7326081589381;1.90697724040791;2.19941882656037
2016;12;21;4;18.7291196940321;22.3244072641962;17.5985732355117;24.0438957459768;24.6269182496071;2.12378216117156;2.34483451882569
2016;12;21;5;21.7805868741131;25.8706984403846;14.994386762619;25.1199803538005;25.7000229072571;3.42012392258495;2.66755707277228
2016;12;21;6;20.0671089915594;23.8888211408459;15.8786734816233;21.8825047325452;22.4687216703892;1.91190884563076;2.49250787142277
2016;12;21;7;19.1793278540613;22.8602504853446;16.9772533607482;20.3721634004911;20.9493906524976;3.55470256999993;2.40068541904309
2016;12;21;8;15.337712367729;18.7824526072689;18.9774333146413;19.2503057044029;19.8256359304428;1.97986621311474;2.2466480537167
2016;12;21;9;13.6449369538312;17.8512870502735;19.1450132872263;21.7803956180572;22.3550969896952;3.4103425980844;2.74336745306673
2016;12;21;10;10.8516259853131;14.9438844237603;22.4972665545145;22.7778447421392;23.3529020605405;2.51138765959871;2.66895725561909
2016;12;21;11;9.91287131193091;14.12168721675;24.8544933719635;22.7307785751213;23.267295065896;2.66204569995276;2.74497564503631
2016;12;21;12;8.22666372860828;12.7306931278496;26.9869732697804;21.0403148656845;21.5664765051524;3.73045442853738;2.93751289793613
2016;12;21;13;8.52323778818471;12.4792164587634;25.103413274765;23.0129133845011;23.5176834299405;5.18645193239829;2.5800760471818
2016;12;21;14;11.7627762405417;16.4535004408996;25.3196667912801;22.6409823793872;23.1806570236601;8.91831409719437;3.05927462230454
2016;12;21;15;13.5634386173443;18.0467408732508;26.1859865570068;20.9665417626063;21.4915143995285;9.85311080478095;2.92399472443278
2016;12;21;16;14.3510393500633;18.1866545327242;26.3581399364471;22.3504623486837;22.8779739080429;10.579150513111;2.50157538325215
2016;12;21;17;12.5874956123466;16.2399212049755;24.6643734130859;24.2778386372158;24.8271064299515;7.49953265737378;2.38209974582018
2016;12;21;18;8.76780879212836;12.1096927608439;27.8895533669789;23.1268698513225;23.6568707067845;6.44007563238614;2.17956553817379
2016;12;21;19;7.09494406025496;9.99996119548728;30.6407398866017;23.2183490487483;23.7488960359473;5.997082522955;1.89464245169179
2016;12;21;20;8.1505540699242;11.1308307840543;27.1976732323964;25.0283277773077;25.5787392671065;6.93859610764552;1.94372649713403
2016;12;21;21;14.5478114142185;18.2220750043936;18.2898001619974;28.5894467870849;29.1064887458597;6.01367678906491;2.39634241472198
2016;12;21;22;15.8832322150088;19.3728666235643;15.6258332710266;28.298649122807;28.8384213180877;5.3641374430677;2.27592788047522
2016;12;21;23;14.2311794460494;18.0924850872517;16.4242066218058;26.6800724270262;27.1924864472685;6.1205807508541;2.51833061431973
2016;12;22;0;14.6286411493866;18.4149840183093;17.353246670405;23.7015821173819;24.2321147834711;5.63644195357564;2.46944014516036
2016;12;22;1;11.9927844119185;15.4015128118843;17.6599867283503;24.5564648155485;25.1170776923725;4.93547743493426;2.22316125248816
2016;12;22;2;9.22675395979436;12.6531689615049;20.9766333317756;22.3727261851856;22.9454589561735;5.38256278050153;2.23469639494404
2016;12;22;3;9.15854897778582;12.663042976868;22.8492500623067;20.0938944417362;20.651126096298;6.63839511873642;2.28561925567757
2016;12;22;4;7.50632584133822;10.7390145479793;24.1034866504669;17.4604639417966;18.0280675869465;4.96594114615569;2.10834875375595
2016;12;22;5;5.7391931444972;8.89097076816897;25.4130933221181;17.303527947553;17.8597407813072;5.99780484112558;2.05557881627547
2016;12;22;6;5.18963231819767;8.47017779060514;26.7782333831787;17.4480567562103;17.9905866307418;7.65915511118836;2.13956077619881
2016;12;22;7;4.18138566626159;7.26054232393189;27.1738265183766;18.2568806564331;18.8080775193214;4.69999688320195;2.00821566533204
2016;12;22;8;4.19055286968285;7.66095879017674;27.3054732697804;18.2907492348353;18.8377920610428;4.98167767090515;2.26338712492463
2016;12;22;9;4.70548951151506;8.46717711017841;27.6572934093475;18.2211676065445;18.7667134846846;6.30997409545031;2.45336006042531
2016;12;22;10;4.07838729649107;7.80743680668309;27.2349134616851;19.4372539673805;20.0078071125666;4.69871753474593;2.43207360837314
2016;12;22;11;4.75056512929807;8.7796157250208;27.1013066654205;22.3159229283651;22.9156237336477;5.73195121708019;2.62773331216853
2016;12;22;12;4.89271976807067;8.87524605425098;27.0261732635498;24.0073444395065;24.5958528814952;2.88536935488594;2.59739031321488
2016;12;22;13;4.90459763605949;8.77705503688056;27.4364666728973;24.003655688413;24.5860607748667;3.62307920940448;2.52560375461499
2016;12;22;14;4.23936482967018;7.84094664366935;28.9933600323994;22.5558540793101;23.1352758719762;4.32860582283916;2.34893960358628
2016;12;22;15;4.94218783112015;8.62919383078541;29.5865865694681;22.5796625553767;23.1288601550738;5.10120246644797;2.40465297153901
2016;12;22;16;6.49520904835042;9.64735937832044;29.0648997071584;22.7907550191879;23.32048602705;5.23088538726726;2.05582189407564
2016;12;22;17;9.18452595927193;12.3821395637692;27.5106198965708;24.1671306244532;24.7250104716619;7.90814442555378;2.08547288954395
2016;12;22;18;9.21749277888273;12.541161754964;25.3748732884724;26.306892734464;26.8779731460571;6.34242719466934;2.16768578094843
2016;12;22;19;9.17496284572137;12.432961554819;24.8825866940816;27.6960109782537;28.2056784368833;6.68136358371447;2.12485585263845
2016;12;22;20;9.76770525829417;13.1705346633104;25.9030931663513;27.4510500319799;27.9699871834119;7.84253013529518;2.21931394772766
2016;12;22;21;8.03512250622113;11.1603728654271;25.8403732261657;26.1254773422877;26.6618665244738;5.01415228621408;2.03827782318505
2016;12;22;22;7.72024709087727;11.1862638105023;24.9201533794403;26.2678263064702;26.8106087143262;5.49750109389805;2.26052450280986
2016;12;22;23;6.30764977684602;9.40017674228515;24.5565732822418;27.4451817562103;27.9814678874334;3.16045872857017;2.0169357353047
2016;12;23;0;5.60261499743166;9.07589822878952;24.541546614329;27.4520560230255;27.98028602705;3.4622749390673;2.26526369743894
2016;12;23;1;6.19766859548118;9.24357512857979;24.0832332274119;27.9310797165553;28.4540323835691;2.39545847460155;1.98653004538387
2016;12;23;2;6.34090516908187;9.51356580852982;21.7504250295956;30.8300364088058;31.3562773127238;1.77844017035392;2.07784822030409
2016;12;23;3;7.02944173339417;10.211488528479;21.3718998940785;31.0666140217463;31.576267318662;3.21192485849439;2.07532026855163
2016;12;23;4;7.84830010951401;11.1585413322555;19.8078199838002;31.0189966218948;31.5507734170596;1.65101727288159;2.15892824516666
2016;12;23;5;15.9318899083012;19.8057708556907;12.0583067121505;31.4004382885615;31.9213625322024;2.53544253447424;2.52653218692193
2016;12;23;6;21.2544486793104;25.9495262468799;8.72924671713511;30.9894873486837;31.4935387663523;3.61750957160016;3.06211387382801
2016;12;23;7;17.9711271550645;21.8182446272364;9.5086733414332;31.8900248081207;32.3626927908262;1.44489879737278;2.50907713796987
2016;12;23;8;16.6787240863516;20.7708705548766;9.96698663489024;31.621590694809;32.0957674930572;3.03670918243162;2.66888422921059
2016;12;23;9;18.2304075735057;25.7402349621839;9.57041333707173;30.6898670652389;31.188456905969;2.23499689326719;4.89788428539841
2016;12;23;10;15.7119408802141;25.6223614423593;12.3872600043614;30.3857196142197;30.8940116602262;2.52654269512105;6.46354311767526
2016;12;23;11;14.7091255473175;25.1981980944719;14.3034867127736;32.5541526769002;32.9389209111214;3.63814863355135;6.84093800538782
2016;12;23;12;13.7416758722366;23.9602702434849;15.7169733320871;33.7499511465709;34.0788838109334;2.35038243160058;6.66453304442817
2016;12;23;13;13.3420369137034;24.3374781655419;17.0007733071645;34.1821960486094;34.4697327135404;3.58675852137216;7.09038222067351
2016;12;23;14;17.396025031124;26.7482370656297;17.9961267738342;36.5704402174632;36.7103200257619;3.56620016869465;6.09948138442916
2016;12;23;15;14.9258736149701;21.5334337609965;19.9009199962615;36.8304908695221;37.1550268351237;2.17735668851059;4.30942860988229
2016;12;23;16;15.700627812179;20.750710152202;18.6308398367563;39.3196701235453;39.5865646383285;2.01817479546503;3.2936467981217
2016;12;23;17;17.3647277884631;21.0668552317473;15.9168933439254;39.926288416481;40.209221893088;2.25920006222088;2.41451512645162
2016;12;23;18;17.7555929161992;21.6242683703726;13.9758400704065;37.0055350703557;37.350535866038;1.59025100413372;2.52313718167062
2016;12;23;19;17.1150935628101;20.7959980190118;13.0559466953277;37.2749755904516;37.3973029969215;1.11894584533754;2.40067356531569
2016;12;23;20;16.3892492956478;20.075711040474;13.5688133869171;34.1236803538005;34.3809265051524;1.6720916768252;2.40429801035475
2016;12;23;21;16.2333074625866;20.1037246110188;13.3995999968846;32.9106121419907;33.4677069703738;2.23284158339231;2.52427310883626
2016;12;23;22;15.0233475435363;18.7066604136511;11.8374799757003;32.4693133525213;33.0165842186928;-999;2.40224432480815
2016;12;23;23;15.1252948253031;18.9661509067356;12.0354400049845;27.3035032981555;27.9227137985547;-999;2.50499347988822
2016;12;24;0;16.0882999336928;20.2150483180608;10.4569866348902;24.735688416481;25.3699537051678;-999;2.69145148290108
2016;12;24;1;-999;-999;8.77857332897186;27.3876719884872;28.0388711499214;-999;-999
2016;12;24;2;-999;-999;7.71805003543694;22.8945407747587;23.529501631244;-999;-999
2016;12;24;3;-999;-999;7.00714170833428;23.1755500159899;23.809764906613;-999;-999
2016;12;24;4;-999;-999;6.93192666323979;22.4207145790418;23.0589631009738;-999;-999
2016;12;24;5;-999;-999;7.34646666510899;21.4695417146365;22.0957690759977;-999;-999
2016;12;24;6;-999;-999;6.67941336043675;18.451038623174;19.0508598384857;-999;-999
2016;12;24;7;-999;-999;6.81465333271026;17.7766832693736;18.3848123578072;-999;-999
2016;12;24;8;-999;-999;7.20142665545145;16.3776726737022;16.9758982426643;-999;-999
2016;12;24;9;-999;-999;12.1256000903447;16.1038729763349;16.6937776454131;-999;-999
2016;12;24;10;-999;-999;13.9526466735204;19.5115303058306;20.1058993185202;-999;-999
2016;12;24;11;-999;-999;16.2236334641774;17.891199777317;18.4749693925857;-999;-999
2016;12;24;12;-999;-999;15.6088466828664;25.7800839066188;26.3967980655511;-999;-999
2016;12;24;13;-999;-999;15.6480466922124;25.3523661561648;25.9622211338202;-999;-999
2016;12;24;14;-999;-999;-999;26.7148257012049;27.3616806074142;-999;-999
2016;12;24;15;-999;-999;-999;32.654417271932;33.2975231648763;-999;-999
2016;12;24;16;-999;-999;-999;46.5895295098623;47.2296497156143;-999;-999
2016;12;24;17;-999;-999;-999;45.9735221164067;46.5835243480047;-999;-999
2016;12;24;18;-999;-999;-999;44.3937667945862;45.0078032035192;-999;-999
2016;12;24;19;-999;-999;-999;43.4271683717092;44.1047137073835;-999;-999
2016;12;24;20;-999;-999;-999;41.64587774086;42.3302751421928;-999;-999
2016;12;24;21;-999;-999;-999;34.990013829867;35.3037696635882;-999;-999
2016;12;24;22;-999;-999;-999;25.6161059910456;26.2667967563311;-999;-999
2016;12;24;23;-999;-999;-999;25.5022602770487;26.1494572547595;-999;-999
2016;12;25;0;-999;-999;-999;22.6078306564331;23.2443421737512;-999;-999
2016;12;25;1;-999;-999;-999;30.6533156628291;31.3208223384857;-999;-999
2016;12;25;2;-999;-999;-999;30.5659614088058;31.2291457689285;-999;-999
2016;12;25;3;-999;-999;-999;29.3411562936783;29.9787660468737;-999;-999
2016;12;25;4;-999;-999;-999;-999;-999;-999;-999
2016;12;25;5;-999;-999;-999;-999;-999;-999;-999
2016;12;25;6;-999;-999;-999;-999;-999;-999;-999
2016;12;25;7;-999;-999;-999;-999;-999;-999;-999
2016;12;25;8;-999;-999;-999;-999;-999;-999;-999
2016;12;25;9;-999;-999;-999;-999;-999;-999;-999
2016;12;25;10;-999;-999;-999;-999;-999;-999;-999
2016;12;25;11;-999;-999;-999;-999;-999;-999;-999
2016;12;25;12;-999;-999;-999;-999;-999;-999;-999
2016;12;25;13;-999;-999;-999;-999;-999;-999;-999
2016;12;25;14;-999;-999;-999;-999;-999;-999;-999
2016;12;25;15;-999;-999;-999;-999;-999;-999;-999
2016;12;25;16;-999;-999;-999;-999;-999;-999;-999
2016;12;25;17;-999;-999;-999;-999;-999;-999;-999
2016;12;25;18;-999;-999;-999;-999;-999;-999;-999
2016;12;25;19;-999;-999;-999;-999;-999;-999;-999
2016;12;25;20;-999;-999;-999;-999;-999;-999;-999
2016;12;25;21;-999;-999;-999;-999;-999;-999;-999
2016;12;25;22;-999;-999;-999;-999;-999;-999;-999
2016;12;25;23;-999;-999;-999;-999;-999;-999;-999
2016;12;26;0;-999;-999;-999;-999;-999;-999;-999
2016;12;26;1;-999;-999;-999;-999;-999;-999;-999
2016;12;26;2;-999;-999;-999;-999;-999;-999;-999
2016;12;26;3;-999;-999;-999;-999;-999;-999;-999
2016;12;26;4;-999;-999;-999;-999;-999;-999;-999
2016;12;26;5;-999;-999;-999;-999;-999;-999;-999
2016;12;26;6;-999;-999;-999;-999;-999;-999;-999
2016;12;26;7;-999;-999;-999;-999;-999;-999;-999
2016;12;26;8;-999;-999;-999;-999;-999;-999;-999
2016;12;26;9;-999;-999;-999;-999;-999;-999;-999
2016;12;26;10;-999;-999;-999;-999;-999;-999;-999
2016;12;26;11;-999;-999;-999;-999;-999;-999;-999
2016;12;26;12;-999;-999;-999;-999;-999;-999;-999
2016;12;26;13;-999;-999;-999;-999;-999;-999;-999
2016;12;26;14;-999;-999;-999;-999;-999;-999;-999
2016;12;26;15;-999;-999;-999;-999;-999;-999;-999
2016;12;26;16;-999;-999;-999;-999;-999;-999;-999
2016;12;26;17;-999;-999;-999;-999;-999;-999;-999
2016;12;26;18;-999;-999;-999;-999;-999;-999;-999
2016;12;26;19;-999;-999;-999;-999;-999;-999;-999
2016;12;26;20;-999;-999;-999;-999;-999;-999;-999
2016;12;26;21;-999;-999;-999;-999;-999;-999;-999
2016;12;26;22;-999;-999;-999;-999;-999;-999;-999
2016;12;26;23;-999;-999;-999;-999;-999;-999;-999
2016;12;27;0;-999;-999;-999;-999;-999;-999;-999
2016;12;27;1;-999;-999;-999;-999;-999;-999;-999
2016;12;27;2;-999;-999;-999;-999;-999;-999;-999
2016;12;27;3;-999;-999;-999;-999;-999;-999;-999
2016;12;27;4;-999;-999;-999;-999;-999;-999;-999
2016;12;27;5;-999;-999;-999;-999;-999;-999;-999
2016;12;27;6;-999;-999;-999;-999;-999;-999;-999
2016;12;27;7;-999;-999;-999;-999;-999;-999;-999
2016;12;27;8;-999;-999;-999;-999;-999;-999;-999
2016;12;27;9;-999;-999;-999;-999;-999;-999;-999
2016;12;27;10;-999;-999;-999;-999;-999;-999;-999
2016;12;27;11;10.027907974684;15.2878737283247;37.7398598143259;48.509815694809;48.7467860592524;2.20121226618759;3.43053205794459
2016;12;27;12;9.69617613178479;14.0729503528618;47.3298133557637;36.9096294607163;37.2085473895073;2.24908899419103;2.85451749669618
2016;12;27;13;8.861870634392;13.0274451419218;55.3844330965678;28.0767819309235;28.3765377199809;2.1775142600488;2.71677375046529
2016;12;27;14;9.29542509889811;13.5465454500672;61.1576132685343;30.3235152962367;30.3616802130381;1.99275005397169;2.77256646334095
2016;12;27;15;10.6660067600939;14.5934685144002;62.1885739364624;32.9181569309235;32.9497263307571;1.99722942223471;2.56147740984307
2016;12;27;16;9.92186311035422;13.8524686855757;63.5115730641682;29.6137823934555;29.5404748900096;2.1417423489954;2.5635277993207
2016;12;27;17;7.97965260379783;11.1081798594887;70.2771666666666;20.2563055884759;20.116535747997;2.05763779924678;2.04041500410383
2016;12;27;18;3.37706791362317;6.46749640054858;78.6179464772542;4.33317000479698;3.55044034396013;1.73238751953354;2.01556711464226
2016;12;27;19;3.75316517587316;7.18333462748409;74.9867203140258;6.81027731430531;5.87358696071307;1.80889639911437;2.2371450346019
2016;12;27;20;2.94767538851164;6.26222967157697;74.9880271352132;5.89900898656845;5.30157967375119;1.87780057295833;2.16174120867284
2016;12;27;21;2.2886299995329;5.86333645011457;73.7538798853556;6.02274704045455;5.37232083333333;1.45500916761172;2.33141158152476
2016;12;27;22;2.2473765093548;5.39562220284704;72.3972331339518;5.31787632645766;5.10590184991757;1.63979041813407;2.05327530323474
2016;12;27;23;2.62014426160421;5.65273683274615;69.5650334828694;5.97881834772428;5.86565182174047;1.53689003420733;1.9778467239613
2016;12;28;0;2.63742935572104;5.57532412950381;69.6774071451822;6.13541904093425;6.12464216570059;1.71898885918201;1.91608513750372
2016;12;28;1;1.43142133770629;4.29660801243237;71.1575334828694;3.74432466938496;3.68263685877323;1.51452512538673;1.86866515867334
2016;12;28;2;1.1628151426698;4.12681354505018;73.6241931788126;2.6221316702644;2.71218282021085;1.40267422653876;1.93310983669892
2016;12;28;3;1.00862193723037;3.92540884832861;72.3861272099812;2.58843065643311;2.69732548897068;1.47828984294927;1.90231866011481
2016;12;28;4;1.42155743817023;4.10563508024955;69.2249732386271;2.98798033181429;3.10218784677784;1.4102845487403;1.75054645380382
2016;12;28;5;0.802336087097763;3.90245169227387;71.1787667414347;1.93536900295814;2.04545999275446;1.40044371350854;2.02188502073986
2016;12;28;6;0.834499103892016;3.87587614104984;69.3801400299072;1.75412132725716;2.04968083011309;1.53333098862362;1.98357592329278
2016;12;28;7;1.48981586875226;4.66077406358002;67.9885400797526;1.78765466059049;2.07821365837455;1.65771905733493;2.06808832058066
2016;12;28;8;2.19493434730092;4.90812525901743;66.02200684611;1.8602543279767;2.10759067061146;1.5745006041695;1.76953403081093
2016;12;28;9;2.9665306545122;6.43687986472127;65.178553024292;2.63085032461882;2.65106515950163;1.52752316632461;2.26335013866669
2016;12;28;10;3.47337071974607;7.12681041598405;62.4780000623067;3.50892068601449;3.44306233566801;1.72305543313108;2.38276114079956
2016;12;28;11;4.6636369073169;8.56832178957831;50.5017465769449;4.71192900335789;4.97606902366877;1.48099536343149;2.54662241013597
2016;12;28;12;4.22405758531573;8.16718243375498;48.6809063975016;3.45845299552282;3.92288665620089;1.45146709345787;2.57169282740782
2016;12;28;13;4.67376056942668;8.3054837452755;48.5848665669759;4.01795667226315;4.45065966811578;1.66579451117797;2.36859769889303
2016;12;28;14;5.40245962399106;9.61586315454586;48.5906998157501;2.69500679890599;3.14818285748788;1.68650856498891;2.74796767918506
2016;12;28;15;5.2840318465572;8.75528558148725;47.674773525238;2.31379266650677;2.79659950499137;1.65953748693527;2.26394006666202
2016;12;28;16;5.43194657386966;8.63088417986761;46.8973066342671;3.6536170012792;4.13359068067471;1.43626368624465;2.08633639889092
2016;12;28;17;5.40144462114536;8.76183901854727;50.7820266367594;5.92332066202959;6.36117766956488;1.70250003092047;2.19163797780344
2016;12;28;18;3.89806859395751;7.50488278242494;60.657813293457;4.51307635843754;4.86565202028751;1.5432100956533;2.35235214070025
2016;12;28;19;2.23743372092715;5.42297652048578;68.6977340685526;2.22140833932956;2.62236349605521;1.40897589694804;2.07760035096737
2016;12;28;20;2.35908923487421;5.09115756544028;72.0686070454915;2.13606599744161;2.53575199814836;1.36557447919648;1.7818458201966
2016;12;28;21;3.39827461527698;6.51242656046082;68.493566716512;3.5236753426075;3.83711932818095;1.57275151344338;2.03103947470933
2016;12;28;22;1.80397362264965;4.9547944303422;63.5533867314656;4.46048104440755;4.81287121006127;1.58080890572771;2.05495478409656
2016;12;28;23;2.13885744862711;5.26026678418143;70.7684733632405;4.27460036630146;4.53950036288924;2.05602219805494;2.03577272041645
2016;12;29;0;1.59589344305022;4.51095924541061;70.4202462031046;4.47643830778681;4.68013329318474;1.8748028062072;1.90119615875702
2016;12;29;1;1.0679348041356;4.41305867556016;69.441553896586;4.69064101337174;4.80854627184141;1.98488583951484;2.18167859187575
2016;12;29;2;1.03085221650724;3.93794786333993;69.1236249065399;5.13579035220146;5.1781624758482;2.07662333658891;1.89233068433438
2016;12;29;3;2.26528325664351;5.16758690616094;66.5764412180582;5.18755142034803;5.24237944703443;2.28694342877295;1.89287272539134
2016;12;29;4;0.956187792678773;3.98611630622345;66.7207468261718;5.50365097985268;5.42567215603987;2.16478871861426;1.97610923451371
2016;12;29;5;0.97015551337414;3.73318438668019;65.7815802841186;5.66108997761409;5.53895932335059;2.32096643466557;1.80203818253799
2016;12;29;6;1.3416688920445;4.5131539430914;65.2520532735188;5.90437433876991;5.7076238436381;2.72818378064098;2.06843193444325
2016;12;29;7;1.22488002639189;4.48482726795322;64.1087204386393;6.27542069800695;6.01169265668392;2.67807486606529;2.126126678989
2016;12;29;8;1.96669812927675;5.37911220314304;63.4027937520345;6.72141398976644;6.54199817825953;3.67240418084018;2.22556503666907
2016;12;29;9;3.14050825128391;6.69981530419308;60.3513999875386;7.20479699648221;7.0672386644125;2.40333378285945;2.32136814590885
2016;12;29;10;2.50343626015649;6.38224178493401;61.1965656306825;7.82988719737941;7.77380038913365;2.95446799916458;2.52974397981044
2016;12;29;11;2.16846087290744;5.97330761303462;64.7071735750834;7.53174702846209;7.47311402125359;1.78938337985205;2.48150830802228
2016;12;29;12;1.61009768778509;5.1990771656796;66.7579865570068;7.35402034740448;7.26139698164463;2.75754979211882;2.34072040216237
2016;12;29;13;0.0579711280100181;3.28779841747889;72.7111603190104;5.36180500319799;5.36404802801609;1.8295558954813;2.10381281072403
2016;12;29;14;1.81311747374298;4.92199448933211;73.588913617452;5.16898831254641;5.18170800869465;1.81042922680405;2.02759918328433
2016;12;29;15;3.67639297551696;6.95355502721643;69.4640936024983;7.25593534900347;7.05981000483036;1.92857524191512;2.13735412053831
2016;12;29;16;5.24052515629483;8.59567595728454;66.4306669158935;9.24580333013535;8.90059984975656;2.28121723308023;2.18821812177519
2016;12;29;17;5.91739202119876;8.91978560093242;63.3475870056152;11.1510366043155;10.2759991623668;2.32328988782233;1.95815104284931
2016;12;29;18;6.15044440531181;9.58112390317559;62.078813293457;12.0557289354006;11.6384011402607;2.30763491948164;2.23747768506074
2016;12;29;19;3.42609928432154;6.35350583392205;66.4117201894124;8.85396634004911;8.75996167632739;1.83282661297583;1.90924475279908
2016;12;29;20;2.59809006465568;5.63884214394361;65.1762663675943;9.72952164587974;9.54132230628331;1.56029287468485;1.98316832786196
2016;12;29;21;3.46814153515192;6.69714586449528;62.6096470629374;11.2960313896179;11.0996539761702;1.57372171801771;2.10594581521505
2016;12;29;22;3.99064414605235;7.14995679955783;60.1286134554545;13.1438855956713;12.8187150354226;1.75273412493015;2.06049313751116
2016;12;29;23;4.0911036652585;7.16812029833703;58.7105531489054;13.2121259558678;12.9482101550738;1.57686062413577;2.00681994845655
2016;12;30;0;3.52295888839317;6.73084772092887;59.0359133059183;12.7313620193416;12.4215491345997;1.47169465133493;2.09217435887658
2016;12;30;1;3.15139138871258;6.19541958415672;59.9237935028076;11.9176427554438;11.7108535802809;1.68427432647451;1.98530499985295
2016;12;30;2;2.63253221475771;6.13195339309389;60.0798584922154;11.537691039776;11.5376191964149;1.66995704385669;2.28231077896716
2016;12;30;3;3.50503745828286;6.92426325591427;55.6335165389378;16.9425416506767;16.9610408268929;1.98994900658656;2.23000762010793
2016;12;30;4;4.55753894561637;8.16509256069842;54.4949200274149;18.3209292860031;18.3527339021047;2.50059340204669;2.35283439226324
2016;12;30;5;6.44009468730738;9.96639595459288;47.2419400049845;23.0100630498886;22.9308187594096;1.64580203844641;2.29984188300472
2016;12;30;6;10.1948223613541;13.8433003331927;42.3540265744527;24.8817259398778;24.5019816215833;4.39729731856208;2.37952512075453
2016;12;30;7;8.54726398375391;12.4334728561852;41.9786866442362;24.0812853410085;23.3529019961357;2.67605798832557;2.53457241836916
2016;12;30;8;10.5050426540301;14.3726798165378;41.4671264623006;23.3955286167781;22.812635329469;4.31364242227768;2.52246001132172
2016;12;30;9;7.47990866835457;11.4158293558639;45.4638933283487;18.9506853729884;18.6497118507226;3.58460341324205;2.56699429776365
2016;12;30;10;7.09789782592086;12.0917388445859;47.8449665171305;17.1331786487579;16.864130433019;4.79121775975745;3.25696639658748
2016;12;30;11;6.49256006229918;11.8170477801957;47.0047800598144;24.0335003506025;23.493202567625;3.86524714455307;3.47261306705905
2016;12;30;12;7.84633527139742;13.5140899665755;48.7292533607482;29.8510307203929;29.2397825391451;3.20332554180613;3.69649064063131
2016;12;30;13;6.158111569808;11.0673136735552;56.6074734255472;24.7283111061732;24.1501329523404;3.13754643482645;3.20176517958826
2016;12;30;14;5.87559302275538;9.88642793765947;61.3072267239888;23.3465701087316;22.7991286756833;3.19081809879055;2.61585310611161
2016;12;30;15;5.55815333615682;9.56513438832229;63.0480332959493;21.340941364034;20.8887794832547;2.82069346036322;2.61333962973345
2016;12;30;16;5.06981108812369;8.42139686365925;64.2259934654235;20.1246873486837;19.6758807496071;2.6224316336844;2.18589302410714
2016;12;30;17;4.97735199253383;8.05427208488329;65.877619740804;20.2283053538005;19.8040253487905;2.5253174946463;2.0067569849162
2016;12;30;18;6.09863154657936;10.3245541660622;64.269767115275;23.4300679091771;22.9710009819667;2.74508404766151;2.75613258707904
2016;12;30;19;4.71884769302544;7.62226132860747;65.8851328099568;19.1408193755468;18.6882058301131;2.6345426626366;1.89359665458723
2016;12;30;20;6.14998424456602;9.45344729029339;61.4078401171366;25.0208892923991;24.556514909331;2.49893560293012;2.15450754080651
2016;12;30;21;24.1072185556186;28.005563942285;38.1031135177612;42.5702240281423;38.02164852705;5.7935779133977;2.54248781232897
2016;12;30;22;20.5313723060507;24.4542387806372;41.1104063351948;39.5944760358175;36.022661802419;5.63247409948465;2.55848038379151
2016;12;30;23;14.6875299516634;18.2953763836962;45.5909666417439;34.6067280754725;32.2126000322024;3.32430421608652;2.35302536649836
2016;12;31;0;13.1111833989112;16.6401724393465;44.3172931289672;34.8379403282165;33.1175465764999;3.20302325247455;2.30159483965623
2016;12;31;1;14.3451824913408;18.5364482638181;43.5770667788187;34.5007626513163;33.3387183784167;4.51268007358838;2.73352950746823
2016;12;31;2;11.0961423017865;14.6036952141609;42.2879582866032;30.3900789194107;29.5700206589381;1.71211838249806;2.28761426868771
2016;12;31;3;10.3892755187995;14.095866732655;42.0021251090367;29.6261896909714;28.9081940115929;2.38664740326187;2.41742638267668
2016;12;31;4;11.1765163106292;14.9251510529928;40.6756134554545;31.792107472229;30.9988571769714;2.84275585306798;2.44484703123815
2016;12;31;5;14.443439228633;18.6701161789692;35.6740200710296;32.7751373486837;32.1605992702166;4.21018010754601;2.75662455913663
2016;12;31;6;8.67293895868271;12.3840325723885;42.6045799102783;27.0798360422134;26.7167373900096;1.80657864305099;2.42036283278828
2016;12;31;7;8.2238572321822;11.9563151346438;39.0321532236735;26.2542453474045;25.9125842697144;2.24702458892388;2.43429655040249
2016;12;31;8;8.78120648244848;12.6352880079099;38.2311666043599;26.9004326001485;26.0643654969215;3.45198910035855;2.51361907021465
2016;12;31;9;8.4414134807735;13.3667678678157;37.988779935201;25.6987657267888;24.6802697091738;2.37863482633041;3.21229964468704
2016;12;31;10;6.71268177588569;11.6962633315507;40.0794465395609;25.6602024382273;25.0488329389572;2.47487945051552;3.25027520916021
2016;12;31;11;6.91811473973582;12.3105176246737;43.4124266866048;28.0917042860031;27.5050201357524;2.87057816556443;3.51690711167234
2016;12;31;12;11.4560981144214;19.6729641695799;41.8734996261596;55.1663503197988;53.2630777903239;2.4471432428142;5.35901253702024
2016;12;31;13;10.3815344797823;15.9027158562583;50.6752069333394;46.4121378260295;45.1504671254476;2.3674749791286;3.60089601279581
2016;12;31;14;10.5113407522643;17.9105849050655;55.2707534853617;41.5591939769745;40.4206011375427;2.21752959306986;4.82576226911249
2016;12;31;15;7.82595412628775;11.8265204472339;63.7588600323995;34.5963325042089;33.6326572091738;2.23991705732889;2.60915596350409
2016;12;31;16;5.17157336544368;8.23411927688852;68.9956538467407;25.4749306564331;24.9833255231857;1.85183226578338;1.99738219224462
2016;12;31;17;4.39755251497339;7.51580613608764;71.4469597956339;25.5988362808863;25.1340935983976;1.93375292235858;2.03371457402169
2016;12;31;18;4.27222749928447;7.42200216482358;71.4587201894124;28.4914215579351;28.0280656980832;1.96912078611179;2.05427249368581
2016;12;31;19;4.73945713026104;7.84815697516419;70.3398868560791;34.1897408375422;33.374004740874;2.09222548656723;2.02748363315598
2016;12;31;20;4.68028187969591;8.03865371817282;69.6431069208781;32.6492195822398;31.870543791612;2.04075330096217;2.19031887164263
2016;12;31;21;5.04955005083032;8.35106578840486;67.968286781311;34.0349845758438;33.5077205167452;2.00808141500871;2.15323751294741
2016;12;31;22;5.36495645925151;8.770258558438;66.4143335825602;40.7030880818685;39.8389705811501;2.14193150364924;2.22092663058868
2016;12;31;23;9.29464811739993;13.0429742402213;56.2056736373901;44.0285886871338;42.179844483757;4.33673579180472;2.4446457506058
